protein	site	PSMs_001_Stu1-3FLAG_DMSO.csv	PSMs_002_Stu1-3FLAG_Cdc200-AID.csv	PSMs_003_Stu1-3FLAG_Benomyl.csv	PSMs_004_Stu1FLAG_Bub1V5_double_step_IP.csv	PSMs_005_Stu1_TOG1del_cutout_1.csv	PSMs_006_Stu1_TOG1del_cutout_2.csv	PSMs_007_Dsn1-flag.csv	PSMs_008_Dsn1-flag_mps1-1.csv	PSMs_009_Dsn1-flag_pgal-mps1.csv	PSMs_010_Dsn1-flag_ndc80.csv	PSMs_011_Dsn1-flag_ndc80-2a.csv	PSMs_012_Dsn1-flag_ndc80-2d.csv	PSMs_013_Dsn1-flag_ndc80_cdc15-2.csv	PSMs_014_Dsn1-flag_ndc80-2a_cdc15-2.csv	PSMs_015_Dsn1-flag_ndc80-2d_cdc15-2.csv	PSMs_016_Dsn1-flag.csv	PSMs_017_Dsn1-flag_mps1-1.csv	PSMs_018_ndc80-flag.csv	PSMs_019_ndc80-3flag.csv	PSMs_020_ndc80-flag_pgal-mps1.csv	PSMs_021_ndc80-3flag_pgal-mps1.csv	PSMs_022_dad1-flag.csv	PSMs_023_dad1-flag.csv	PSMs_024_dad1-flag_pgal-mps1.csv	PSMs_025_Nitobe_SCX1_Mtw1-3FLAG.csv	PSMs_025_Nitobe_SCX2_Mtw1-3FLAG.csv	PSMs_025_Nitobe_SCX3_Mtw1-3FLAG.csv	PSMs_025_Nitobe_SCX4_Mtw1-3FLAG.csv	PSMs_025_Nitobe_SCX5_Mtw1-3FLAG.csv	
CDC14	0	0	0	0	0	0	0	0	0	0	0	0	0	0	0	0	0	0	0	0	0	0	0	0	0	0	0	0	0	0	
CDC14	1	0	0	0	0	0	0	0	0	0	0	0	0	0	0	0	0	0	0	0	0	0	0	0	0	0	0	0	0	0	
CDC14	2	0	0	0	0	0	0	0	0	0	0	0	0	0	0	0	0	0	0	0	0	0	0	0	0	0	0	0	0	0	
CDC14	3	0	0	0	0	0	0	0	0	0	0	0	0	0	0	0	0	0	0	0	0	0	0	0	0	0	0	0	0	0	
CDC14	4	0	0	0	0	0	0	0	0	0	0	0	0	0	0	0	0	0	2	9	0	2	0	0	0	2	0	0	0	0	
CDC14	5	0	0	0	0	0	0	0	0	0	0	0	0	0	0	0	0	0	2	9	0	2	0	0	0	2	0	0	0	0	
CDC14	6	0	0	0	0	0	0	0	0	0	0	0	0	0	0	0	0	0	2	9	0	2	0	0	0	2	0	0	0	0	
CDC14	7	0	0	0	0	0	0	0	0	0	0	0	0	0	0	0	0	0	2	9	0	2	0	0	0	2	0	0	0	0	
CDC14	8	0	0	0	0	0	0	0	0	0	0	0	0	0	0	0	0	0	2	9	0	2	0	0	0	2	0	0	0	0	
CDC14	9	0	0	0	0	0	0	0	0	0	0	0	0	0	0	0	0	0	2	9	0	2	0	0	0	2	0	0	0	0	
CDC14	10	0	0	0	0	0	0	0	0	0	0	0	0	0	0	0	0	0	2	9	0	2	0	0	0	2	0	0	0	0	
CDC14	11	0	0	0	0	0	0	0	0	0	0	0	0	0	0	0	0	0	2	9	0	2	0	0	0	2	0	0	0	0	
CDC14	12	0	0	0	0	0	0	0	0	0	0	0	0	0	0	0	0	0	2	9	0	2	0	0	0	2	0	0	0	0	
CDC14	13	0	0	0	0	0	0	0	0	0	0	0	0	0	0	0	0	0	2	9	0	2	0	0	0	2	0	0	0	0	
CDC14	14	0	0	0	0	0	0	0	0	0	0	0	0	0	0	0	0	0	2	9	0	2	0	0	0	2	0	0	0	0	
CDC14	15	0	0	0	0	0	0	0	0	0	0	0	0	0	0	0	0	0	2	9	0	2	0	0	0	2	0	0	0	0	
CDC14	16	0	0	0	0	0	0	0	0	0	0	0	0	0	0	0	0	0	0	0	0	0	0	0	0	0	0	0	0	0	
CDC14	17	0	0	0	0	0	0	0	0	0	0	0	0	0	0	0	0	0	0	0	0	0	0	0	0	0	0	0	0	0	
CDC14	18	0	0	0	0	0	0	0	0	0	0	0	0	0	0	0	0	0	0	0	0	0	0	0	0	0	0	0	0	0	
CDC14	19	0	0	0	0	0	0	0	0	0	0	0	0	0	0	0	0	0	0	0	0	0	0	0	0	0	0	0	0	0	
CDC14	20	0	0	0	0	0	0	0	0	0	0	0	0	0	0	0	0	0	0	0	0	0	0	0	0	0	0	0	0	0	
CDC14	21	0	0	0	0	0	0	0	0	0	0	0	0	0	0	0	0	0	0	0	0	0	0	0	0	0	0	0	0	0	
CDC14	22	0	0	0	0	0	0	0	0	0	0	0	0	0	0	0	0	0	0	0	0	0	0	0	0	0	0	0	0	0	
CDC14	23	0	0	0	0	0	0	0	0	0	0	0	0	0	0	0	0	0	0	0	0	0	0	0	0	0	0	0	0	0	
CDC14	24	0	0	0	0	0	0	0	0	0	0	0	0	0	0	0	0	0	0	0	0	0	0	0	0	0	0	0	0	0	
CDC14	25	0	0	0	0	0	0	0	0	0	0	0	0	0	0	0	0	0	0	0	0	0	0	0	0	0	0	0	0	0	
CDC14	26	0	0	0	0	0	0	0	0	0	0	0	0	0	0	0	0	0	0	0	0	0	0	0	0	0	0	0	0	0	
CDC14	27	0	0	0	0	0	0	0	0	0	0	0	0	0	0	0	0	0	0	0	0	0	0	0	0	0	0	0	0	0	
CDC14	28	0	0	0	0	0	0	0	0	0	0	0	0	0	0	0	0	0	0	0	0	0	0	0	0	0	0	0	0	0	
CDC14	29	0	0	0	0	0	0	0	0	0	0	0	0	0	0	0	0	0	0	0	0	0	0	0	0	0	0	0	0	0	
CDC14	30	0	0	0	0	0	0	0	0	0	0	0	0	0	0	0	0	0	0	0	0	0	0	0	0	0	0	0	0	0	
CDC14	31	0	0	0	0	0	0	0	0	0	0	0	0	0	0	0	0	0	0	0	0	0	0	0	0	0	0	0	0	0	
CDC14	32	0	0	0	0	0	0	0	0	0	0	0	0	0	0	0	0	0	0	0	0	0	0	0	0	0	0	0	0	0	
CDC14	33	0	0	0	0	0	0	0	0	0	0	0	0	0	0	0	0	0	0	0	0	0	0	0	0	0	0	0	0	0	
CDC14	34	0	0	0	0	0	0	0	0	0	0	0	0	0	0	0	0	0	0	0	0	0	0	0	0	0	0	0	0	0	
CDC14	35	0	0	0	0	0	0	0	0	0	0	0	0	0	0	0	0	0	0	0	0	0	0	0	0	0	0	0	0	0	
CDC14	36	0	0	0	0	0	0	0	0	0	0	0	0	0	0	0	0	0	0	0	0	0	0	0	0	0	0	0	0	0	
CDC14	37	0	0	0	0	0	0	0	0	0	0	0	0	0	0	0	0	0	0	0	0	0	0	0	0	0	0	0	0	0	
CDC14	38	0	0	0	0	0	0	0	0	0	0	0	0	0	0	0	0	0	0	0	0	0	0	0	0	0	0	0	0	0	
CDC14	39	0	0	0	0	0	0	0	0	0	0	0	0	0	0	0	0	0	0	0	0	0	0	0	0	0	0	0	0	0	
CDC14	40	0	0	0	0	0	0	0	0	0	0	0	0	0	0	0	0	0	0	0	0	0	0	0	0	0	0	0	0	0	
CDC14	41	0	0	0	0	0	0	0	0	0	0	0	0	0	0	0	0	0	0	0	0	0	0	0	0	0	0	0	0	0	
CDC14	42	0	0	0	0	0	0	0	0	0	0	0	0	0	0	0	0	0	0	0	0	0	0	0	0	0	0	0	0	0	
CDC14	43	0	0	0	0	0	0	0	0	0	0	0	0	0	0	0	0	0	0	0	0	0	0	0	0	0	0	0	0	0	
CDC14	44	0	0	0	0	0	0	0	0	0	0	0	0	0	0	0	0	0	0	0	0	0	0	0	0	0	0	0	0	0	
CDC14	45	0	0	0	0	0	0	0	0	0	0	0	0	0	0	0	0	0	0	0	0	0	0	0	0	0	0	0	0	0	
CDC14	46	0	0	0	0	0	0	0	0	0	0	0	0	0	0	0	0	0	0	0	0	0	0	0	0	0	0	0	0	0	
CDC14	47	0	0	0	0	0	0	0	0	0	0	0	0	0	0	0	0	0	0	0	0	0	0	0	0	0	0	0	0	0	
CDC14	48	0	0	0	0	0	0	0	0	0	0	0	0	0	0	0	0	0	0	0	0	0	0	0	0	0	0	0	0	0	
CDC14	49	0	0	0	0	0	0	0	0	0	0	0	0	0	0	0	0	0	0	0	0	0	0	0	0	0	0	0	0	0	
CDC14	50	0	0	0	0	0	0	0	0	0	0	0	0	0	0	0	0	0	0	0	0	0	0	0	0	0	0	0	0	0	
CDC14	51	0	0	0	0	0	0	0	0	0	0	0	0	0	0	0	0	0	0	0	0	0	0	0	0	0	0	0	0	0	
CDC14	52	0	0	0	0	0	0	0	0	0	0	0	0	0	0	0	0	0	0	0	0	0	0	0	0	0	0	0	0	0	
CDC14	53	0	0	0	0	0	0	0	0	0	0	0	0	0	0	0	0	0	0	0	0	0	0	0	0	0	0	0	0	0	
CDC14	54	0	0	0	0	0	0	0	0	0	0	0	0	0	0	0	0	0	0	0	0	0	0	0	0	0	0	0	0	0	
CDC14	55	0	0	0	0	0	0	0	0	0	0	0	0	0	0	0	0	0	0	0	0	0	0	0	0	0	0	0	0	0	
CDC14	56	0	0	0	0	0	0	0	0	0	0	0	0	0	0	0	0	0	0	0	0	0	0	0	0	0	0	0	0	0	
CDC14	57	0	0	0	0	0	0	0	0	0	0	0	0	0	0	0	0	0	0	0	0	0	0	0	0	0	0	0	0	0	
CDC14	58	0	0	0	0	0	0	0	0	0	0	0	0	0	0	0	0	0	0	0	0	0	0	0	0	0	0	0	0	0	
CDC14	59	0	0	0	0	0	0	0	0	0	0	0	0	0	0	0	0	0	0	0	0	0	0	0	0	0	0	0	0	0	
CDC14	60	0	0	0	0	0	0	0	0	0	0	0	0	0	0	0	0	0	0	0	0	0	0	0	0	0	0	0	0	0	
CDC14	61	0	0	0	0	0	0	0	0	0	0	0	0	0	0	0	0	0	0	0	0	0	0	0	0	0	0	0	0	0	
CDC14	62	0	0	0	0	0	0	0	0	0	0	0	0	0	0	0	0	0	0	8	0	0	0	0	0	4	3	4	2	4	
CDC14	63	0	0	0	0	0	0	0	0	0	0	0	0	0	0	0	0	0	0	8	0	0	0	0	0	4	3	4	2	4	
CDC14	64	0	0	0	0	0	0	0	0	0	0	0	0	0	0	0	0	0	0	8	0	0	0	0	0	4	3	4	2	4	
CDC14	65	0	0	0	0	0	0	0	0	0	0	0	0	0	0	0	0	0	0	8	0	0	0	0	0	4	3	4	2	4	
CDC14	66	0	0	0	0	0	0	0	0	0	0	0	0	0	0	0	0	0	0	8	0	0	0	0	0	4	3	4	2	4	
CDC14	67	0	0	0	0	0	0	0	0	0	0	0	0	0	0	0	0	0	0	8	0	0	0	0	0	4	3	4	2	4	
CDC14	68	0	0	0	0	0	0	0	0	0	0	0	0	0	0	0	0	0	0	8	0	0	0	0	0	4	3	4	2	4	
CDC14	69	0	0	0	0	0	0	0	0	0	0	0	0	0	0	0	0	0	0	8	0	0	0	0	0	4	3	4	2	4	
CDC14	70	0	0	0	0	0	0	0	0	0	0	0	0	0	0	0	0	0	0	8	0	0	0	0	0	4	3	4	2	4	
CDC14	71	0	0	0	0	0	0	0	0	0	0	0	0	0	0	0	0	0	0	8	0	0	0	0	0	4	3	4	2	4	
CDC14	72	0	0	0	0	0	0	0	0	0	0	0	0	0	0	0	0	0	0	8	0	0	0	0	0	4	3	4	2	4	
CDC14	73	0	0	0	0	0	0	0	0	0	0	0	0	0	0	0	0	0	0	8	0	0	0	0	0	4	3	4	2	4	
CDC14	74	0	0	0	0	0	0	0	0	0	0	0	0	0	0	0	0	0	0	8	0	0	0	0	0	4	3	4	2	4	
CDC14	75	0	0	0	0	0	0	0	0	0	0	0	0	0	0	0	0	0	0	8	0	0	0	0	0	4	3	4	2	4	
CDC14	76	0	0	0	0	0	0	0	0	0	0	0	0	0	0	0	0	0	0	8	0	0	0	0	0	4	3	4	2	4	
CDC14	77	0	0	0	0	0	0	0	0	0	0	0	0	0	0	0	0	0	0	8	0	0	0	0	0	4	3	4	2	4	
CDC14	78	0	0	0	0	0	0	0	0	0	0	0	0	0	0	0	0	0	0	8	0	0	0	0	0	4	3	4	2	4	
CDC14	79	0	0	0	0	0	0	0	0	0	0	0	0	0	0	0	0	0	0	0	0	0	0	0	0	0	0	0	0	0	
CDC14	80	0	0	0	0	0	0	0	0	0	0	0	0	0	0	0	0	0	0	0	0	0	0	0	0	0	0	0	0	0	
CDC14	81	0	0	0	0	0	0	0	0	0	0	0	0	0	0	0	0	0	0	0	0	0	0	0	0	0	0	0	0	0	
CDC14	82	0	0	0	0	0	0	0	0	0	0	0	0	0	0	0	0	0	0	0	0	0	0	0	0	0	0	0	0	0	
CDC14	83	0	0	0	0	0	0	0	0	0	0	0	0	0	0	0	0	0	0	0	0	0	0	0	0	0	0	0	0	0	
CDC14	84	0	0	0	0	0	0	0	0	0	0	0	0	0	0	0	0	0	0	0	0	0	0	0	0	0	0	0	0	0	
CDC14	85	0	0	0	0	0	0	0	0	0	0	0	0	0	0	0	0	0	0	0	0	0	0	0	0	0	0	0	0	0	
CDC14	86	0	0	0	0	0	0	0	0	0	0	0	0	0	0	0	0	0	0	0	0	0	0	0	0	0	0	0	0	0	
CDC14	87	0	0	0	0	0	0	0	0	0	0	0	0	0	0	0	0	0	0	0	0	0	0	0	0	0	0	0	0	0	
CDC14	88	0	0	0	0	0	0	0	0	0	0	0	0	0	0	0	0	0	0	0	0	0	0	0	0	0	0	0	0	0	
CDC14	89	0	0	0	0	0	0	0	0	0	0	0	0	0	0	0	0	0	0	0	0	0	0	0	0	0	0	0	0	0	
CDC14	90	0	0	0	0	0	0	0	0	0	0	0	0	0	0	0	0	0	0	0	0	0	0	0	0	0	0	0	0	0	
CDC14	91	0	0	0	0	0	0	0	0	0	0	0	0	0	0	0	0	0	0	0	0	0	0	0	0	0	0	0	0	0	
CDC14	92	0	0	0	0	0	0	0	0	0	0	0	0	0	0	0	0	0	0	0	0	0	0	0	0	0	0	0	0	0	
CDC14	93	0	0	0	0	0	0	0	0	0	0	0	0	0	0	0	0	0	0	0	0	0	0	0	0	0	0	0	0	0	
CDC14	94	0	0	0	0	0	0	0	0	0	0	0	0	0	0	0	0	0	0	0	0	0	0	0	0	0	0	0	0	0	
CDC14	95	0	0	0	0	0	0	0	0	0	0	0	0	0	0	0	0	0	0	0	0	0	0	0	0	0	0	0	0	0	
CDC14	96	0	0	0	0	0	0	0	0	0	0	0	0	0	0	0	0	0	0	0	0	0	0	0	0	0	0	0	0	0	
CDC14	97	0	0	0	0	0	0	0	0	0	0	0	0	0	0	0	0	0	0	0	0	0	0	0	0	0	0	0	0	0	
CDC14	98	0	0	0	0	0	0	0	0	0	0	0	0	0	0	0	0	0	0	0	0	0	0	0	0	0	0	0	0	0	
CDC14	99	0	0	0	0	0	0	0	0	0	0	0	0	0	0	0	0	0	0	0	0	0	0	0	0	0	0	0	0	0	
CDC14	100	0	0	0	0	0	0	0	0	0	0	0	0	0	0	0	0	0	0	0	0	0	0	0	0	0	0	0	0	0	
CDC14	101	0	0	0	0	0	0	0	0	0	0	0	0	0	0	0	0	0	0	0	0	0	0	0	0	0	0	0	0	0	
CDC14	102	0	0	0	0	0	0	0	0	0	0	0	0	0	0	0	0	0	0	0	0	0	0	0	0	0	0	0	0	0	
CDC14	103	0	0	0	0	0	0	0	0	0	0	0	0	0	0	0	0	0	0	0	0	0	0	0	0	0	0	0	0	0	
CDC14	104	0	0	0	0	0	0	0	0	0	0	0	0	0	0	0	0	0	0	0	0	0	0	0	0	0	0	0	0	0	
CDC14	105	0	0	0	0	0	0	0	0	0	0	0	0	0	0	0	0	0	0	0	0	0	0	0	0	0	0	0	0	0	
CDC14	106	0	0	0	0	0	0	0	0	0	0	0	0	0	0	0	0	0	0	0	0	0	0	0	0	0	0	0	0	0	
CDC14	107	0	0	0	0	0	0	0	0	0	0	0	0	0	0	0	0	0	0	0	0	0	0	0	0	0	0	0	0	0	
CDC14	108	0	0	0	0	0	0	0	0	0	0	0	0	0	0	0	0	0	0	0	0	0	0	0	0	0	0	0	0	0	
CDC14	109	0	0	0	0	0	0	0	0	0	0	0	0	0	0	0	0	0	0	0	0	0	0	0	0	0	0	0	0	0	
CDC14	110	0	0	0	0	0	0	0	0	0	0	0	0	0	0	0	0	0	0	0	0	0	0	0	0	0	0	0	0	0	
CDC14	111	0	0	0	0	0	0	0	0	0	0	0	0	0	0	0	0	0	0	0	0	0	0	0	0	0	0	0	0	0	
CDC14	112	0	0	0	0	0	0	0	0	0	0	0	0	0	0	0	0	0	0	0	0	0	0	0	0	0	0	0	0	0	
CDC14	113	0	0	0	0	0	0	0	0	0	0	0	0	0	0	0	0	0	0	0	0	0	0	0	0	0	0	0	0	0	
CDC14	114	0	0	0	0	0	0	0	0	0	0	0	0	0	0	0	0	0	0	0	0	0	0	0	0	0	0	0	0	0	
CDC14	115	0	0	0	0	0	0	0	0	0	0	0	0	0	0	0	0	0	0	0	0	0	0	0	0	0	0	0	0	0	
CDC14	116	0	0	0	0	0	0	0	0	0	0	0	0	0	0	0	0	0	0	0	0	0	0	0	0	0	0	0	0	0	
CDC14	117	0	0	0	0	0	0	0	0	0	0	0	0	0	0	0	0	0	0	0	0	0	0	0	0	0	0	0	0	0	
CDC14	118	0	0	0	0	0	0	0	0	0	0	0	0	0	0	0	0	0	0	0	0	0	0	0	0	0	0	0	0	0	
CDC14	119	0	0	0	0	0	0	0	0	0	0	0	0	0	0	0	0	0	0	0	0	0	0	0	0	0	0	0	0	0	
CDC14	120	0	0	0	0	0	0	0	0	0	0	0	0	0	0	0	0	0	0	0	0	0	0	0	0	0	0	0	0	0	
CDC14	121	0	0	0	0	0	0	0	0	0	0	0	0	0	0	0	0	0	0	0	0	0	0	0	0	0	0	0	0	0	
CDC14	122	0	0	0	0	0	0	0	0	0	0	0	0	0	0	0	0	0	0	0	0	0	0	0	0	0	0	0	0	0	
CDC14	123	0	0	0	0	0	0	0	0	0	0	0	0	0	0	0	0	0	0	0	0	0	0	0	0	0	0	0	0	0	
CDC14	124	0	0	0	0	0	0	0	0	0	0	0	0	0	0	0	0	0	0	0	0	0	0	0	0	0	0	0	0	0	
CDC14	125	0	0	0	0	0	0	0	0	0	0	0	0	0	0	0	0	0	0	0	0	0	0	0	0	0	0	0	0	0	
CDC14	126	0	0	0	0	0	0	0	0	0	0	0	0	0	0	0	0	0	0	0	0	0	0	0	0	0	0	0	0	0	
CDC14	127	0	0	0	0	0	0	0	0	0	0	0	0	0	0	0	0	0	0	0	0	0	0	0	0	0	0	0	0	0	
CDC14	128	0	0	0	0	0	0	0	0	0	0	0	0	0	0	0	0	0	0	0	0	0	0	0	0	0	0	0	0	0	
CDC14	129	0	0	0	0	0	0	0	0	0	0	0	0	0	0	0	0	0	0	0	0	0	0	0	0	0	0	0	0	0	
CDC14	130	0	0	0	0	0	0	0	0	0	0	0	0	0	0	0	0	0	0	0	0	0	0	0	0	0	0	0	0	0	
CDC14	131	0	0	0	0	0	0	0	0	0	0	0	0	0	0	0	0	0	0	0	0	0	0	0	0	0	0	0	0	0	
CDC14	132	0	0	0	0	0	0	0	0	0	0	0	0	0	0	0	0	0	0	0	0	0	0	0	0	0	0	0	0	0	
CDC14	133	0	0	0	0	0	0	0	0	0	0	0	0	0	0	0	0	0	0	0	0	0	0	0	0	0	0	0	0	0	
CDC14	134	0	0	0	0	0	0	0	0	0	0	0	0	0	0	0	0	0	0	0	0	0	0	0	0	0	0	0	0	0	
CDC14	135	0	0	0	0	0	0	0	0	0	0	0	0	0	0	0	0	0	0	0	0	0	0	0	0	0	0	0	0	0	
CDC14	136	0	0	0	0	0	0	0	0	0	0	0	0	0	0	0	0	0	0	0	0	0	0	0	0	0	0	0	0	0	
CDC14	137	0	0	0	0	0	0	0	0	0	0	0	0	0	0	0	0	0	0	0	0	0	0	0	0	0	0	0	0	0	
CDC14	138	0	0	0	0	0	0	0	0	0	0	0	0	0	0	0	0	0	0	0	0	0	0	0	0	0	0	0	0	0	
CDC14	139	0	0	0	0	0	0	0	0	0	0	0	0	0	0	0	0	0	0	0	0	0	0	0	0	0	0	0	0	0	
CDC14	140	0	0	0	0	0	0	0	0	0	0	0	0	0	0	0	0	0	0	0	0	0	0	0	0	0	0	0	0	0	
CDC14	141	0	0	0	0	0	0	0	0	0	0	0	0	0	0	0	0	0	0	0	0	0	0	0	0	0	0	0	0	0	
CDC14	142	0	0	0	0	0	0	0	0	0	0	0	0	0	0	0	0	0	0	0	0	0	0	0	0	0	0	0	0	0	
CDC14	143	0	0	0	0	0	0	0	0	0	0	0	0	0	0	0	0	0	0	0	0	0	0	0	0	0	0	0	0	0	
CDC14	144	0	0	0	0	0	0	0	0	0	0	0	0	0	0	0	0	0	0	0	0	0	0	0	0	0	0	0	0	0	
CDC14	145	0	0	0	0	0	0	0	0	0	0	0	0	0	0	0	0	0	0	0	0	0	0	0	0	0	0	0	0	0	
CDC14	146	0	0	0	0	0	0	0	0	0	0	0	0	0	0	0	0	0	0	0	0	0	0	0	0	0	0	0	0	0	
CDC14	147	0	0	0	0	0	0	0	0	0	0	0	0	0	0	0	0	0	0	0	0	0	0	0	0	0	0	0	0	0	
CDC14	148	0	0	0	0	0	0	0	0	0	0	0	0	0	0	0	0	0	0	0	0	0	0	0	0	0	0	0	0	0	
CDC14	149	0	0	0	0	0	0	0	0	0	0	0	0	0	0	0	0	0	0	0	0	0	0	0	0	0	0	0	0	0	
CDC14	150	0	0	0	0	0	0	0	0	0	0	0	0	0	0	0	0	0	0	0	0	0	0	0	0	0	0	0	0	0	
CDC14	151	0	0	0	0	0	0	0	0	0	0	0	0	0	0	0	0	0	0	0	0	0	0	0	0	0	0	0	0	0	
CDC14	152	0	0	0	0	0	0	0	0	0	0	0	0	0	0	0	0	0	0	0	0	0	0	0	0	0	0	0	0	0	
CDC14	153	0	0	0	0	0	0	0	0	0	0	0	0	2	0	3	2	0	0	0	0	0	0	0	0	0	0	0	0	0	
CDC14	154	0	0	0	0	0	0	0	0	0	0	0	0	2	0	3	2	0	0	0	0	0	0	0	0	0	0	0	0	0	
CDC14	155	0	0	0	0	0	0	0	2	0	0	0	0	4	2	5	2	0	0	2	0	0	0	0	0	2	0	0	0	0	
CDC14	156	0	0	0	0	0	0	0	2	0	0	0	0	4	2	5	2	0	0	2	0	0	0	0	0	2	0	0	0	0	
CDC14	157	0	0	0	0	0	0	0	2	0	0	0	0	4	2	5	2	0	0	2	0	0	0	0	0	2	0	0	0	0	
CDC14	158	0	0	0	0	0	0	0	2	0	0	0	0	4	2	5	2	0	0	2	0	0	0	0	0	2	0	0	0	0	
CDC14	159	0	0	0	0	0	0	0	2	0	0	0	0	4	2	5	2	0	0	2	0	0	0	0	0	2	0	0	0	0	
CDC14	160	0	0	0	0	0	0	0	2	0	0	0	0	4	2	5	2	0	0	2	0	0	0	0	0	2	0	0	0	0	
CDC14	161	0	0	0	0	0	0	0	2	0	0	0	0	4	2	5	2	0	0	2	0	0	0	0	0	2	0	0	0	0	
CDC14	162	0	0	0	0	0	0	0	2	0	0	0	0	4	2	5	2	0	0	2	0	0	0	0	0	2	0	0	0	0	
CDC14	163	0	0	0	0	0	0	0	2	0	0	0	0	4	2	5	2	0	0	2	0	0	0	0	0	2	0	0	0	0	
CDC14	164	0	0	0	0	0	0	0	2	0	0	0	0	4	2	5	2	0	0	2	0	0	0	0	0	2	0	0	0	0	
CDC14	165	0	0	0	0	0	0	0	2	0	0	0	0	4	2	5	2	0	0	2	0	0	0	0	0	2	0	0	0	0	
CDC14	166	0	0	0	0	0	0	0	2	0	0	0	0	4	2	5	2	0	0	2	0	0	0	0	0	2	0	0	0	0	
CDC14	167	0	0	0	0	0	0	0	2	0	0	0	0	4	2	5	2	0	0	2	0	0	0	0	0	2	0	0	0	0	
CDC14	168	0	0	0	0	0	0	0	2	0	0	0	0	4	2	5	2	0	0	2	0	0	0	0	0	2	0	0	0	0	
CDC14	169	0	0	0	0	0	0	0	2	0	0	0	0	4	2	5	2	0	0	2	0	0	0	0	0	2	0	0	0	0	
CDC14	170	0	0	0	0	0	0	0	0	0	0	0	0	2	2	0	0	2	0	0	0	0	0	0	0	0	0	0	0	0	
CDC14	171	0	0	0	0	0	0	0	0	0	0	0	0	2	2	0	0	2	0	0	0	0	0	0	0	0	0	0	0	0	
CDC14	172	0	0	0	0	0	0	0	0	0	0	0	0	2	2	0	0	2	0	0	0	0	0	0	0	0	0	0	0	0	
CDC14	173	0	0	0	0	0	0	0	0	0	0	0	0	2	2	0	0	2	0	0	0	0	0	0	0	0	0	0	0	0	
CDC14	174	0	0	0	0	0	0	0	0	0	0	0	0	2	2	0	0	2	0	0	0	0	0	0	0	0	0	0	0	0	
CDC14	175	0	0	0	0	0	0	0	0	0	0	0	0	2	2	0	0	2	0	0	0	0	0	0	0	0	0	0	0	0	
CDC14	176	0	0	0	0	0	0	0	0	0	0	0	0	2	2	0	0	2	0	0	0	0	0	0	0	0	0	0	0	0	
CDC14	177	0	0	0	0	0	0	0	0	0	0	0	0	2	2	0	0	2	0	0	0	0	0	0	0	0	0	0	0	0	
CDC14	178	0	0	0	0	0	0	0	0	0	0	0	0	2	2	0	0	2	0	0	0	0	0	0	0	0	0	0	0	0	
CDC14	179	0	0	0	0	0	0	0	0	0	0	0	0	2	2	0	0	2	0	0	0	0	0	0	0	0	0	0	0	0	
CDC14	180	0	0	0	0	0	0	0	0	0	0	0	0	2	2	0	0	2	0	0	0	0	0	0	0	0	0	0	0	0	
CDC14	181	0	0	0	0	0	0	0	0	0	0	0	0	2	2	0	0	2	0	0	0	0	0	0	0	0	0	0	0	0	
CDC14	182	0	0	0	0	0	0	0	0	0	0	0	0	2	2	0	0	2	0	0	0	0	0	0	0	0	0	0	0	0	
CDC14	183	0	0	0	0	0	0	0	0	0	0	0	0	2	2	0	0	2	0	0	0	0	0	0	0	0	0	0	0	0	
CDC14	184	0	0	0	0	0	0	0	0	0	0	0	0	2	2	0	0	2	0	0	0	0	0	0	0	0	0	0	0	0	
CDC14	185	0	0	0	0	0	0	0	0	0	0	0	0	2	2	0	0	2	0	0	0	0	0	0	0	0	0	0	0	0	
CDC14	186	0	0	0	0	0	0	0	0	0	0	0	0	2	2	0	0	2	0	0	0	0	0	0	0	0	0	0	0	0	
CDC14	187	0	0	0	0	0	0	0	0	0	0	0	0	2	2	0	0	2	0	0	0	0	0	0	0	0	0	0	0	0	
CDC14	188	0	0	0	0	0	0	0	0	0	0	0	0	2	2	0	0	2	0	0	0	0	0	0	0	0	0	0	0	0	
CDC14	189	0	0	0	0	0	0	0	0	0	0	0	0	2	2	0	0	2	0	0	0	0	0	0	0	0	0	0	0	0	
CDC14	190	0	0	0	0	0	0	0	0	0	0	0	0	2	2	0	0	2	0	0	0	0	0	0	0	0	0	0	0	0	
CDC14	191	0	0	0	0	0	0	0	0	0	0	0	0	2	2	0	0	2	0	0	0	0	0	0	0	0	0	0	0	0	
CDC14	192	0	0	0	0	0	0	0	0	0	0	0	0	2	2	0	0	2	0	0	0	0	0	0	0	0	0	0	0	0	
CDC14	193	0	0	0	0	0	0	0	0	0	0	0	0	2	2	0	0	2	0	0	0	0	0	0	0	0	0	0	0	0	
CDC14	194	0	0	0	0	0	0	0	0	0	0	0	0	2	2	0	0	2	0	0	0	0	0	0	0	0	0	0	0	0	
CDC14	195	0	0	0	0	0	0	0	0	0	0	0	0	2	2	0	0	2	0	0	0	0	0	0	0	0	0	0	0	0	
CDC14	196	0	0	0	0	0	0	0	0	0	0	0	0	2	2	0	0	2	0	0	0	0	0	0	0	0	0	0	0	0	
CDC14	197	0	0	0	0	0	0	0	0	0	0	0	0	2	2	0	0	2	0	0	0	0	0	0	0	0	0	0	0	0	
CDC14	198	0	0	0	0	0	0	0	0	0	0	0	0	0	0	0	0	2	0	0	0	0	0	0	0	0	0	0	0	0	
CDC14	199	0	0	0	0	0	0	0	0	0	0	0	0	0	0	0	0	2	0	0	0	0	0	0	0	0	0	0	0	0	
CDC14	200	0	0	0	0	0	0	0	0	0	0	0	0	0	0	0	0	2	0	0	0	0	0	0	0	0	0	0	0	0	
CDC14	201	0	0	0	0	0	0	0	0	0	0	0	0	0	0	0	0	2	0	0	0	0	0	0	0	0	0	0	0	0	
CDC14	202	0	0	0	0	0	0	0	0	0	0	0	0	0	0	0	0	2	0	0	0	0	0	0	0	0	0	0	0	0	
CDC14	203	0	0	0	0	0	0	0	0	0	0	0	0	0	0	0	0	2	0	0	0	0	0	0	0	0	0	0	0	0	
CDC14	204	0	0	0	0	0	0	0	0	0	0	0	0	0	0	0	0	0	0	0	0	0	0	0	0	0	0	0	0	0	
CDC14	205	0	0	0	0	0	0	0	0	0	0	0	0	0	0	0	0	0	0	0	0	0	0	0	0	0	0	0	0	0	
CDC14	206	0	0	0	0	0	0	0	0	0	0	0	0	0	0	0	0	0	0	0	0	0	0	0	0	0	0	0	0	0	
CDC14	207	0	0	0	0	0	0	0	0	0	0	0	0	0	0	0	0	0	0	0	0	0	0	0	0	0	0	0	0	0	
CDC14	208	0	0	0	0	0	0	0	0	0	0	0	0	0	0	0	0	0	0	0	0	0	0	0	0	0	0	0	0	0	
CDC14	209	0	0	0	0	0	0	0	0	0	0	0	0	0	0	0	0	0	0	0	0	0	0	0	0	0	0	0	0	0	
CDC14	210	0	0	0	0	0	0	0	0	0	0	0	0	0	0	0	0	0	0	0	0	0	0	0	0	0	0	0	0	0	
CDC14	211	0	0	0	0	0	0	0	0	0	0	0	0	0	0	0	0	0	0	0	0	0	0	0	0	0	0	0	0	0	
CDC14	212	0	0	0	0	0	0	0	0	0	0	0	0	0	0	0	0	0	0	0	0	0	0	0	0	0	0	0	0	0	
CDC14	213	0	0	0	0	0	0	0	0	0	0	0	0	0	0	0	0	0	0	0	0	0	0	0	0	0	0	0	0	0	
CDC14	214	0	0	0	0	0	0	0	0	0	0	0	0	0	0	0	0	0	0	0	0	0	0	0	0	0	0	0	0	0	
CDC14	215	0	0	0	0	0	0	0	0	0	0	0	0	0	0	0	0	0	0	0	0	0	0	0	0	0	0	0	0	0	
CDC14	216	0	0	0	0	0	0	0	0	0	0	0	0	0	0	0	0	0	0	0	0	0	0	0	0	0	0	0	0	0	
CDC14	217	0	0	0	0	0	0	0	0	0	0	0	0	0	0	0	0	0	0	0	0	0	0	0	0	0	0	0	0	0	
CDC14	218	0	0	0	0	0	0	0	0	0	0	0	0	0	0	0	0	0	0	0	0	0	0	0	0	0	0	0	0	0	
CDC14	219	0	0	0	0	0	0	0	0	0	0	0	0	0	0	0	0	0	0	0	0	0	0	0	0	0	0	0	0	0	
CDC14	220	0	0	0	0	0	0	0	0	0	0	0	0	0	0	0	0	0	0	0	0	0	0	0	0	0	0	0	0	0	
CDC14	221	0	0	0	0	0	0	0	0	0	0	0	0	0	0	0	0	0	0	0	0	0	0	0	0	0	0	0	0	0	
CDC14	222	0	0	0	0	0	0	0	0	0	0	0	0	0	0	0	0	0	0	0	0	0	0	0	0	0	0	0	0	0	
CDC14	223	0	0	0	0	0	0	0	0	0	0	0	0	0	0	0	0	0	0	0	0	0	0	0	0	0	0	0	0	0	
CDC14	224	0	0	0	0	0	0	0	0	0	0	0	0	0	0	0	0	0	0	0	0	0	0	0	0	0	0	0	0	0	
CDC14	225	0	0	0	0	0	0	0	0	0	0	0	0	0	0	0	0	0	0	0	0	0	0	0	0	0	0	0	0	0	
CDC14	226	0	0	0	0	0	0	0	0	0	0	0	0	0	0	0	0	0	0	0	0	0	0	0	0	0	0	0	0	0	
CDC14	227	0	0	0	0	0	0	0	0	0	0	0	0	0	0	0	0	0	0	0	0	0	0	0	0	0	0	0	0	0	
CDC14	228	0	0	0	0	0	0	0	0	0	0	0	0	0	0	0	0	0	0	0	0	0	0	0	0	0	0	0	0	0	
CDC14	229	0	0	0	0	0	0	0	0	0	0	0	0	0	0	0	0	0	0	0	0	0	0	0	0	0	0	0	2	0	
CDC14	230	0	0	0	0	0	0	0	0	0	0	0	0	0	0	0	0	0	0	0	0	0	0	0	0	0	0	0	2	0	
CDC14	231	0	0	0	0	0	0	0	0	0	0	0	0	0	0	0	0	0	0	0	0	0	0	0	0	0	0	0	2	0	
CDC14	232	0	0	0	0	0	0	0	0	0	0	0	0	0	0	0	0	0	0	0	0	0	0	0	0	0	0	0	2	0	
CDC14	233	0	0	0	0	0	0	0	0	0	0	0	0	0	0	0	0	0	0	0	0	0	0	0	0	0	0	0	2	0	
CDC14	234	0	0	0	0	0	0	0	0	0	0	0	0	0	0	0	0	0	0	0	0	0	0	0	0	0	0	0	2	0	
CDC14	235	0	0	0	0	0	0	0	0	0	0	0	0	0	0	0	0	0	0	0	0	0	0	0	0	0	0	0	2	0	
CDC14	236	0	0	0	0	0	0	0	0	0	0	0	0	0	0	0	0	0	0	0	0	0	0	0	0	0	0	0	2	0	
CDC14	237	0	0	0	0	0	0	0	0	0	0	0	0	0	0	0	0	0	0	0	0	0	0	0	0	0	0	0	2	0	
CDC14	238	0	0	0	0	0	0	0	0	0	0	0	0	0	0	0	0	0	0	0	0	0	0	0	0	0	0	0	0	0	
CDC14	239	0	0	0	0	0	0	0	0	0	0	0	0	0	0	0	0	0	0	0	0	0	0	0	0	0	0	0	0	0	
CDC14	240	0	0	0	0	0	0	0	0	0	0	0	0	0	0	0	0	0	0	0	0	0	0	0	0	0	0	0	0	0	
CDC14	241	0	0	0	0	0	0	0	0	0	0	0	0	0	0	0	0	0	0	0	0	0	0	0	0	0	0	0	0	0	
CDC14	242	0	0	0	0	0	0	0	0	0	0	0	0	0	0	0	0	0	0	0	0	0	0	0	0	0	0	0	0	0	
CDC14	243	0	0	0	0	0	0	0	0	0	0	0	0	0	0	0	0	0	0	0	0	0	0	0	0	0	0	0	0	0	
CDC14	244	0	0	0	0	0	0	0	0	0	0	0	0	0	0	0	0	0	0	0	0	0	0	0	0	0	0	0	0	0	
CDC14	245	0	0	0	0	0	0	0	0	0	0	0	0	0	0	0	0	0	0	0	0	0	0	0	0	0	0	0	0	0	
CDC14	246	0	0	0	0	0	0	0	0	0	0	0	0	0	0	0	0	0	0	0	0	0	0	0	0	0	0	0	0	0	
CDC14	247	0	0	0	0	0	0	0	0	0	0	0	0	0	0	0	0	0	0	0	0	0	0	0	0	0	0	0	0	0	
CDC14	248	0	0	0	0	0	0	0	0	0	0	0	0	0	0	0	0	0	0	0	0	0	0	0	0	0	0	0	0	0	
CDC14	249	0	0	0	0	0	0	0	0	0	0	0	0	0	0	0	0	0	0	0	0	0	0	0	0	0	0	0	0	0	
CDC14	250	0	0	0	0	0	0	0	0	0	0	0	0	0	0	0	0	0	0	0	0	0	0	0	0	0	0	0	0	0	
CDC14	251	0	0	0	0	0	0	0	0	0	0	0	0	0	0	0	0	0	0	0	0	0	0	0	0	0	0	0	0	0	
CDC14	252	0	0	0	0	0	0	0	0	0	0	0	0	0	0	0	0	0	0	0	0	0	0	0	0	0	0	0	0	0	
CDC14	253	0	0	0	0	0	0	0	0	0	0	0	0	0	0	0	0	0	0	0	0	0	0	0	0	0	0	0	0	0	
CDC14	254	0	0	0	0	0	0	0	0	0	0	0	0	0	0	0	0	0	0	0	0	0	0	0	0	0	0	0	0	0	
CDC14	255	0	0	0	0	0	0	0	0	0	0	0	0	0	0	0	0	0	0	0	0	0	0	0	0	0	0	0	0	0	
CDC14	256	0	0	0	0	0	0	0	0	0	0	0	0	0	0	0	0	0	0	0	0	0	0	0	0	0	0	0	0	0	
CDC14	257	0	0	0	0	0	0	0	0	0	0	0	0	0	0	0	0	0	0	0	0	0	0	0	0	0	0	0	0	0	
CDC14	258	0	0	0	0	0	0	0	0	0	0	0	0	0	0	0	0	0	0	0	0	0	0	0	0	0	0	0	0	0	
CDC14	259	0	0	0	0	0	0	0	0	0	0	0	0	0	0	0	0	0	0	0	0	0	0	0	0	0	0	0	0	0	
CDC14	260	0	0	0	0	0	0	0	0	0	0	0	0	0	0	0	0	0	0	0	0	0	0	0	0	0	0	0	0	0	
CDC14	261	0	0	0	0	0	0	0	0	0	0	0	0	0	0	0	0	0	0	0	0	0	0	0	0	0	0	0	0	0	
CDC14	262	0	0	0	0	0	0	0	0	0	0	0	0	0	0	0	0	0	0	0	0	0	0	0	0	0	0	0	0	0	
CDC14	263	0	0	0	0	0	0	0	0	0	0	0	0	0	0	0	0	0	0	0	0	0	0	0	0	0	0	0	0	0	
CDC14	264	0	0	0	0	0	0	0	0	0	0	0	0	0	0	0	0	0	0	4	0	0	0	0	0	0	0	2	0	0	
CDC14	265	0	0	0	0	0	0	0	0	0	0	0	0	0	0	0	0	0	0	4	0	0	0	0	0	0	0	2	0	0	
CDC14	266	0	0	0	0	0	0	0	0	0	0	0	0	0	0	0	0	0	0	4	0	0	0	0	0	0	0	2	0	0	
CDC14	267	0	0	0	0	0	0	0	0	0	0	0	0	0	0	0	0	0	0	4	0	0	0	0	0	0	0	2	0	0	
CDC14	268	0	0	0	0	0	0	0	0	0	0	0	0	0	0	0	0	0	0	4	0	0	0	0	0	0	0	2	0	0	
CDC14	269	0	0	0	0	0	0	0	0	0	0	0	0	0	0	0	0	0	0	4	0	0	0	0	0	0	0	2	0	0	
CDC14	270	0	0	0	0	0	0	0	0	0	0	0	0	0	0	0	0	0	0	4	0	0	0	0	0	0	0	2	0	0	
CDC14	271	0	0	0	0	0	0	0	0	0	0	0	0	0	0	0	0	0	0	4	0	0	0	0	0	0	0	2	0	0	
CDC14	272	0	0	0	0	0	0	0	0	0	0	0	0	0	0	0	0	0	0	4	0	0	0	0	0	0	0	2	0	0	
CDC14	273	0	0	0	0	0	0	0	0	0	0	0	0	0	0	0	0	0	0	4	0	0	0	0	0	0	0	2	0	0	
CDC14	274	0	0	0	0	0	0	0	0	0	0	0	0	0	0	0	0	0	0	4	0	0	0	0	0	0	0	2	0	0	
CDC14	275	0	0	0	0	0	0	0	0	0	0	0	0	0	0	0	0	0	0	0	0	0	0	0	0	0	0	0	0	0	
CDC14	276	0	0	0	0	0	0	0	0	0	0	0	0	0	0	0	0	0	0	0	0	0	0	0	0	0	0	0	0	0	
CDC14	277	0	0	0	0	0	0	0	0	0	0	0	0	0	0	0	0	0	0	0	0	0	0	0	0	0	0	0	0	0	
CDC14	278	0	0	0	0	0	0	0	0	0	0	0	0	0	0	0	0	0	0	0	0	0	0	0	0	0	0	0	0	0	
CDC14	279	0	0	0	0	0	0	0	0	0	0	0	0	0	0	0	0	0	0	0	0	0	0	0	0	0	0	0	0	0	
CDC14	280	0	0	0	0	0	0	0	0	0	0	0	0	0	0	0	0	0	0	0	0	0	0	0	0	0	0	0	0	0	
CDC14	281	0	0	0	0	0	0	0	0	0	0	0	0	0	0	0	0	0	0	0	0	0	0	0	0	0	0	0	0	0	
CDC14	282	0	0	0	0	0	0	0	0	0	0	0	0	0	0	0	0	0	0	0	0	0	0	0	0	0	0	0	0	0	
CDC14	283	0	0	0	0	0	0	0	0	0	0	0	0	0	0	0	0	0	0	0	0	0	0	0	0	0	0	0	0	0	
CDC14	284	0	0	0	0	0	0	0	0	0	0	0	0	0	0	0	0	0	0	0	0	0	0	0	0	0	0	0	0	0	
CDC14	285	0	0	0	0	0	0	0	0	0	0	0	0	0	0	0	0	0	0	0	0	0	0	0	0	0	0	0	0	0	
CDC14	286	0	0	0	0	0	0	0	0	0	0	0	0	0	0	0	0	0	0	0	0	0	0	0	0	0	0	0	0	0	
CDC14	287	0	0	0	0	0	0	0	0	0	0	0	0	0	0	0	0	0	0	0	0	0	0	0	0	0	0	0	0	0	
CDC14	288	0	0	0	0	0	0	0	0	0	0	0	0	0	0	0	0	0	0	0	0	0	0	0	0	0	0	0	0	0	
CDC14	289	0	0	0	0	0	0	0	0	0	0	0	0	0	0	0	0	0	0	0	0	0	0	0	0	0	0	0	0	0	
CDC14	290	0	0	0	0	0	0	0	0	0	0	0	0	0	0	0	0	0	0	0	0	0	0	0	0	0	0	0	0	0	
CDC14	291	0	0	0	0	0	0	0	0	0	0	0	0	0	0	0	0	0	0	0	0	0	0	0	0	0	0	0	0	0	
CDC14	292	0	0	0	0	0	0	0	0	0	0	0	0	0	0	0	0	0	0	0	0	0	0	0	0	0	0	0	0	0	
CDC14	293	0	0	0	0	0	0	0	0	0	0	0	0	0	0	0	0	0	0	0	0	0	0	0	0	0	0	0	0	0	
CDC14	294	0	0	0	0	0	0	0	0	0	0	0	0	0	0	0	0	0	0	0	0	0	0	0	0	0	0	0	0	0	
CDC14	295	0	0	0	0	0	0	0	0	0	0	0	0	0	0	0	0	0	0	0	0	0	0	0	0	0	0	0	0	0	
CDC14	296	0	0	0	0	0	0	0	0	0	0	0	0	0	0	0	0	0	0	0	0	0	0	0	0	0	0	0	0	0	
CDC14	297	0	0	0	0	0	0	0	0	0	0	0	0	0	0	0	0	0	0	0	0	0	0	0	0	0	0	0	0	0	
CDC14	298	0	0	0	0	0	0	0	0	0	0	0	0	0	0	0	0	0	0	0	0	0	0	0	0	0	0	0	0	0	
CDC14	299	0	0	0	0	0	0	0	0	0	0	0	0	0	0	0	0	0	0	0	0	0	0	0	0	0	0	0	0	0	
CDC14	300	0	0	0	0	0	0	0	0	0	0	0	0	0	0	0	0	0	0	0	0	0	0	0	0	0	0	0	0	0	
CDC14	301	0	0	0	0	0	0	0	0	0	0	0	0	0	0	0	0	0	0	0	0	0	0	0	0	0	0	0	0	0	
CDC14	302	0	0	0	0	0	0	0	0	0	0	0	0	0	0	0	0	0	0	0	0	0	0	0	0	0	0	0	0	0	
CDC14	303	0	0	0	0	0	0	0	0	0	0	0	0	0	0	0	0	0	0	0	0	0	0	0	0	0	0	0	0	0	
CDC14	304	0	0	0	0	0	0	0	0	0	0	0	0	0	0	0	0	0	0	0	0	0	0	0	0	0	0	0	0	0	
CDC14	305	0	0	0	0	0	0	0	0	0	0	0	0	0	0	0	0	0	0	0	0	0	0	0	0	0	0	0	0	0	
CDC14	306	0	0	0	0	0	0	0	0	0	0	0	0	0	0	0	0	0	0	0	0	0	0	0	0	0	0	0	0	0	
CDC14	307	0	0	0	0	0	0	0	0	0	0	0	0	0	0	0	0	0	0	0	0	0	0	0	0	0	0	0	0	0	
CDC14	308	0	0	0	0	0	0	0	0	0	0	0	0	0	0	0	0	0	0	0	0	0	0	0	0	0	0	0	0	0	
CDC14	309	0	0	0	0	0	0	0	0	0	0	0	0	0	0	0	0	0	0	0	0	0	0	0	0	0	0	0	0	0	
CDC14	310	0	0	0	0	0	0	0	0	0	0	0	0	0	0	0	0	0	0	0	0	0	0	0	0	0	0	0	0	0	
CDC14	311	0	0	0	0	0	0	0	0	0	0	0	0	0	0	0	0	0	0	0	0	0	0	0	0	0	0	0	0	0	
CDC14	312	0	0	0	0	0	0	0	0	0	0	0	0	0	0	0	0	0	0	0	0	0	0	0	0	0	0	0	0	0	
CDC14	313	0	0	0	0	0	0	0	0	0	0	0	0	0	0	0	0	0	0	0	0	0	0	0	0	0	0	0	0	0	
CDC14	314	0	0	0	0	0	0	0	0	0	0	0	0	0	0	0	0	0	0	0	0	0	0	0	0	0	0	0	0	0	
CDC14	315	0	0	0	0	0	0	0	0	0	0	0	0	0	0	0	0	0	0	0	0	0	0	0	0	0	0	0	0	0	
CDC14	316	0	0	0	0	0	0	0	0	0	0	0	0	0	0	0	0	0	0	0	0	0	0	0	0	0	0	0	0	0	
CDC14	317	0	0	0	0	0	0	0	0	0	0	0	0	0	0	0	0	0	0	0	0	0	0	0	0	0	0	0	0	0	
CDC14	318	0	0	0	0	0	0	0	0	0	0	0	0	0	0	0	0	0	0	0	0	0	0	0	0	0	0	0	0	0	
CDC14	319	0	0	0	0	0	0	0	0	0	0	0	0	0	0	0	0	0	0	0	0	0	0	0	0	0	0	0	0	0	
CDC14	320	0	0	0	0	0	0	0	0	0	0	0	0	0	0	0	0	0	0	0	0	0	0	0	0	0	0	0	0	0	
CDC14	321	0	0	0	0	0	0	0	0	0	0	0	0	0	0	0	0	0	0	0	0	0	0	0	0	0	0	0	0	0	
CDC14	322	0	0	0	0	0	0	0	0	0	0	0	0	0	0	0	0	0	0	0	0	0	0	0	0	0	0	0	0	0	
CDC14	323	0	0	0	0	0	0	0	0	0	0	0	0	0	0	0	0	0	0	0	0	0	0	0	0	0	0	0	0	0	
CDC14	324	0	0	0	0	0	0	0	0	0	0	0	0	0	0	0	0	0	0	0	0	0	0	0	0	0	0	0	0	0	
CDC14	325	0	0	0	0	0	0	0	0	0	0	0	0	0	0	0	0	0	0	0	0	0	0	0	0	0	0	0	0	0	
CDC14	326	0	0	0	0	0	0	0	0	0	0	0	0	0	0	0	0	0	0	0	0	0	0	0	0	0	0	0	0	0	
CDC14	327	0	0	0	0	0	0	0	0	0	0	0	0	0	0	0	0	0	0	0	0	0	0	0	0	0	0	0	0	0	
CDC14	328	0	0	0	0	0	0	0	0	0	0	0	0	0	0	0	0	0	0	0	0	0	0	0	0	0	0	0	0	0	
CDC14	329	0	0	0	0	0	0	0	0	0	0	0	0	0	0	0	0	0	0	0	0	0	0	0	0	0	0	0	0	0	
CDC14	330	0	0	0	0	0	0	0	0	0	0	0	0	0	0	0	0	0	0	0	0	0	0	0	0	0	0	0	0	0	
CDC14	331	0	0	0	0	0	0	0	0	0	0	0	0	0	0	0	0	0	0	0	0	0	0	0	0	0	0	0	0	0	
CDC14	332	0	0	0	0	0	0	0	0	0	0	0	0	0	0	0	0	0	0	0	0	0	0	0	0	0	0	0	0	0	
CDC14	333	0	0	0	0	0	0	0	0	0	0	0	0	0	0	0	0	0	0	0	0	0	0	0	0	0	0	0	0	0	
CDC14	334	0	0	0	0	0	0	0	0	0	0	0	0	0	0	0	0	0	0	0	0	0	0	0	0	0	0	0	0	0	
CDC14	335	0	0	0	0	0	0	0	0	0	0	0	0	0	0	0	0	0	0	0	0	0	0	0	0	0	0	0	0	0	
CDC14	336	0	0	0	0	0	0	0	0	0	0	0	0	0	0	0	0	0	0	0	0	0	0	0	0	0	0	0	0	0	
CDC14	337	0	0	0	0	0	0	0	0	0	0	0	0	0	0	0	0	0	0	0	0	0	0	0	0	0	0	0	0	0	
CDC14	338	0	0	0	0	0	0	0	0	0	0	0	0	0	0	0	0	0	0	0	0	0	0	0	0	0	0	0	0	0	
CDC14	339	0	0	0	0	0	0	0	0	0	0	0	0	0	0	0	0	0	0	0	0	0	0	0	0	0	0	0	0	0	
CDC14	340	0	0	0	0	0	0	0	0	0	0	0	0	0	0	0	0	0	0	0	0	0	0	0	0	0	0	0	0	0	
CDC14	341	0	0	0	0	0	0	0	0	0	0	0	0	0	0	0	0	0	0	0	0	0	0	0	0	0	0	0	0	0	
CDC14	342	0	0	0	0	0	0	0	0	0	0	0	0	0	0	0	0	0	0	0	0	0	0	0	0	0	0	0	0	0	
CDC14	343	0	0	0	0	0	0	0	0	0	0	0	0	0	0	0	0	0	0	0	0	0	0	0	0	0	0	0	0	0	
CDC14	344	0	0	0	0	0	0	0	0	0	0	0	0	0	0	0	0	0	0	0	0	0	0	0	0	0	0	0	0	0	
CDC14	345	0	0	0	0	0	0	0	0	0	0	0	0	2	2	2	2	0	0	3	0	2	0	0	0	0	2	2	0	0	
CDC14	346	0	0	0	0	0	0	0	0	0	0	0	0	2	2	2	2	0	0	3	0	2	0	0	0	0	2	2	0	0	
CDC14	347	0	0	0	0	0	0	0	0	0	0	0	0	2	2	2	2	0	0	3	0	2	0	0	0	0	2	2	0	0	
CDC14	348	0	0	0	0	0	0	0	0	0	0	0	0	2	2	2	2	0	0	3	0	2	0	0	0	0	2	2	0	0	
CDC14	349	0	0	0	0	0	0	0	0	0	0	0	0	2	2	2	2	0	0	3	0	2	0	0	0	0	2	2	0	0	
CDC14	350	0	0	0	0	0	0	0	0	0	0	0	0	2	2	2	2	0	0	3	0	2	0	0	0	0	2	2	0	0	
CDC14	351	0	0	0	0	0	0	0	0	0	0	0	0	2	2	2	2	0	0	3	0	2	0	0	0	0	2	2	0	0	
CDC14	352	0	0	0	0	0	0	0	0	0	0	0	0	2	2	2	2	0	0	3	0	2	0	0	0	0	2	2	0	0	
CDC14	353	0	0	0	0	0	0	0	0	0	0	0	0	2	2	2	2	0	0	3	0	2	0	0	0	0	2	2	0	0	
CDC14	354	0	0	0	0	0	0	0	0	0	0	0	0	2	2	2	2	0	0	3	0	2	0	0	0	0	2	2	0	0	
CDC14	355	0	0	0	0	0	0	0	0	0	0	0	0	2	2	2	2	0	0	3	0	2	0	0	0	0	2	2	0	0	
CDC14	356	0	0	0	0	0	0	0	0	0	0	0	0	2	2	2	2	0	0	3	0	2	0	0	0	0	2	2	0	0	
CDC14	357	0	0	0	0	0	0	0	0	0	0	0	0	2	2	2	2	0	0	3	0	2	0	0	0	0	2	2	0	0	
CDC14	358	0	0	0	0	0	0	0	0	0	0	0	0	2	2	2	2	0	0	3	0	2	0	0	0	0	2	2	0	0	
CDC14	359	0	0	0	0	0	0	0	0	0	0	0	0	2	2	2	2	0	0	3	0	2	0	0	0	0	2	2	0	0	
CDC14	360	0	0	0	0	0	0	0	0	0	0	0	0	2	2	2	2	0	0	3	0	2	0	0	0	0	2	2	0	0	
CDC14	361	0	0	0	0	0	0	0	0	0	0	0	0	2	2	2	2	0	0	3	0	2	0	0	0	0	2	2	0	0	
CDC14	362	0	0	0	0	0	0	0	0	0	0	0	0	2	2	2	2	0	0	3	0	2	0	0	0	0	2	2	0	0	
CDC14	363	0	0	0	0	0	0	0	0	0	0	0	0	2	2	2	2	0	0	3	0	2	0	0	0	0	2	2	0	0	
CDC14	364	0	0	0	0	0	0	0	0	0	0	0	0	2	2	2	2	0	0	3	0	2	0	0	0	0	2	2	0	0	
CDC14	365	0	0	0	0	0	0	0	0	0	0	0	0	2	2	2	2	0	0	3	0	2	0	0	0	0	2	2	0	0	
CDC14	366	0	0	0	0	0	0	0	0	0	0	0	0	2	2	2	2	0	0	3	0	2	0	0	0	0	2	2	0	0	
CDC14	367	0	0	0	0	0	0	0	0	0	0	0	0	2	2	2	2	0	0	0	0	0	0	0	0	0	0	0	0	0	
CDC14	368	0	0	0	0	0	0	0	0	0	0	0	0	2	2	2	2	0	0	0	0	0	0	0	0	0	0	0	0	0	
CDC14	369	0	0	0	0	0	0	0	0	0	0	0	0	2	2	2	2	0	0	0	0	0	0	0	0	0	0	0	0	0	
CDC14	370	0	0	0	0	0	0	0	0	0	0	0	0	2	2	2	2	0	0	0	0	0	0	0	0	0	0	0	0	0	
CDC14	371	0	0	0	0	0	0	0	0	0	0	0	0	0	0	0	0	0	0	0	0	0	0	0	0	0	0	0	0	0	
CDC14	372	0	0	0	0	0	0	0	0	0	0	0	0	0	0	0	0	0	0	0	0	0	0	0	0	0	0	0	0	0	
CDC14	373	0	0	0	0	0	0	0	0	0	0	0	0	0	0	0	0	0	0	0	0	0	0	0	0	0	0	0	0	0	
CDC14	374	0	0	0	0	0	0	0	0	0	0	0	0	0	0	0	0	0	0	0	0	0	0	0	0	0	0	0	0	0	
CDC14	375	0	0	0	0	0	0	0	0	0	0	0	0	0	0	0	0	0	0	0	0	0	0	0	0	0	0	0	0	0	
CDC14	376	0	0	0	0	0	0	0	0	0	0	0	0	0	0	0	0	0	0	0	0	0	0	0	0	0	0	0	0	0	
CDC14	377	0	0	0	0	0	0	0	0	0	0	0	0	0	0	0	0	0	0	0	0	0	0	0	0	0	0	0	0	0	
CDC14	378	2	0	0	0	0	0	0	6	0	0	2	0	6	11	2	9	3	0	2	0	0	0	0	0	0	2	0	0	0	
CDC14	379	2	0	0	0	0	0	0	6	0	0	2	0	6	11	2	9	3	0	2	0	0	0	0	0	0	2	0	0	0	
CDC14	380	2	0	0	0	0	0	0	6	0	0	2	0	6	11	2	9	3	0	2	0	0	0	0	0	0	2	0	0	0	
CDC14	381	2	0	0	0	0	0	0	6	0	0	2	0	6	11	2	9	3	0	2	0	0	0	0	0	0	2	0	0	0	
CDC14	382	2	0	0	0	0	0	0	6	0	0	2	0	6	11	2	9	3	0	2	0	0	0	0	0	0	2	0	0	0	
CDC14	383	2	0	0	0	0	0	0	6	0	0	2	0	6	11	2	9	3	0	2	0	0	0	0	0	0	2	0	0	0	
CDC14	384	2	0	0	0	0	0	0	6	0	0	2	0	6	11	2	9	3	0	2	0	0	0	0	0	0	2	0	0	0	
CDC14	385	2	0	0	0	0	0	0	6	0	0	2	0	6	11	2	9	3	0	2	0	0	0	0	0	0	2	0	0	0	
CDC14	386	2	0	0	0	0	0	0	6	0	0	2	0	6	11	2	9	3	0	2	0	0	0	0	0	0	2	0	0	0	
CDC14	387	2	0	0	0	0	0	0	6	0	0	2	0	6	11	2	9	3	0	2	0	0	0	0	0	0	2	0	0	0	
CDC14	388	2	0	0	0	0	0	0	6	0	0	2	0	6	11	2	9	3	0	2	0	0	0	0	0	0	2	0	0	0	
CDC14	389	0	0	0	0	0	0	3	6	0	0	0	0	4	13	7	9	3	0	0	0	0	0	0	0	0	0	0	0	0	
CDC14	390	0	0	0	0	0	0	3	6	0	0	0	0	4	13	7	9	3	0	0	0	0	0	0	0	0	0	0	0	0	
CDC14	391	0	0	0	0	0	0	3	6	0	0	0	0	4	13	7	9	3	0	0	0	0	0	0	0	0	0	0	0	0	
CDC14	392	0	0	0	0	0	0	3	6	0	0	0	0	4	13	7	9	3	0	0	0	0	0	0	0	0	0	0	0	0	
CDC14	393	0	0	0	0	0	0	3	6	0	0	0	0	4	13	7	9	3	0	0	0	0	0	0	0	0	0	0	0	0	
CDC14	394	0	0	0	0	0	0	3	6	0	0	0	0	4	13	7	9	3	0	0	0	0	0	0	0	0	0	0	0	0	
CDC14	395	0	0	0	0	0	0	3	6	0	0	0	0	4	13	7	9	3	0	0	0	0	0	0	0	0	0	0	0	0	
CDC14	396	0	0	0	0	0	0	3	6	0	0	0	0	4	13	7	9	3	0	0	0	0	0	0	0	0	0	0	0	0	
CDC14	397	0	0	0	0	0	0	3	6	0	0	0	0	4	13	7	9	3	0	0	0	0	0	0	0	0	0	0	0	0	
CDC14	398	0	0	0	0	0	0	3	6	0	0	0	0	4	13	7	9	3	0	0	0	0	0	0	0	0	0	0	0	0	
CDC14	399	0	0	0	0	0	0	3	6	0	0	0	0	4	13	7	9	3	0	0	0	0	0	0	0	0	0	0	0	0	
CDC14	400	0	0	0	0	0	0	3	6	0	0	0	0	4	13	7	9	3	0	0	0	0	0	0	0	0	0	0	0	0	
CDC14	401	0	0	0	0	0	0	3	6	0	0	0	0	4	13	7	9	3	0	0	0	0	0	0	0	0	0	0	0	0	
CDC14	402	0	0	0	0	0	0	3	6	0	0	0	0	4	13	7	9	3	0	0	0	0	0	0	0	0	0	0	0	0	
CDC14	403	0	0	0	0	0	0	3	6	0	0	0	0	4	13	7	9	3	0	0	0	0	0	0	0	0	0	0	0	0	
CDC14	404	0	0	0	0	0	0	3	6	0	0	0	0	4	13	7	9	3	0	0	0	0	0	0	0	0	0	0	0	0	
CDC14	405	0	0	0	0	0	0	3	6	0	0	0	0	4	13	7	9	3	0	0	0	0	0	0	0	0	0	0	0	0	
CDC14	406	0	0	0	0	0	0	0	0	0	0	0	0	2	2	0	8	2	0	0	0	0	0	0	0	0	0	0	0	0	
CDC14	407	0	0	0	0	0	0	0	0	0	0	0	0	2	2	0	8	2	0	0	0	0	0	0	0	0	0	0	0	0	
CDC14	408	0	0	0	0	0	0	0	0	0	0	0	0	2	2	0	8	2	0	0	0	0	0	0	0	0	0	0	0	0	
CDC14	409	0	0	0	0	0	0	0	0	0	0	0	0	2	2	0	8	2	0	0	0	0	0	0	0	0	0	0	0	0	
CDC14	410	0	0	0	0	0	0	0	0	0	0	0	0	2	2	0	8	2	0	0	0	0	0	0	0	0	0	0	0	0	
CDC14	411	0	0	0	0	0	0	0	0	0	0	0	0	2	2	0	8	2	0	0	0	0	0	0	0	0	0	0	0	0	
CDC14	412	0	0	0	0	0	0	0	0	0	0	0	0	2	2	0	8	2	0	0	0	0	0	0	0	0	0	0	0	0	
CDC14	413	0	0	0	0	0	0	0	0	0	0	0	0	2	2	0	8	2	0	0	0	0	0	0	0	0	0	0	0	0	
CDC14	414	0	0	0	0	0	0	0	0	0	0	0	0	2	2	0	8	2	0	0	0	0	0	0	0	0	0	0	0	0	
CDC14	415	0	0	0	0	0	0	0	0	0	0	0	0	2	2	0	8	2	0	0	0	0	0	0	0	0	0	0	0	0	
CDC14	416	0	0	0	0	0	0	0	0	0	0	0	0	2	2	0	8	2	0	0	0	0	0	0	0	0	0	0	0	0	
CDC14	417	0	0	0	0	0	0	0	0	0	0	0	0	2	2	0	8	2	0	0	0	0	0	0	0	0	0	0	0	0	
CDC14	418	0	0	0	0	0	0	0	0	0	0	0	0	2	2	0	8	2	0	0	0	0	0	0	0	0	0	0	0	0	
CDC14	419	0	0	0	0	0	0	0	0	0	0	0	0	2	2	0	8	2	0	0	0	0	0	0	0	0	0	0	0	0	
CDC14	420	0	0	0	0	0	0	0	0	0	0	0	0	2	2	0	8	2	0	0	0	0	0	0	0	0	0	0	0	0	
CDC14	421	0	0	0	0	0	0	0	0	0	0	0	0	2	2	0	8	2	0	0	0	0	0	0	0	0	0	0	0	0	
CDC14	422	0	0	0	0	0	0	0	2	0	0	0	0	2	2	0	8	0	0	2	0	0	0	0	0	2	2	0	3	0	
CDC14	423	0	0	0	0	0	0	0	2	0	0	0	0	2	2	0	8	0	0	2	0	0	0	0	0	2	2	0	3	0	
CDC14	424	0	0	0	0	0	0	0	2	0	0	0	0	2	2	0	8	0	0	2	0	0	0	0	0	2	2	0	3	0	
CDC14	425	0	0	0	0	0	0	0	2	0	0	0	0	2	2	0	8	0	0	2	0	0	0	0	0	2	2	0	3	0	
CDC14	426	0	0	0	0	0	0	0	2	0	0	0	0	2	2	0	8	0	0	2	0	0	0	0	0	2	2	0	3	0	
CDC14	427	0	0	0	0	0	0	0	2	0	0	0	0	2	2	0	8	0	0	2	0	0	0	0	0	2	2	0	3	0	
CDC14	428	0	0	0	0	0	0	0	2	0	0	0	0	2	2	0	8	0	0	2	0	0	0	0	0	2	2	0	3	0	
CDC14	429	0	0	0	0	0	0	0	2	0	0	0	0	2	2	0	8	0	0	2	0	0	0	0	0	2	2	0	3	0	
CDC14	430	0	0	0	0	0	0	0	2	0	0	0	0	2	2	0	8	0	0	2	0	0	0	0	0	2	2	0	3	0	
CDC14	431	0	0	0	0	0	0	0	2	0	0	0	0	2	2	0	8	0	0	2	0	0	0	0	0	2	2	0	3	0	
CDC14	432	0	0	0	0	0	0	0	2	0	0	0	0	2	2	0	8	0	0	2	0	0	0	0	0	2	2	0	3	0	
CDC14	433	0	0	0	0	0	0	0	2	0	0	0	0	2	2	0	8	0	0	2	0	0	0	0	0	2	2	0	3	0	
CDC14	434	0	0	0	0	0	0	0	2	0	0	0	0	2	2	0	8	0	0	2	0	0	0	0	0	2	2	0	3	0	
CDC14	435	0	0	0	0	0	0	0	0	0	0	0	0	3	3	0	2	2	0	0	0	0	0	0	0	0	0	0	0	0	
CDC14	436	0	0	0	0	0	0	0	0	0	0	0	0	3	3	0	2	2	0	0	0	0	0	0	0	0	0	0	0	0	
CDC14	437	0	0	0	0	0	0	0	0	0	0	0	0	3	3	0	2	2	0	0	0	0	0	0	0	0	0	0	0	0	
CDC14	438	0	0	0	0	0	0	0	0	0	0	0	0	3	3	0	2	2	0	0	0	0	0	0	0	0	0	0	0	0	
CDC14	439	0	0	0	0	0	0	0	0	0	0	0	0	3	3	0	2	2	0	0	0	0	0	0	0	0	0	0	0	0	
CDC14	440	0	0	0	0	0	0	0	0	0	0	0	0	3	3	0	2	2	0	0	0	0	0	0	0	0	0	0	0	0	
CDC14	441	0	0	0	0	0	0	0	0	0	0	0	0	3	3	0	2	2	0	0	0	0	0	0	0	0	0	0	0	0	
CDC14	442	0	0	0	0	0	0	0	0	0	0	0	0	3	3	0	2	2	0	0	0	0	0	0	0	0	0	0	0	0	
CDC14	443	0	0	0	0	0	0	0	0	0	0	0	0	3	3	0	2	2	0	0	0	0	0	0	0	0	0	0	0	0	
CDC14	444	0	0	0	0	0	0	0	0	0	0	0	0	3	3	0	2	2	0	0	0	0	0	0	0	0	0	0	0	0	
CDC14	445	0	0	0	0	0	0	0	0	0	0	0	0	3	3	0	2	2	0	0	0	0	0	0	0	0	0	0	0	0	
CDC14	446	0	0	0	0	0	0	0	0	0	0	0	0	3	3	0	2	2	0	0	0	0	0	0	0	0	0	0	0	0	
CDC14	447	0	0	0	0	0	0	0	0	0	0	0	0	3	3	0	2	2	0	0	0	0	0	0	0	0	0	0	0	0	
CDC14	448	0	0	0	0	0	0	0	0	0	0	0	0	3	3	0	2	2	0	0	0	0	0	0	0	0	0	0	0	0	
CDC14	449	0	0	0	0	0	0	0	0	0	0	0	0	3	3	0	2	2	0	0	0	0	0	0	0	0	0	0	0	0	
CDC14	450	0	0	0	0	0	0	0	0	0	0	0	0	3	3	0	2	2	0	0	0	0	0	0	0	0	0	0	0	0	
CDC14	451	0	0	0	0	0	0	0	0	0	0	0	0	3	3	0	2	2	0	0	0	0	0	0	0	0	0	0	0	0	
CDC14	452	0	0	0	0	0	0	0	0	0	0	0	0	3	3	0	2	2	0	0	0	0	0	0	0	0	0	0	0	0	
CDC14	453	0	0	0	0	0	0	0	0	0	0	0	0	3	3	0	2	2	0	0	0	0	0	0	0	0	0	0	0	0	
CDC14	454	0	0	0	0	0	0	0	0	0	0	0	0	3	3	0	2	2	0	0	0	0	0	0	0	0	0	0	0	0	
CDC14	455	0	0	0	0	0	0	0	0	0	0	0	0	3	3	0	2	2	0	0	0	0	0	0	0	0	0	0	0	0	
CDC14	456	0	0	0	0	0	0	0	0	0	0	0	0	3	3	0	2	2	0	0	0	0	0	0	0	0	0	0	0	0	
CDC14	457	0	0	0	0	0	0	0	0	0	0	0	0	3	3	0	2	2	0	0	0	0	0	0	0	0	0	0	0	0	
CDC14	458	0	0	0	0	0	0	0	0	0	0	0	0	3	3	0	2	2	0	0	0	0	0	0	0	0	0	0	0	0	
CDC14	459	0	0	0	0	0	0	0	0	0	0	2	0	3	5	2	2	3	0	0	0	0	0	0	0	0	0	0	0	0	
CDC14	460	0	0	0	0	0	0	0	0	0	0	4	0	6	11	2	7	3	0	0	0	0	0	0	0	0	0	0	0	0	
CDC14	461	0	0	0	0	0	0	0	0	0	0	4	0	6	11	2	7	3	0	0	0	0	0	0	0	0	0	0	0	0	
CDC14	462	0	0	0	0	0	0	0	0	0	0	4	0	6	11	2	7	3	0	0	0	0	0	0	0	0	0	0	0	0	
CDC14	463	0	0	0	0	0	0	0	0	0	0	4	0	6	11	2	7	3	0	0	0	0	0	0	0	0	0	0	0	0	
CDC14	464	0	0	0	0	0	0	0	0	0	0	4	0	6	11	2	7	3	0	0	0	0	0	0	0	0	0	0	0	0	
CDC14	465	0	0	0	0	0	0	0	0	0	0	4	0	6	11	2	7	3	0	0	0	0	0	0	0	0	0	0	0	0	
CDC14	466	0	0	0	0	0	0	0	0	0	0	4	0	6	11	2	7	3	0	0	0	0	0	0	0	0	0	0	0	0	
CDC14	467	0	0	0	0	0	0	0	0	0	0	4	0	6	11	2	7	3	0	0	0	0	0	0	0	0	0	0	0	0	
CDC14	468	0	0	0	0	0	0	0	0	0	0	4	0	6	11	2	7	3	0	0	0	0	0	0	0	0	0	0	0	0	
CDC14	469	0	0	0	0	0	0	0	0	0	0	4	0	6	11	2	7	3	0	0	0	0	0	0	0	0	0	0	0	0	
CDC14	470	0	0	0	0	0	0	0	0	0	0	4	0	6	11	2	7	3	0	0	0	0	0	0	0	0	0	0	0	0	
CDC14	471	0	0	0	0	0	0	0	0	0	0	4	0	6	11	2	7	3	0	0	0	0	0	0	0	0	0	0	0	0	
CDC14	472	0	0	0	0	0	0	0	0	0	0	4	0	6	11	2	7	3	0	0	0	0	0	0	0	0	0	0	0	0	
CDC14	473	0	0	0	0	0	0	0	0	0	0	4	0	6	11	2	7	3	0	0	0	0	0	0	0	0	0	0	0	0	
CDC14	474	0	0	0	0	0	0	0	0	0	0	4	0	6	11	2	7	3	0	0	0	0	0	0	0	0	0	0	0	0	
CDC14	475	0	0	0	0	0	0	0	0	0	0	4	0	6	11	2	7	3	0	0	0	0	0	0	0	0	0	0	0	0	
CDC14	476	0	0	0	0	0	0	0	0	0	0	4	0	6	11	2	7	3	0	0	0	0	0	0	0	0	0	0	0	0	
CDC14	477	0	0	0	0	0	0	0	0	0	0	4	0	6	11	2	7	3	0	0	0	0	0	0	0	0	0	0	0	0	
CDC14	478	0	0	0	0	0	0	0	0	0	0	4	0	6	11	2	7	3	0	0	0	0	0	0	0	0	0	0	0	0	
CDC14	479	0	0	0	0	0	0	0	0	0	0	4	0	6	11	2	7	3	0	0	0	0	0	0	0	0	0	0	0	0	
CDC14	480	0	0	0	0	0	0	0	0	0	0	4	0	6	11	2	7	3	0	0	0	0	0	0	0	0	0	0	0	0	
CDC14	481	0	0	0	0	0	0	0	0	0	0	4	0	6	11	2	7	3	0	0	0	0	0	0	0	0	0	0	0	0	
CDC14	482	0	0	0	0	0	0	0	0	0	0	4	0	6	11	2	7	3	0	0	0	0	0	0	0	0	0	0	0	0	
CDC14	483	0	0	0	0	0	0	0	0	0	0	4	0	6	11	2	7	3	0	0	0	0	0	0	0	0	0	0	0	0	
CDC14	484	0	0	0	0	0	0	0	0	0	0	4	0	6	11	2	7	3	0	0	0	0	0	0	0	0	0	0	0	0	
CDC14	485	0	0	0	0	0	0	0	0	0	0	0	0	0	5	0	5	3	0	0	0	0	0	0	0	0	0	0	0	0	
CDC14	486	0	0	0	0	0	0	0	0	0	0	0	0	0	5	0	5	3	0	0	0	0	0	0	0	0	0	0	0	0	
CDC14	487	0	0	0	0	0	0	0	0	0	0	0	0	0	5	0	5	3	0	0	0	0	0	0	0	0	0	0	0	0	
CDC14	488	0	0	0	0	0	0	0	0	0	0	2	2	2	2	2	0	0	0	0	0	0	0	0	0	0	0	0	0	0	
CDC14	489	0	0	0	0	0	0	0	0	0	0	2	2	2	2	2	0	0	0	0	0	0	0	0	0	0	0	0	0	0	
CDC14	490	0	0	0	0	0	0	0	0	0	0	2	2	2	2	2	0	0	0	0	0	0	0	0	0	0	0	0	0	0	
CDC14	491	0	0	0	0	0	0	0	0	0	0	2	2	2	2	2	0	0	0	0	0	0	0	0	0	0	0	0	0	0	
CDC14	492	0	0	0	0	0	0	0	0	0	0	2	2	2	2	2	0	0	0	0	0	0	0	0	0	0	0	0	0	0	
CDC14	493	0	0	0	0	0	0	0	0	0	0	2	2	2	2	2	0	0	0	0	0	0	0	0	0	0	0	0	0	0	
CDC14	494	0	0	0	0	0	0	0	0	0	0	2	2	2	2	2	0	0	0	0	0	0	0	0	0	0	0	0	0	0	
CDC14	495	0	0	0	0	0	0	0	0	0	0	2	2	2	2	2	0	0	0	0	0	0	0	0	0	0	0	0	0	0	
CDC14	496	0	0	0	0	0	0	0	0	0	0	2	2	2	2	2	0	0	0	0	0	0	0	0	0	0	0	0	0	0	
CDC14	497	0	0	0	0	0	0	0	0	0	0	2	2	2	2	2	0	0	0	0	0	0	0	0	0	0	0	0	0	0	
CDC14	498	0	0	0	0	0	0	0	0	0	0	2	2	2	2	2	0	0	0	0	0	0	0	0	0	0	0	0	0	0	
CDC14	499	0	0	0	0	0	0	0	0	0	0	2	2	2	2	2	0	0	0	0	0	0	0	0	0	0	0	0	0	0	
CDC14	500	0	0	0	0	0	0	0	2	0	0	2	0	4	7	6	3	5	0	5	0	2	0	0	0	0	0	0	0	0	
CDC14	501	0	0	0	0	0	0	0	2	0	0	2	0	4	7	6	3	5	0	5	0	2	0	0	0	0	0	0	0	0	
CDC14	502	0	0	0	0	0	0	0	2	0	0	2	0	4	7	6	3	5	0	5	0	2	0	0	0	0	0	0	0	0	
CDC14	503	0	0	0	0	0	0	0	2	0	0	2	0	4	7	6	3	5	0	5	0	2	0	0	0	0	0	0	0	0	
CDC14	504	0	0	0	0	0	0	0	2	0	0	2	0	4	7	6	3	5	0	5	0	2	0	0	0	0	0	0	0	0	
CDC14	505	0	0	0	0	0	0	0	2	0	0	2	0	4	7	6	3	5	0	5	0	2	0	0	0	0	0	0	0	0	
CDC14	506	0	0	0	0	0	0	0	2	0	0	2	0	4	7	6	3	5	0	5	0	2	0	0	0	0	0	0	0	0	
CDC14	507	0	0	0	0	0	0	0	2	0	0	2	0	4	7	6	3	5	0	5	0	2	0	0	0	0	0	0	0	0	
CDC14	508	0	0	0	0	0	0	0	2	0	0	2	0	4	7	6	3	5	0	5	0	2	0	0	0	0	0	0	0	0	
CDC14	509	0	0	0	0	0	0	0	2	0	0	2	0	4	7	6	3	5	0	5	0	2	0	0	0	0	0	0	0	0	
CDC14	510	0	0	0	0	0	0	0	2	0	0	2	0	4	7	6	3	5	0	5	0	2	0	0	0	0	0	0	0	0	
CDC14	511	0	0	0	0	0	0	0	2	0	0	2	0	4	7	6	3	5	0	5	0	2	0	0	0	0	0	0	0	0	
CDC14	512	0	0	0	0	0	0	0	2	0	0	2	0	4	7	6	3	5	0	5	0	2	0	0	0	0	0	0	0	0	
CDC14	513	0	0	0	0	0	0	0	2	0	0	2	0	4	7	6	3	5	0	5	0	2	0	0	0	0	0	0	0	0	
CDC14	514	0	0	0	0	0	0	0	2	0	0	2	0	4	7	6	3	5	0	5	0	2	0	0	0	0	0	0	0	0	
CDC14	515	0	0	0	0	0	0	0	2	0	0	2	0	4	7	6	3	5	0	5	0	2	0	0	0	0	0	0	0	0	
CDC14	516	0	0	0	0	0	0	0	2	0	0	2	0	4	7	6	3	5	0	5	0	2	0	0	0	0	0	0	0	0	
CDC14	517	0	0	0	0	0	0	0	2	0	0	2	0	4	7	6	3	5	0	5	0	2	0	0	0	0	0	0	0	0	
CDC14	518	0	0	0	0	0	0	0	2	0	0	2	0	4	7	6	3	5	0	5	0	2	0	0	0	0	0	0	0	0	
CDC14	519	0	0	0	0	0	0	0	2	0	0	2	0	4	7	6	3	5	0	5	0	2	0	0	0	0	0	0	0	0	
CDC14	520	0	0	0	0	0	0	0	2	0	0	2	0	4	7	6	3	5	0	5	0	2	0	0	0	0	0	0	0	0	
CDC14	521	0	0	0	0	0	0	0	0	0	0	0	0	0	0	0	3	2	0	0	0	0	0	0	0	0	0	0	0	0	
CDC14	522	0	0	0	0	0	0	0	0	0	0	0	0	0	0	0	3	2	0	0	0	0	0	0	0	0	0	0	0	0	
CDC14	523	0	0	0	0	0	0	0	0	0	0	0	0	0	0	0	3	2	0	0	0	0	0	0	0	0	0	0	0	0	
CDC14	524	0	0	0	0	0	0	0	0	0	0	0	0	0	0	0	3	2	0	0	0	0	0	0	0	0	0	0	0	0	
CDC14	525	0	0	0	0	0	0	0	0	0	0	0	0	0	0	0	3	2	0	0	0	0	0	0	0	0	0	0	0	0	
CDC14	526	0	0	0	0	0	0	0	0	0	0	0	0	0	0	0	0	2	0	0	0	0	0	0	0	0	0	0	0	0	
CDC14	527	0	0	0	0	0	0	0	0	0	0	0	0	0	0	0	0	2	0	0	0	0	0	0	0	0	0	0	0	0	
CDC14	528	0	0	0	0	0	0	0	0	0	0	0	0	0	0	0	0	0	0	0	0	0	0	0	0	0	0	0	0	0	
CDC14	529	0	0	0	0	0	0	0	0	0	0	0	0	0	0	0	0	0	0	0	0	0	0	0	0	0	0	0	0	0	
CDC14	530	0	0	0	0	0	0	0	0	0	0	0	0	0	0	0	0	0	0	0	0	0	0	0	0	0	0	0	0	0	
CDC14	531	0	0	0	0	0	0	0	0	0	0	0	0	0	0	0	0	0	0	0	0	0	0	0	0	0	0	0	0	0	
CDC14	532	0	0	0	0	0	0	0	0	0	0	0	0	0	0	0	0	0	0	0	0	0	0	0	0	0	0	0	0	0	
CDC14	533	0	0	0	0	0	0	0	0	0	0	0	0	0	0	0	0	0	0	0	0	0	0	0	0	0	0	0	0	0	
CDC14	534	0	0	0	0	0	0	0	0	0	0	0	0	0	0	0	0	0	0	0	0	0	0	0	0	0	0	0	0	0	
CDC14	535	0	0	0	0	0	0	0	0	0	0	2	0	2	2	0	0	0	0	0	0	0	0	0	0	0	0	0	0	0	
CDC14	536	0	0	0	0	0	0	0	0	0	0	2	0	2	2	0	0	0	0	0	0	0	0	0	0	0	0	0	0	0	
CDC14	537	0	0	0	0	0	0	0	0	0	0	2	0	2	2	0	0	0	0	0	0	0	0	0	0	0	0	0	0	0	
CDC14	538	0	0	0	0	0	0	0	0	0	0	2	0	2	2	0	0	0	0	0	0	0	0	0	0	0	0	0	0	0	
CDC14	539	0	0	0	0	0	0	0	0	0	0	2	0	2	2	0	0	0	0	0	0	0	0	0	0	0	0	0	0	0	
CDC14	540	0	0	0	0	0	0	0	0	0	0	2	0	2	2	0	0	0	0	0	0	0	0	0	0	0	0	0	0	0	
CDC14	541	0	0	0	0	0	0	0	0	0	0	2	0	2	2	0	0	0	0	0	0	0	0	0	0	0	0	0	0	0	
CDC14	542	0	0	0	0	0	0	0	0	0	0	2	0	2	2	0	0	0	0	0	0	0	0	0	0	0	0	0	0	0	
CDC14	543	0	0	0	0	0	0	0	0	0	0	2	0	2	2	0	0	0	0	0	0	0	0	0	0	0	0	0	0	0	
CDC14	544	0	0	0	0	0	0	0	0	0	0	0	0	0	0	0	0	0	0	0	0	0	0	0	0	0	0	0	0	0	
CDC14	545	0	0	0	0	0	0	0	0	0	0	0	0	0	0	0	0	0	0	0	0	0	0	0	0	0	0	0	0	0	
CDC14	546	0	0	0	0	0	0	0	0	0	0	0	0	0	0	0	0	0	0	0	0	0	0	0	0	0	0	0	0	0	
CDC14	547	0	0	0	0	0	0	0	0	0	0	0	0	0	0	0	0	0	0	0	0	0	0	0	0	0	0	0	0	0	
CDC14	548	0	0	0	0	0	0	0	0	0	0	0	0	0	0	0	0	0	0	0	0	0	0	0	0	0	0	0	0	0	
CDC14	549	0	0	0	0	0	0	0	0	0	0	0	0	0	0	0	0	0	0	0	0	0	0	0	0	0	0	0	0	0	
CDC14	550	0	0	0	0	0	0	0	0	0	0	0	0	0	0	0	0	0	0	0	0	0	0	0	0	0	0	0	0	0	
CDC14	551	0	0	0	0	0	0	0	0	0	0	0	0	0	0	0	0	0	0	0	0	0	0	0	0	0	0	0	0	0	
