protein	site	PSMs_001_Stu1-3FLAG_DMSO.csv	PSMs_002_Stu1-3FLAG_Cdc200-AID.csv	PSMs_003_Stu1-3FLAG_Benomyl.csv	PSMs_004_Stu1FLAG_Bub1V5_double_step_IP.csv	PSMs_005_Stu1_TOG1del_cutout_1.csv	PSMs_006_Stu1_TOG1del_cutout_2.csv	PSMs_007_Dsn1-flag.csv	PSMs_008_Dsn1-flag_mps1-1.csv	PSMs_009_Dsn1-flag_pgal-mps1.csv	PSMs_010_Dsn1-flag_ndc80.csv	PSMs_011_Dsn1-flag_ndc80-2a.csv	PSMs_012_Dsn1-flag_ndc80-2d.csv	PSMs_013_Dsn1-flag_ndc80_cdc15-2.csv	PSMs_014_Dsn1-flag_ndc80-2a_cdc15-2.csv	PSMs_015_Dsn1-flag_ndc80-2d_cdc15-2.csv	PSMs_016_Dsn1-flag.csv	PSMs_017_Dsn1-flag_mps1-1.csv	PSMs_018_ndc80-flag.csv	PSMs_019_ndc80-3flag.csv	PSMs_020_ndc80-flag_pgal-mps1.csv	PSMs_021_ndc80-3flag_pgal-mps1.csv	PSMs_022_dad1-flag.csv	PSMs_023_dad1-flag.csv	PSMs_024_dad1-flag_pgal-mps1.csv	PSMs_025_Nitobe_SCX1_Mtw1-3FLAG.csv	PSMs_025_Nitobe_SCX2_Mtw1-3FLAG.csv	PSMs_025_Nitobe_SCX3_Mtw1-3FLAG.csv	PSMs_025_Nitobe_SCX4_Mtw1-3FLAG.csv	PSMs_025_Nitobe_SCX5_Mtw1-3FLAG.csv	
CNN1	0	0	0	0	0	0	0	0	0	0	0	0	0	0	0	0	0	0	0	0	0	0	0	0	0	0	0	0	0	0	
CNN1	1	0	0	0	0	0	0	0	0	0	3	2	2	0	0	0	0	0	0	0	0	0	0	0	0	0	0	0	0	0	
CNN1	2	0	0	0	0	0	0	0	0	0	3	2	2	0	0	0	0	0	0	0	0	0	0	0	0	0	0	0	0	0	
CNN1	3	0	0	0	0	0	0	0	0	0	3	2	2	0	0	0	0	0	0	0	0	0	0	0	0	0	0	0	0	0	
CNN1	4	0	0	0	0	0	0	0	0	0	3	2	2	0	0	0	0	0	0	0	0	0	0	0	0	0	0	0	0	0	
CNN1	5	0	0	0	0	0	0	0	0	0	3	2	2	0	0	0	0	0	0	0	0	0	0	0	0	0	0	0	0	0	
CNN1	6	0	0	0	0	0	0	0	0	0	12	16	10	4	2	2	2	0	2	2	0	2	0	0	0	2	0	4	2	0	
CNN1	7	0	0	0	0	0	0	0	0	0	24	29	18	4	2	2	2	0	2	2	2	2	0	0	0	2	0	4	2	0	
CNN1	8	0	0	0	0	0	0	0	0	0	24	29	18	4	2	2	2	0	2	2	2	2	0	0	0	2	0	4	2	0	
CNN1	9	0	0	0	0	0	0	0	0	0	24	29	18	4	2	2	2	0	2	2	2	2	0	0	0	2	0	4	2	0	
CNN1	10	0	0	0	0	0	0	0	0	0	24	29	18	4	2	2	2	0	2	2	2	2	0	0	0	2	0	4	2	0	
CNN1	11	0	0	0	0	0	0	0	0	0	24	29	18	4	2	2	2	0	2	2	2	2	0	0	0	2	0	4	2	0	
CNN1	12	0	0	0	0	0	0	0	0	0	24	29	18	4	2	2	2	0	2	2	2	2	0	0	0	2	0	4	2	0	
CNN1	13	0	0	0	0	0	0	0	0	0	24	29	18	4	2	2	2	0	2	2	2	2	0	0	0	2	0	4	2	0	
CNN1	14	0	0	0	0	0	0	0	0	0	24	29	18	4	2	2	2	0	2	2	2	2	0	0	0	2	0	4	2	0	
CNN1	15	0	0	0	0	0	0	0	0	0	24	29	18	4	2	2	2	0	2	2	2	2	0	0	0	2	0	4	2	0	
CNN1	16	0	0	0	0	0	0	0	0	0	24	29	18	4	2	2	2	0	2	2	2	2	0	0	0	2	0	4	2	0	
CNN1	17	0	0	0	0	0	0	0	0	0	24	29	18	4	2	2	2	0	2	2	2	2	0	0	0	2	0	4	2	0	
CNN1	18	0	0	0	0	0	0	0	0	0	24	29	18	4	2	2	2	0	2	2	2	2	0	0	0	2	0	4	2	0	
CNN1	19	0	0	0	0	0	0	0	0	0	24	29	18	4	2	2	2	0	2	2	2	2	0	0	0	2	0	4	2	0	
CNN1	20	0	0	0	0	0	0	0	0	0	24	29	18	4	2	2	2	0	2	2	2	2	0	0	0	2	0	4	2	0	
CNN1	21	0	0	0	0	0	0	0	0	0	13	15	9	0	0	0	0	0	2	0	2	0	0	0	0	0	0	2	2	0	
CNN1	22	0	0	0	0	0	0	0	0	0	13	15	9	0	0	0	0	0	2	0	2	0	0	0	0	0	0	2	2	0	
CNN1	23	0	0	0	0	0	0	0	0	0	13	15	9	0	0	0	0	0	2	0	2	0	0	0	0	0	0	2	2	0	
CNN1	24	0	0	0	0	0	0	0	0	0	13	15	9	0	0	0	0	0	2	0	2	0	0	0	0	0	0	2	2	0	
CNN1	25	0	0	0	0	0	0	0	0	0	7	6	2	0	0	0	0	0	0	0	0	0	0	0	0	0	0	0	0	0	
CNN1	26	0	0	0	0	0	0	0	0	0	7	6	2	0	0	0	0	0	0	0	0	0	0	0	0	0	0	0	0	0	
CNN1	27	0	0	0	0	0	0	0	0	0	5	2	2	0	0	0	0	0	0	0	0	0	0	0	0	0	0	0	0	0	
CNN1	28	0	0	0	0	0	0	0	0	0	5	2	2	0	0	0	0	0	0	0	0	0	0	0	0	0	0	0	0	0	
CNN1	29	0	0	0	0	0	0	0	0	0	5	2	2	0	0	0	0	0	0	0	0	0	0	0	0	0	0	0	0	0	
CNN1	30	0	0	0	0	0	0	0	0	0	5	2	2	0	0	0	0	0	0	0	0	0	0	0	0	0	0	0	0	0	
CNN1	31	0	0	0	0	0	0	0	0	0	5	2	2	0	0	0	0	0	0	0	0	0	0	0	0	0	0	0	0	0	
CNN1	32	0	0	0	0	0	0	0	0	0	5	2	2	0	0	0	0	0	0	0	0	0	0	0	0	0	0	0	0	0	
CNN1	33	0	0	0	0	0	0	0	0	0	21	21	15	0	0	0	0	0	0	2	0	0	0	0	0	0	0	0	2	0	
CNN1	34	0	0	0	0	0	0	0	0	0	21	21	15	0	0	0	0	0	0	2	0	0	0	0	0	0	0	0	2	0	
CNN1	35	0	0	0	0	0	0	0	0	0	21	21	15	0	0	0	0	0	0	2	0	0	0	0	0	0	0	0	2	0	
CNN1	36	0	0	0	0	0	0	0	0	0	21	21	15	0	0	0	0	0	0	2	0	0	0	0	0	0	0	0	2	0	
CNN1	37	0	0	0	0	0	0	0	0	0	21	21	15	0	0	0	0	0	0	2	0	0	0	0	0	0	0	0	2	0	
CNN1	38	0	0	0	0	0	0	0	0	0	21	21	15	0	0	0	0	0	0	2	0	0	0	0	0	0	0	0	2	0	
CNN1	39	0	0	0	0	0	0	0	0	0	21	21	15	0	0	0	0	0	0	2	0	0	0	0	0	0	0	0	2	0	
CNN1	40	0	0	0	0	0	0	0	0	0	21	21	15	0	0	0	0	0	0	2	0	0	0	0	0	0	0	0	2	0	
CNN1	41	0	0	0	0	0	0	0	0	0	8	12	5	2	0	0	0	0	0	2	0	0	0	0	0	0	0	0	0	0	
CNN1	42	0	0	0	0	0	0	0	0	0	8	12	5	2	0	0	0	0	0	2	0	0	0	0	0	0	0	0	0	0	
CNN1	43	0	0	0	0	0	0	0	0	0	8	12	5	2	0	0	0	0	0	2	0	0	0	0	0	0	0	0	0	0	
CNN1	44	0	0	0	0	0	0	0	0	0	8	12	5	2	0	0	0	0	0	2	0	0	0	0	0	0	0	0	0	0	
CNN1	45	0	0	0	0	0	0	0	0	0	8	12	5	2	0	0	0	0	0	2	0	0	0	0	0	0	0	0	0	0	
CNN1	46	0	0	0	0	0	0	0	0	0	8	12	5	2	0	0	0	0	0	2	0	0	0	0	0	0	0	0	0	0	
CNN1	47	0	0	0	0	0	0	0	0	0	5	8	3	2	0	0	0	0	0	0	0	0	0	0	0	0	0	0	0	0	
CNN1	48	0	0	0	0	0	0	0	0	0	5	8	3	2	0	0	0	0	0	0	0	0	0	0	0	0	0	0	0	0	
CNN1	49	0	0	0	0	0	0	0	0	0	5	8	3	2	0	0	0	0	0	0	0	0	0	0	0	0	0	0	0	0	
CNN1	50	0	0	0	0	0	0	0	0	0	5	8	3	2	0	0	0	0	0	0	0	0	0	0	0	0	0	0	0	0	
CNN1	51	0	0	0	0	0	0	0	0	0	5	8	3	2	0	0	0	0	0	0	0	0	0	0	0	0	0	0	0	0	
CNN1	52	0	0	0	0	0	0	0	0	0	5	8	3	2	0	0	0	0	0	0	0	0	0	0	0	0	0	0	0	0	
CNN1	53	0	0	0	0	0	0	0	0	0	5	8	3	2	0	0	0	0	0	0	0	0	0	0	0	0	0	0	0	0	
CNN1	54	0	0	0	0	0	0	0	0	0	5	8	3	2	0	0	0	0	0	0	0	0	0	0	0	0	0	0	0	0	
CNN1	55	0	0	0	0	0	0	0	0	0	4	7	6	2	0	4	0	0	0	3	0	3	0	0	0	2	2	0	0	0	
CNN1	56	0	0	0	0	0	0	0	0	0	4	7	6	2	0	4	0	0	0	3	0	3	0	0	0	2	2	0	0	0	
CNN1	57	0	0	0	0	0	0	0	0	0	4	7	6	2	0	4	0	0	0	3	0	3	0	0	0	2	2	0	0	0	
CNN1	58	0	0	0	0	0	0	0	0	0	4	7	6	2	0	4	0	0	0	3	0	3	0	0	0	2	2	0	0	0	
CNN1	59	0	0	0	0	0	0	0	0	0	4	7	6	2	0	4	0	0	0	3	0	3	0	0	0	2	2	0	0	0	
CNN1	60	0	0	0	0	0	0	0	0	0	4	7	6	2	0	4	0	0	0	3	0	3	0	0	0	2	2	0	0	0	
CNN1	61	0	0	0	0	0	0	0	0	0	4	7	6	2	0	4	0	0	0	3	0	3	0	0	0	2	2	0	0	0	
CNN1	62	0	0	0	0	0	0	0	0	0	4	7	6	2	0	4	0	0	0	3	0	3	0	0	0	2	2	0	0	0	
CNN1	63	0	0	0	0	0	0	0	0	0	4	7	6	2	0	4	0	0	0	3	0	3	0	0	0	2	2	0	0	0	
CNN1	64	0	0	0	0	0	0	0	0	0	4	7	6	2	0	4	0	0	0	3	0	3	0	0	0	2	2	0	0	0	
CNN1	65	0	0	0	0	0	0	0	0	0	4	7	6	2	0	4	0	0	0	3	0	3	0	0	0	2	2	0	0	0	
CNN1	66	0	0	0	0	0	0	0	0	0	4	7	6	2	0	4	0	0	0	3	0	3	0	0	0	2	2	0	0	0	
CNN1	67	0	0	0	0	0	0	0	0	0	4	7	6	2	0	4	0	0	0	3	0	3	0	0	0	2	2	0	0	0	
CNN1	68	0	0	0	0	0	0	0	0	0	2	2	2	2	0	4	0	0	0	3	0	9	0	0	0	5	2	4	4	0	
CNN1	69	0	0	0	0	0	0	0	0	0	2	2	2	2	0	4	0	0	0	3	0	9	0	0	0	5	2	4	4	0	
CNN1	70	0	0	0	0	0	0	0	0	0	2	2	2	2	0	4	0	0	0	3	0	9	0	0	0	5	2	4	4	0	
CNN1	71	0	0	0	0	0	0	0	0	0	2	2	2	2	0	4	0	0	0	3	0	9	0	0	0	5	2	4	4	0	
CNN1	72	0	0	0	0	0	0	0	0	0	2	2	2	2	0	4	0	0	0	3	0	9	0	0	0	5	2	4	4	0	
CNN1	73	0	0	0	0	0	0	0	0	0	2	2	2	2	0	4	0	0	0	3	0	9	0	0	0	5	2	4	4	0	
CNN1	74	0	0	0	0	0	0	0	0	0	2	2	2	2	0	4	0	0	0	3	0	9	0	0	0	5	2	4	4	0	
CNN1	75	0	0	0	0	0	0	0	0	0	2	2	2	2	0	4	0	0	0	3	0	9	0	0	0	5	2	4	4	0	
CNN1	76	0	0	0	0	0	0	0	0	0	2	2	2	2	0	4	0	0	0	3	0	9	0	0	0	5	2	4	4	0	
CNN1	77	0	0	0	0	0	0	0	0	0	2	2	2	2	0	4	0	0	0	3	0	9	0	0	0	5	2	4	4	0	
CNN1	78	0	0	0	0	0	0	0	0	0	2	2	2	2	0	4	0	0	0	3	0	9	0	0	0	5	2	4	4	0	
CNN1	79	0	0	0	0	0	0	0	0	0	2	2	2	2	0	4	0	0	0	3	0	9	0	0	0	5	2	4	4	0	
CNN1	80	0	0	0	0	0	0	0	0	0	3	5	2	0	0	0	0	0	0	0	0	2	0	0	0	0	0	0	0	0	
CNN1	81	0	0	0	0	0	0	0	0	0	5	7	2	0	0	0	0	0	0	0	0	0	0	0	0	0	0	0	0	0	
CNN1	82	0	0	0	0	0	0	0	0	0	5	7	2	0	0	0	0	0	0	0	0	0	0	0	0	0	0	0	0	0	
CNN1	83	0	0	0	0	0	0	0	0	0	5	7	2	0	0	0	0	0	0	0	0	0	0	0	0	0	0	0	0	0	
CNN1	84	0	0	0	0	0	0	0	0	0	5	7	2	0	0	0	0	0	0	0	0	0	0	0	0	0	0	0	0	0	
CNN1	85	0	0	0	0	0	0	0	0	0	5	7	2	0	0	0	0	0	0	0	0	0	0	0	0	0	0	0	0	0	
CNN1	86	0	0	0	0	0	0	0	0	0	5	7	2	0	0	0	0	0	0	0	0	0	0	0	0	0	0	0	0	0	
CNN1	87	0	0	0	0	0	0	0	0	0	5	7	2	0	0	0	0	0	0	0	0	0	0	0	0	0	0	0	0	0	
CNN1	88	0	0	0	0	0	0	0	0	0	5	7	2	0	0	0	0	0	0	0	0	0	0	0	0	0	0	0	0	0	
CNN1	89	0	0	0	0	0	0	0	0	0	5	7	2	0	0	0	0	0	0	0	0	0	0	0	0	0	0	0	0	0	
CNN1	90	0	0	0	0	0	0	0	0	0	5	7	2	0	0	0	0	0	0	0	0	0	0	0	0	0	0	0	0	0	
CNN1	91	0	0	0	0	0	0	0	0	0	2	5	2	0	0	0	0	0	0	0	0	0	0	0	0	0	0	0	0	0	
CNN1	92	0	0	0	0	0	0	0	0	0	2	5	2	0	0	0	0	0	0	0	0	0	0	0	0	0	0	0	0	0	
CNN1	93	0	0	0	0	0	0	0	0	0	2	5	2	0	0	0	0	0	0	0	0	0	0	0	0	0	0	0	0	0	
CNN1	94	0	0	0	0	0	0	0	0	0	2	5	2	0	0	0	0	0	0	0	0	0	0	0	0	0	0	0	0	0	
CNN1	95	0	0	0	0	0	0	0	0	0	4	0	0	0	0	0	7	0	0	11	0	5	0	0	0	2	0	0	0	0	
CNN1	96	0	0	0	0	0	0	0	0	0	4	0	0	0	0	0	7	0	0	11	0	5	0	0	0	2	0	0	0	0	
CNN1	97	0	0	0	0	0	0	0	0	0	4	0	0	0	0	0	7	0	0	11	0	5	0	0	0	2	0	0	0	0	
CNN1	98	0	0	0	0	0	0	0	0	0	4	0	0	0	0	0	7	0	0	11	0	5	0	0	0	2	0	0	0	0	
CNN1	99	0	0	0	0	0	0	0	0	0	4	0	0	0	0	0	7	0	0	11	0	5	0	0	0	2	0	0	0	0	
CNN1	100	0	0	0	0	0	0	0	0	0	4	0	0	0	0	0	7	0	0	11	0	5	0	0	0	2	0	0	0	0	
CNN1	101	0	0	0	0	0	0	0	0	0	4	0	0	0	0	0	7	0	0	11	0	5	0	0	0	2	0	0	0	0	
CNN1	102	0	0	0	0	0	0	0	0	0	4	0	0	0	0	0	7	0	0	11	0	5	0	0	0	2	0	0	0	0	
CNN1	103	0	0	0	0	0	0	0	0	0	4	0	0	0	0	0	7	0	0	11	0	5	0	0	0	2	0	0	0	0	
CNN1	104	0	0	0	0	0	0	0	0	0	4	0	0	0	0	0	7	0	0	11	0	5	0	0	0	2	0	0	0	0	
CNN1	105	0	0	0	0	0	0	0	0	0	4	0	0	0	0	0	7	0	0	11	0	5	0	0	0	2	0	0	0	0	
CNN1	106	0	0	0	0	0	0	0	0	0	4	0	0	0	0	0	7	0	0	11	0	5	0	0	0	2	0	0	0	0	
CNN1	107	0	0	0	0	0	0	0	0	0	4	0	0	0	0	0	7	0	0	11	0	5	0	0	0	2	0	0	0	0	
CNN1	108	0	0	0	0	0	0	0	0	0	4	0	0	0	0	0	7	0	0	11	0	5	0	0	0	2	0	0	0	0	
CNN1	109	0	0	0	0	0	0	0	0	0	4	0	0	0	0	0	7	0	0	11	0	5	0	0	0	2	0	0	0	0	
CNN1	110	0	0	0	0	0	0	0	0	0	4	0	0	0	0	0	7	0	0	11	0	5	0	0	0	2	0	0	0	0	
CNN1	111	0	0	0	0	0	0	0	0	0	4	0	0	0	0	0	7	0	0	11	0	5	0	0	0	2	0	0	0	0	
CNN1	112	0	0	0	0	0	0	0	0	0	4	0	0	0	0	0	7	0	0	11	0	5	0	0	0	2	0	0	0	0	
CNN1	113	0	0	0	0	0	0	0	0	0	4	0	0	0	0	0	7	0	0	11	0	5	0	0	0	2	0	0	0	0	
CNN1	114	0	0	0	0	0	0	0	0	0	4	0	0	0	0	0	7	0	0	11	0	5	0	0	0	2	0	0	0	0	
CNN1	115	0	0	0	0	0	0	0	0	0	0	0	0	0	0	0	2	0	0	0	0	0	0	0	0	0	0	0	0	0	
CNN1	116	0	0	0	0	0	0	0	0	0	0	0	0	0	0	0	2	0	0	0	0	0	0	0	0	0	0	0	0	0	
CNN1	117	0	0	0	0	0	0	0	0	0	3	3	0	0	0	0	0	0	2	2	2	0	0	0	0	0	0	0	0	0	
CNN1	118	0	0	0	0	0	0	0	0	0	3	3	0	0	0	0	0	0	2	2	2	0	0	0	0	0	0	0	0	0	
CNN1	119	0	0	0	0	0	0	0	0	0	3	3	0	0	0	0	0	0	2	2	2	0	0	0	0	0	0	0	0	0	
CNN1	120	0	0	0	0	0	0	0	0	0	7	6	0	2	2	2	0	0	4	10	4	4	0	0	0	0	0	0	0	0	
CNN1	121	0	0	0	0	0	0	0	0	0	7	6	0	2	2	2	0	0	4	10	4	4	0	0	0	0	0	0	0	0	
CNN1	122	0	0	0	0	0	0	0	0	0	7	6	0	2	2	2	0	0	4	10	4	4	0	0	0	0	0	0	0	0	
CNN1	123	0	0	0	0	0	0	0	0	0	7	6	0	2	2	2	0	0	4	10	4	4	0	0	0	0	0	0	0	0	
CNN1	124	0	0	0	0	0	0	0	0	0	7	6	0	2	2	2	0	0	4	10	4	4	0	0	0	0	0	0	0	0	
CNN1	125	0	0	0	0	0	0	0	0	0	7	6	0	2	2	2	0	0	4	10	4	4	0	0	0	0	0	0	0	0	
CNN1	126	0	0	0	0	0	0	0	0	0	7	6	0	2	2	2	0	0	4	10	4	4	0	0	0	0	0	0	0	0	
CNN1	127	0	0	0	0	0	0	0	0	0	7	6	0	2	2	2	0	0	4	10	4	4	0	0	0	0	0	0	0	0	
CNN1	128	0	0	0	0	0	0	0	0	0	7	6	0	2	2	2	0	0	4	10	4	4	0	0	0	0	0	0	0	0	
CNN1	129	0	0	0	0	0	0	0	0	0	7	6	0	2	2	2	0	0	4	10	4	4	0	0	0	0	0	0	0	0	
CNN1	130	0	0	0	0	0	0	0	0	0	7	6	0	2	2	2	0	0	4	10	4	4	0	0	0	0	0	0	0	0	
CNN1	131	0	0	0	0	0	0	0	0	0	7	6	0	2	2	2	0	0	4	10	4	4	0	0	0	0	0	0	0	0	
CNN1	132	0	0	0	0	0	0	0	0	0	7	6	0	2	2	2	0	0	4	10	4	4	0	0	0	0	0	0	0	0	
CNN1	133	0	0	0	0	0	0	0	0	0	7	6	0	2	2	2	0	0	4	10	4	4	0	0	0	0	0	0	0	0	
CNN1	134	0	0	0	0	0	0	0	0	0	7	6	0	2	2	2	0	0	4	10	4	4	0	0	0	0	0	0	0	0	
CNN1	135	0	0	0	0	0	0	0	0	0	7	6	0	2	2	2	0	0	4	10	4	4	0	0	0	0	0	0	0	0	
CNN1	136	0	0	0	0	0	0	0	0	0	7	6	0	2	2	2	0	0	4	10	4	4	0	0	0	0	0	0	0	0	
CNN1	137	0	0	0	0	0	0	0	0	0	7	6	0	2	2	2	0	0	4	10	4	4	0	0	0	0	0	0	0	0	
CNN1	138	0	0	0	0	0	0	0	0	0	7	6	0	2	2	2	0	0	4	10	4	4	0	0	0	0	0	0	0	0	
CNN1	139	0	0	0	0	0	0	0	0	0	7	6	0	2	2	2	0	0	4	10	4	4	0	0	0	0	0	0	0	0	
CNN1	140	0	0	0	0	0	0	0	0	0	7	6	0	2	2	2	0	0	4	10	4	4	0	0	0	0	0	0	0	0	
CNN1	141	0	0	0	0	0	0	0	0	0	7	6	0	2	2	2	0	0	4	10	4	4	0	0	0	0	0	0	0	0	
CNN1	142	0	0	0	0	0	0	0	0	0	7	6	0	2	2	2	0	0	4	10	4	4	0	0	0	0	0	0	0	0	
CNN1	143	0	0	0	0	0	0	0	0	0	7	6	0	2	2	2	0	0	4	10	4	4	0	0	0	0	0	0	0	0	
CNN1	144	0	0	0	0	0	0	0	0	0	0	0	0	0	0	0	0	0	0	0	0	0	0	0	0	0	0	0	0	0	
CNN1	145	0	0	0	0	0	0	0	0	0	0	0	0	0	0	0	0	0	0	0	0	0	0	0	0	0	0	0	0	0	
CNN1	146	0	0	0	0	0	0	0	0	0	0	0	0	0	0	0	0	0	0	0	0	0	0	0	0	0	0	0	0	0	
CNN1	147	0	0	0	0	0	0	0	0	0	0	0	0	0	0	0	0	0	0	0	0	0	0	0	0	0	0	0	0	0	
CNN1	148	0	0	0	0	0	0	0	0	0	0	0	0	0	0	0	0	0	0	0	0	0	0	0	0	0	0	0	0	0	
CNN1	149	0	0	0	0	0	0	0	0	0	0	0	0	0	0	0	0	0	0	0	0	0	0	0	0	0	0	0	0	0	
CNN1	150	0	0	0	0	0	0	0	0	0	0	0	0	0	0	0	0	0	0	0	0	0	0	0	0	0	0	0	0	0	
CNN1	151	0	0	0	0	0	0	0	0	0	0	0	0	0	0	0	0	0	0	0	0	0	0	0	0	0	0	0	0	0	
CNN1	152	0	0	0	0	0	0	0	0	0	0	0	0	0	0	0	0	0	0	0	0	0	0	0	0	0	0	0	0	0	
CNN1	153	0	0	0	0	0	0	0	0	0	0	0	0	0	0	0	0	0	0	0	0	0	0	0	0	0	0	0	0	0	
CNN1	154	0	0	0	0	0	0	0	0	0	0	0	0	0	0	0	0	0	0	0	0	0	0	0	0	0	0	0	0	0	
CNN1	155	0	0	0	0	0	0	2	0	0	0	0	0	0	0	0	2	2	4	0	0	2	0	0	0	0	0	0	0	0	
CNN1	156	0	0	0	0	0	0	2	0	0	0	0	0	0	0	0	2	2	4	0	0	2	0	0	0	0	0	0	0	0	
CNN1	157	0	0	0	0	0	0	2	0	0	0	0	0	0	0	0	2	2	4	0	0	2	0	0	0	0	0	0	0	0	
CNN1	158	0	0	0	0	0	0	2	0	0	0	0	0	0	0	0	2	2	4	0	0	2	0	0	0	0	0	0	0	0	
CNN1	159	0	0	0	0	0	0	2	0	0	0	0	0	0	0	0	2	2	4	0	0	2	0	0	0	0	0	0	0	0	
CNN1	160	0	0	0	0	0	0	2	0	0	0	0	0	0	0	0	2	2	4	0	0	2	0	0	0	0	0	0	0	0	
CNN1	161	0	0	0	0	0	0	2	0	0	0	0	0	0	0	0	2	2	4	0	0	2	0	0	0	0	0	0	0	0	
CNN1	162	0	0	0	0	0	0	2	0	0	0	0	0	0	0	0	2	2	4	0	0	2	0	0	0	0	0	0	0	0	
CNN1	163	0	0	0	0	0	0	2	0	0	0	0	0	0	0	0	2	2	4	0	0	2	0	0	0	0	0	0	0	0	
CNN1	164	0	0	0	0	0	0	2	0	0	0	0	0	0	0	0	2	2	4	0	0	2	0	0	0	0	0	0	0	0	
CNN1	165	0	0	0	0	0	0	2	0	0	0	0	0	0	0	0	2	2	4	0	0	2	0	0	0	0	0	0	0	0	
CNN1	166	0	0	0	0	0	0	2	0	0	0	0	0	0	0	0	2	2	4	0	0	2	0	0	0	0	0	0	0	0	
CNN1	167	0	0	0	0	0	0	2	0	0	0	0	0	0	0	0	2	2	4	0	0	2	0	0	0	0	0	0	0	0	
CNN1	168	0	0	0	0	0	0	2	0	0	0	0	0	0	0	0	2	2	4	0	0	2	0	0	0	0	0	0	0	0	
CNN1	169	0	0	0	0	0	0	2	0	0	0	0	0	0	0	0	2	2	4	0	0	2	0	0	0	0	0	0	0	0	
CNN1	170	0	0	0	0	0	0	2	0	0	0	0	0	0	0	0	2	2	4	0	0	2	0	0	0	0	0	0	0	0	
CNN1	171	0	0	0	0	0	0	2	0	0	0	0	0	0	0	0	2	2	4	0	0	2	0	0	0	0	0	0	0	0	
CNN1	172	0	0	0	0	0	0	2	0	0	0	0	0	0	0	0	2	2	4	0	0	2	0	0	0	0	0	0	0	0	
CNN1	173	0	0	0	0	0	0	2	0	0	0	0	0	0	0	0	2	2	4	0	0	2	0	0	0	0	0	0	0	0	
CNN1	174	0	0	0	0	0	0	2	0	0	0	0	0	0	0	0	2	2	4	0	0	2	0	0	0	0	0	0	0	0	
CNN1	175	0	0	0	0	0	0	2	0	0	0	0	0	0	0	0	2	2	4	0	0	2	0	0	0	0	0	0	0	0	
CNN1	176	0	0	0	0	0	0	2	0	0	0	0	0	0	0	0	2	2	4	0	0	2	0	0	0	0	0	0	0	0	
CNN1	177	0	0	0	0	0	0	2	0	0	0	0	0	0	0	0	2	2	4	0	0	2	0	0	0	0	0	0	0	0	
CNN1	178	0	0	0	0	0	0	2	0	0	0	0	0	0	0	0	2	2	4	0	0	2	0	0	0	0	0	0	0	0	
CNN1	179	0	0	0	0	0	0	2	0	0	0	0	0	0	0	0	2	2	4	0	0	2	0	0	0	0	0	0	0	0	
CNN1	180	0	0	0	0	0	0	2	0	0	0	0	0	0	0	0	2	2	4	0	0	2	0	0	0	0	0	0	0	0	
CNN1	181	0	0	0	0	0	0	2	0	0	0	0	0	0	0	0	2	2	4	2	0	2	0	0	0	0	0	0	0	0	
CNN1	182	0	0	0	0	0	0	2	0	0	0	0	0	0	0	0	2	2	4	2	0	2	0	0	0	0	0	0	0	0	
CNN1	183	0	0	0	0	0	0	2	0	0	0	0	0	0	0	0	2	2	4	2	0	2	0	0	0	0	0	0	0	0	
CNN1	184	0	0	0	0	0	0	2	0	0	0	0	0	0	0	0	2	2	4	2	0	2	0	0	0	0	0	0	0	0	
CNN1	185	0	0	0	0	0	0	2	0	0	0	0	0	0	0	0	2	2	4	2	0	2	0	0	0	0	0	0	0	0	
CNN1	186	0	0	0	0	0	0	2	0	0	0	0	0	0	0	0	2	2	4	2	0	2	0	0	0	0	0	0	0	0	
CNN1	187	0	0	0	0	0	0	2	0	0	0	0	0	0	0	0	2	2	4	2	0	2	0	0	0	0	0	0	0	0	
CNN1	188	0	0	0	0	0	0	2	0	0	0	0	0	0	0	0	2	2	4	2	0	2	0	0	0	0	0	0	0	0	
CNN1	189	0	0	0	0	0	0	2	0	0	0	0	0	0	0	0	2	2	4	2	0	2	0	0	0	0	0	0	0	0	
CNN1	190	0	0	0	0	0	0	2	0	0	0	0	0	0	0	0	2	2	4	2	0	2	0	0	0	0	0	0	0	0	
CNN1	191	0	0	0	0	0	0	0	0	0	0	0	0	0	0	0	0	0	0	0	0	0	0	0	0	0	0	0	0	0	
CNN1	192	0	0	0	0	0	0	0	0	0	0	0	0	0	0	0	0	0	0	0	0	0	0	0	0	0	0	0	0	0	
CNN1	193	0	0	0	0	0	0	0	0	0	0	0	0	0	0	0	0	0	0	0	0	0	0	0	0	0	0	0	0	0	
CNN1	194	0	0	0	0	0	0	0	0	0	0	0	0	0	0	0	0	0	0	0	0	0	0	0	0	0	0	0	0	0	
CNN1	195	0	0	0	0	0	0	0	0	0	0	0	0	0	0	0	0	0	0	0	0	0	0	0	0	0	0	0	0	0	
CNN1	196	0	0	0	0	0	0	0	0	0	0	0	0	0	0	0	0	0	0	0	0	0	0	0	0	0	0	0	0	0	
CNN1	197	0	0	0	0	0	0	0	0	0	0	0	0	0	0	0	0	0	0	0	0	0	0	0	0	0	0	0	0	0	
CNN1	198	0	0	0	0	0	0	0	0	0	0	0	0	0	0	0	0	0	0	0	0	0	0	0	0	0	0	0	0	0	
CNN1	199	0	0	0	0	0	0	0	0	0	0	0	0	0	0	0	0	0	0	0	0	0	0	0	0	0	0	0	0	0	
CNN1	200	0	0	0	0	0	0	0	0	0	0	0	0	0	0	0	0	0	0	0	0	0	0	0	0	0	0	0	0	0	
CNN1	201	0	0	0	0	0	0	0	0	0	0	0	0	0	0	0	0	0	0	0	0	0	0	0	0	0	0	0	0	0	
CNN1	202	0	0	0	0	0	0	0	0	0	0	0	0	0	0	0	0	0	0	0	0	0	0	0	0	0	0	0	0	0	
CNN1	203	0	0	0	0	0	0	0	0	0	0	0	0	0	0	0	0	0	0	0	0	0	0	0	0	0	0	0	0	0	
CNN1	204	0	0	0	0	0	0	0	0	0	0	0	0	0	0	0	0	0	0	0	0	0	0	0	0	0	0	0	0	0	
CNN1	205	0	0	0	0	0	0	0	0	0	0	0	0	0	0	0	0	0	0	0	0	0	0	0	0	0	0	0	0	0	
CNN1	206	0	0	0	0	0	0	0	0	0	0	0	0	0	0	0	0	0	0	0	0	0	0	0	0	0	0	0	0	0	
CNN1	207	0	0	0	0	0	0	0	0	0	0	0	0	0	0	0	0	0	0	0	0	0	0	0	0	0	0	0	0	0	
CNN1	208	0	0	0	0	0	0	0	0	0	0	0	0	0	0	0	0	0	0	0	0	0	0	0	0	0	0	0	0	0	
CNN1	209	0	0	0	0	0	0	0	0	0	0	0	0	0	0	0	0	0	0	0	0	0	0	0	0	0	0	0	0	0	
CNN1	210	0	0	0	0	0	0	0	0	0	0	0	0	0	0	0	0	0	0	0	0	0	0	0	0	0	0	0	0	0	
CNN1	211	0	0	0	0	0	0	0	0	0	0	0	0	0	0	0	0	0	0	0	0	0	0	0	0	0	0	0	0	0	
CNN1	212	0	0	0	0	0	0	0	0	0	0	0	0	0	0	0	0	0	0	0	0	0	0	0	0	0	0	0	0	0	
CNN1	213	0	0	0	0	0	0	0	0	0	0	0	0	0	0	0	0	0	0	0	0	0	0	0	0	0	0	0	0	0	
CNN1	214	0	0	0	0	0	0	0	0	0	0	0	0	0	0	0	0	0	0	0	0	0	0	0	0	0	0	0	0	0	
CNN1	215	0	0	0	0	0	0	0	0	0	0	0	0	0	0	0	0	0	0	0	0	0	0	0	0	0	0	0	0	0	
CNN1	216	0	0	0	0	0	0	0	0	0	0	0	0	0	0	0	0	0	0	0	0	0	0	0	0	0	0	0	0	0	
CNN1	217	0	0	0	0	0	0	0	0	0	0	0	0	0	0	0	0	0	0	0	0	0	0	0	0	0	0	0	0	0	
CNN1	218	0	0	0	0	0	0	0	0	0	0	0	0	0	0	0	0	0	0	0	0	0	0	0	0	0	0	0	0	0	
CNN1	219	0	0	0	0	0	0	0	0	0	0	0	0	0	0	0	0	0	0	0	0	0	0	0	0	0	0	0	0	0	
CNN1	220	0	0	0	0	0	0	0	0	0	0	0	0	0	0	0	0	0	0	0	0	0	0	0	0	0	0	0	0	0	
CNN1	221	0	0	0	0	0	0	0	0	0	0	0	0	0	0	0	0	0	0	0	0	0	0	0	0	0	0	0	0	0	
CNN1	222	0	0	0	0	0	0	0	0	0	0	0	0	0	0	0	0	0	0	0	0	0	0	0	0	0	0	0	0	0	
CNN1	223	0	0	0	0	0	0	0	0	0	0	0	0	0	0	0	0	0	0	0	0	0	0	0	0	0	0	0	0	0	
CNN1	224	0	0	0	0	0	0	0	0	0	0	0	0	0	0	0	0	0	0	0	0	0	0	0	0	0	0	0	0	0	
CNN1	225	0	0	0	0	0	0	0	0	0	0	0	0	0	0	0	0	0	0	0	0	0	0	0	0	0	0	0	0	0	
CNN1	226	0	0	0	0	0	0	0	0	0	0	0	0	0	0	0	0	0	0	0	0	0	0	0	0	0	0	0	0	0	
CNN1	227	0	0	0	0	0	0	0	0	0	0	0	0	0	0	0	0	0	0	0	0	0	0	0	0	0	0	0	0	0	
CNN1	228	0	0	0	0	0	0	0	0	0	0	0	0	0	0	0	0	0	0	0	0	0	0	0	0	0	0	0	0	0	
CNN1	229	0	0	0	0	0	0	0	0	0	0	0	0	0	0	0	0	0	0	0	0	0	0	0	0	0	0	0	0	0	
CNN1	230	0	0	0	0	0	0	0	0	0	0	0	0	0	0	0	0	0	0	0	0	0	0	0	0	0	0	0	0	0	
CNN1	231	0	0	0	0	0	0	0	0	0	0	0	0	0	0	0	0	0	0	0	0	0	0	0	0	0	0	0	0	0	
CNN1	232	0	0	0	0	0	0	0	0	0	0	0	0	0	0	0	0	0	0	0	0	0	0	0	0	0	0	0	0	0	
CNN1	233	0	0	0	0	0	0	0	0	0	0	0	0	0	0	0	0	0	0	0	0	0	0	0	0	0	0	0	0	0	
CNN1	234	0	0	0	0	0	0	0	0	0	0	0	0	0	0	0	0	0	0	0	0	0	0	0	0	0	0	0	0	0	
CNN1	235	0	0	0	0	0	0	0	0	0	0	0	0	0	0	0	0	0	0	0	0	0	0	0	0	0	0	0	0	0	
CNN1	236	0	0	0	0	0	0	0	0	0	0	0	0	0	0	0	0	0	0	0	0	0	0	0	0	0	0	0	0	0	
CNN1	237	0	0	0	0	0	0	0	0	0	0	0	0	0	0	0	0	0	0	0	0	0	0	0	0	0	0	0	0	0	
CNN1	238	0	0	0	0	0	0	0	0	0	0	0	0	0	0	0	0	0	0	0	0	0	0	0	0	0	0	0	0	0	
CNN1	239	0	0	0	0	0	0	0	0	0	0	0	0	0	0	0	0	0	0	0	0	0	0	0	0	0	0	0	0	0	
CNN1	240	0	0	0	0	0	0	0	0	0	0	0	0	0	0	0	0	0	0	0	0	0	0	0	0	0	0	0	0	0	
CNN1	241	0	0	0	0	0	0	0	0	0	0	0	0	0	0	0	0	0	0	0	0	0	0	0	0	0	0	0	0	0	
CNN1	242	0	0	0	0	0	0	0	0	0	0	0	0	0	0	0	0	0	0	0	0	0	0	0	0	0	0	0	0	0	
CNN1	243	0	0	0	0	0	0	0	0	0	0	0	0	0	0	0	0	0	0	0	0	0	0	0	0	0	0	0	0	0	
CNN1	244	0	0	0	0	0	0	0	0	0	0	0	0	0	0	0	0	0	0	0	0	0	0	0	0	0	0	0	0	0	
CNN1	245	0	0	0	0	0	0	0	0	0	0	0	0	0	0	0	0	0	0	0	0	0	0	0	0	0	0	0	0	0	
CNN1	246	0	0	0	0	0	0	0	0	0	0	0	0	0	0	0	0	0	0	0	0	0	0	0	0	0	0	0	0	0	
CNN1	247	0	0	0	0	0	0	0	0	0	0	0	0	0	0	0	0	0	0	0	0	0	0	0	0	0	0	0	0	0	
CNN1	248	0	0	0	0	0	0	0	0	0	0	0	0	0	0	0	0	0	0	0	0	0	0	0	0	0	0	0	0	0	
CNN1	249	0	0	0	0	0	0	0	0	0	0	0	0	0	0	0	0	0	0	0	0	0	0	0	0	0	0	0	0	0	
CNN1	250	0	0	0	0	0	0	0	0	0	0	0	0	0	0	0	0	0	0	0	0	0	0	0	0	0	0	0	0	0	
CNN1	251	0	0	0	0	0	0	0	0	0	0	0	0	0	0	0	0	0	0	0	0	0	0	0	0	0	0	0	0	0	
CNN1	252	0	0	0	0	0	0	0	0	0	0	0	0	0	0	0	0	0	0	0	0	0	0	0	0	0	0	0	0	0	
CNN1	253	0	0	0	0	0	0	0	0	0	0	0	0	0	0	0	0	0	0	0	0	0	0	0	0	0	0	0	0	0	
CNN1	254	0	0	0	0	0	0	0	0	0	0	0	0	0	0	0	0	0	0	0	0	0	0	0	0	0	0	0	0	0	
CNN1	255	0	0	0	0	0	0	0	0	0	0	0	0	0	0	0	0	0	0	0	0	0	0	0	0	0	0	0	0	0	
CNN1	256	0	0	0	0	0	0	0	0	0	0	0	0	0	0	0	0	0	0	0	0	0	0	0	0	0	0	0	0	0	
CNN1	257	0	0	0	0	0	0	0	0	0	0	0	0	0	0	0	0	0	0	0	0	0	0	0	0	0	0	0	0	0	
CNN1	258	0	0	0	0	0	0	0	0	0	0	0	0	0	0	0	0	0	0	0	0	0	0	0	0	0	0	0	0	0	
CNN1	259	0	0	0	0	0	0	0	0	0	0	0	0	0	0	0	0	0	0	0	0	0	0	0	0	0	0	0	0	0	
CNN1	260	0	0	0	0	0	0	0	3	0	47	118	60	2	3	5	0	0	5	0	3	0	0	0	0	0	0	0	0	0	
CNN1	261	0	0	0	0	0	0	0	3	0	47	118	60	2	3	5	0	0	5	0	3	0	0	0	0	0	0	0	0	0	
CNN1	262	0	0	0	0	0	0	0	3	0	47	118	60	2	3	5	0	0	5	0	3	0	0	0	0	0	0	0	0	0	
CNN1	263	0	0	0	0	0	0	0	3	0	47	118	60	2	3	5	0	0	5	0	3	0	0	0	0	0	0	0	0	0	
CNN1	264	0	0	0	0	0	0	0	3	0	47	118	60	2	3	5	0	0	5	0	3	0	0	0	0	0	0	0	0	0	
CNN1	265	0	0	0	0	0	0	0	3	0	47	118	60	2	3	5	0	0	5	0	3	0	0	0	0	0	0	0	0	0	
CNN1	266	0	0	0	0	0	0	0	3	0	47	118	60	2	3	5	0	0	5	0	3	0	0	0	0	0	0	0	0	0	
CNN1	267	0	0	0	0	0	0	0	0	0	4	12	6	0	0	0	0	0	0	0	0	0	0	0	0	0	0	0	0	0	
CNN1	268	0	0	0	0	0	0	0	0	0	13	14	12	0	0	0	0	0	0	4	0	2	0	0	0	2	2	0	0	0	
CNN1	269	0	0	0	0	0	0	0	0	0	13	14	12	0	0	0	0	0	0	4	0	2	0	0	0	2	2	0	0	0	
CNN1	270	0	0	0	0	0	0	0	0	0	13	14	12	0	0	0	0	0	0	4	0	2	0	0	0	2	2	0	0	0	
CNN1	271	0	0	0	0	0	0	0	0	0	13	14	12	0	0	0	0	0	0	4	0	2	0	0	0	2	2	0	0	0	
CNN1	272	0	0	0	0	0	0	0	0	0	13	14	12	0	0	0	0	0	0	4	0	2	0	0	0	2	2	0	0	0	
CNN1	273	0	0	0	0	0	0	0	0	0	13	14	12	0	0	0	0	0	0	4	0	2	0	0	0	2	2	0	0	0	
CNN1	274	0	0	0	0	0	0	0	0	0	13	14	12	0	0	0	0	0	0	4	0	2	0	0	0	2	2	0	0	0	
CNN1	275	0	0	0	0	0	0	0	0	0	13	14	12	0	0	0	0	0	0	4	0	2	0	0	0	2	2	0	0	0	
CNN1	276	0	0	0	0	0	0	0	0	0	13	14	12	0	0	0	0	0	0	4	0	2	0	0	0	2	2	0	0	0	
CNN1	277	0	0	0	0	0	0	0	0	0	13	14	12	0	0	0	0	0	0	4	0	2	0	0	0	2	2	0	0	0	
CNN1	278	0	0	0	0	0	0	0	0	0	13	14	12	0	0	0	0	0	0	4	0	2	0	0	0	2	2	0	0	0	
CNN1	279	0	0	0	0	0	0	0	0	0	13	14	12	0	0	0	0	0	0	4	0	2	0	0	0	2	2	0	0	0	
CNN1	280	0	0	0	0	0	0	0	0	0	11	12	9	0	0	0	0	0	0	0	0	0	0	0	0	0	0	0	0	0	
CNN1	281	0	0	0	0	0	0	0	0	0	11	12	9	0	0	0	0	0	0	0	0	0	0	0	0	0	0	0	0	0	
CNN1	282	0	0	0	0	0	0	0	0	0	11	12	9	0	0	0	0	0	0	0	0	0	0	0	0	0	0	0	0	0	
CNN1	283	0	0	0	0	0	0	0	0	0	11	12	9	0	0	0	0	0	0	0	0	0	0	0	0	0	0	0	0	0	
CNN1	284	0	0	0	0	0	0	0	0	0	2	4	0	0	0	0	0	0	0	0	0	0	0	0	0	0	0	0	0	0	
CNN1	285	0	0	0	0	0	0	0	0	0	2	4	0	0	0	0	0	0	0	0	0	0	0	0	0	0	0	0	0	0	
CNN1	286	0	0	0	0	0	0	0	0	0	2	4	0	0	0	0	0	0	0	0	0	0	0	0	0	0	0	0	0	0	
CNN1	287	0	0	0	0	0	0	0	0	0	2	4	0	0	0	0	0	0	0	0	0	0	0	0	0	0	0	0	0	0	
CNN1	288	0	0	0	0	0	0	0	0	0	2	4	0	0	0	0	0	0	0	0	0	0	0	0	0	0	0	0	0	0	
CNN1	289	0	0	0	0	0	0	0	0	0	2	4	0	0	0	0	0	0	0	0	0	0	0	0	0	0	0	0	0	0	
CNN1	290	0	0	0	0	0	0	0	0	0	2	4	0	0	0	0	0	0	0	0	0	0	0	0	0	0	0	0	0	0	
CNN1	291	0	0	0	0	0	0	0	0	0	0	2	0	0	0	0	0	0	0	0	0	0	0	0	0	0	0	0	0	0	
CNN1	292	0	0	0	0	0	0	0	0	0	0	2	0	0	0	0	0	0	0	0	0	0	0	0	0	0	0	0	0	0	
CNN1	293	0	0	0	0	0	0	0	0	0	0	2	0	0	0	0	0	0	0	0	0	0	0	0	0	0	0	0	0	0	
CNN1	294	0	0	0	0	0	0	0	0	0	0	2	0	0	0	0	0	0	0	0	0	0	0	0	0	0	0	0	0	0	
CNN1	295	0	0	0	0	0	0	0	0	0	0	2	0	0	0	0	0	0	0	0	0	0	0	0	0	0	0	0	0	0	
CNN1	296	0	0	0	0	0	0	0	0	0	0	0	0	0	0	0	0	0	0	0	0	0	0	0	0	0	0	0	0	0	
CNN1	297	0	0	0	0	0	0	0	0	0	0	0	0	0	0	0	0	0	0	0	0	0	0	0	0	0	0	0	0	0	
CNN1	298	0	0	0	0	0	0	0	0	0	0	0	0	0	0	0	0	0	0	0	0	0	0	0	0	0	0	0	0	0	
CNN1	299	0	0	0	0	0	0	0	0	0	0	0	0	0	0	0	0	0	0	0	0	0	0	0	0	0	0	0	0	0	
CNN1	300	0	0	0	0	0	0	0	0	0	0	0	0	0	0	0	0	0	0	0	0	0	0	0	0	0	0	0	0	0	
CNN1	301	0	0	0	0	0	0	0	0	0	0	0	0	0	0	0	0	0	0	0	0	0	0	0	0	0	0	0	0	0	
CNN1	302	0	0	0	0	0	0	0	0	0	0	0	0	0	0	0	0	0	0	0	0	0	0	0	0	0	0	0	0	0	
CNN1	303	0	0	0	0	0	0	0	0	0	0	0	0	0	0	0	0	0	0	0	0	0	0	0	0	0	0	0	0	0	
CNN1	304	0	0	0	0	0	0	0	0	0	0	0	0	0	0	0	0	0	0	0	0	0	0	0	0	0	0	0	0	0	
CNN1	305	0	0	0	0	0	0	0	0	0	0	0	0	0	0	0	0	0	0	0	0	0	0	0	0	0	0	0	0	0	
CNN1	306	0	0	0	0	0	0	0	0	0	0	0	0	0	0	0	0	0	0	0	0	0	0	0	0	0	0	0	0	0	
CNN1	307	0	0	0	0	0	0	0	0	0	0	0	0	0	0	0	0	0	0	0	0	0	0	0	0	0	0	0	0	0	
CNN1	308	0	0	0	0	0	0	0	0	0	0	0	0	0	0	0	0	0	0	0	0	0	0	0	0	0	0	0	0	0	
CNN1	309	0	0	0	0	0	0	0	0	0	0	0	0	0	0	0	0	0	0	0	0	0	0	0	0	0	0	0	0	0	
CNN1	310	0	0	0	0	0	0	0	0	0	0	0	0	0	0	0	0	0	0	0	0	0	0	0	0	0	0	0	0	0	
CNN1	311	0	0	0	0	0	0	0	0	0	0	0	0	0	0	0	0	0	0	0	0	0	0	0	0	0	0	0	0	0	
CNN1	312	0	0	0	0	0	0	0	0	0	0	0	0	0	0	0	0	0	0	0	0	0	0	0	0	0	0	0	0	0	
CNN1	313	0	0	0	0	0	0	0	0	0	0	0	0	0	0	0	0	0	0	0	0	0	0	0	0	0	0	0	0	0	
CNN1	314	0	0	0	0	0	0	0	0	0	0	0	0	0	0	0	0	0	0	0	0	0	0	0	0	0	0	0	0	0	
CNN1	315	0	0	0	0	0	0	0	0	0	0	0	0	0	0	0	0	0	0	0	0	0	0	0	0	0	0	0	0	0	
CNN1	316	0	0	0	0	0	0	0	0	0	0	0	0	0	0	0	0	0	0	0	0	0	0	0	0	0	0	0	0	0	
CNN1	317	0	0	0	0	0	0	0	0	0	0	0	0	0	0	0	0	0	0	0	0	0	0	0	0	0	0	0	0	0	
CNN1	318	0	0	0	0	0	0	0	0	0	0	0	0	0	0	0	0	0	0	0	0	0	0	0	0	0	0	0	0	0	
CNN1	319	0	0	0	0	0	0	0	0	0	0	0	0	0	0	0	0	0	0	0	0	0	0	0	0	0	0	0	0	0	
CNN1	320	0	0	0	0	0	0	0	0	0	0	0	0	0	0	0	0	0	0	0	0	0	0	0	0	0	0	0	0	0	
CNN1	321	0	0	0	0	0	0	0	0	0	0	0	0	0	0	0	0	0	0	0	0	0	0	0	0	0	0	0	0	0	
CNN1	322	0	0	0	0	0	0	0	0	0	0	0	0	0	0	0	0	0	0	0	0	0	0	0	0	0	0	0	0	0	
CNN1	323	0	0	0	0	0	0	0	0	0	0	0	0	0	0	0	0	0	0	0	0	0	0	0	0	0	0	0	0	0	
CNN1	324	0	0	0	0	0	0	0	0	0	0	0	0	0	0	0	0	0	0	0	0	0	0	0	0	0	0	0	0	0	
CNN1	325	0	0	0	0	0	0	0	0	0	0	0	0	0	0	0	0	0	0	0	0	0	0	0	0	0	0	0	0	0	
CNN1	326	0	0	0	0	0	0	0	0	0	0	0	0	0	0	0	0	0	0	0	0	0	0	0	0	0	0	0	0	0	
CNN1	327	0	0	0	0	0	0	0	0	0	0	0	0	0	0	0	0	0	0	0	0	0	0	0	0	0	0	0	0	0	
CNN1	328	0	0	0	0	0	0	0	0	0	0	0	0	0	0	0	0	0	0	0	0	0	0	0	0	0	0	0	0	0	
CNN1	329	0	0	0	0	0	0	0	0	0	0	0	0	0	0	0	0	0	0	0	0	0	0	0	0	0	0	0	0	0	
CNN1	330	0	0	0	0	0	0	0	0	0	0	0	0	0	0	0	0	0	0	0	0	0	0	0	0	0	0	0	0	0	
CNN1	331	0	0	0	0	0	0	0	0	0	0	0	0	0	0	0	0	0	0	0	0	0	0	0	0	0	0	0	0	0	
CNN1	332	0	0	0	0	0	0	0	0	0	0	0	0	0	0	0	0	0	0	0	0	0	0	0	0	0	0	0	0	0	
CNN1	333	0	0	0	0	0	0	0	0	0	0	0	0	0	0	0	0	0	0	0	0	0	0	0	0	0	0	0	0	0	
CNN1	334	0	0	0	0	0	0	0	0	0	0	0	0	0	0	0	0	0	0	0	0	0	0	0	0	0	0	0	0	0	
CNN1	335	0	0	0	0	0	0	0	0	0	0	0	0	0	0	0	0	0	0	0	0	0	0	0	0	0	0	0	0	0	
CNN1	336	0	0	0	0	0	0	0	0	0	0	0	0	0	0	0	0	0	0	0	0	0	0	0	0	0	0	0	0	0	
CNN1	337	0	0	0	0	0	0	0	0	0	0	0	0	0	0	0	0	0	0	0	0	0	0	0	0	0	0	0	0	0	
CNN1	338	0	0	0	0	0	0	0	0	0	0	0	0	0	0	0	0	0	0	0	0	0	0	0	0	0	0	0	0	0	
CNN1	339	0	0	0	0	0	0	0	0	0	0	0	0	0	0	0	0	0	0	0	0	0	0	0	0	0	0	0	0	0	
CNN1	340	0	0	0	0	0	0	0	0	0	0	0	0	0	0	0	0	0	0	0	0	0	0	0	0	0	0	0	0	0	
CNN1	341	0	0	0	0	0	0	0	0	0	0	0	0	0	0	0	0	0	0	0	0	0	0	0	0	0	0	0	0	0	
CNN1	342	0	0	0	0	0	0	0	0	0	0	0	0	0	0	0	0	0	0	0	0	0	0	0	0	0	0	0	0	0	
CNN1	343	0	0	0	0	0	0	0	0	0	0	0	0	0	0	0	0	0	0	0	0	0	0	0	0	0	0	0	0	0	
CNN1	344	0	0	0	0	0	0	0	0	0	0	0	0	0	0	0	0	0	0	0	0	0	0	0	0	0	0	0	0	0	
CNN1	345	0	0	0	0	0	0	0	0	0	0	0	0	0	0	0	0	0	0	0	0	0	0	0	0	0	0	0	0	0	
CNN1	346	0	0	0	0	0	0	0	0	0	0	0	0	0	0	0	0	0	0	0	0	0	0	0	0	0	0	0	0	0	
CNN1	347	0	0	0	0	0	0	0	0	0	0	0	0	0	0	0	0	0	0	0	0	0	0	0	0	0	0	0	0	0	
CNN1	348	0	0	0	0	0	0	0	0	0	0	0	0	0	0	0	0	0	0	0	0	0	0	0	0	0	0	0	0	0	
CNN1	349	0	0	0	0	0	0	0	0	0	0	0	0	0	0	0	0	0	0	0	0	0	0	0	0	0	0	0	0	0	
CNN1	350	0	0	0	0	0	0	0	0	0	0	0	0	0	0	0	0	0	0	0	0	0	0	0	0	0	0	0	0	0	
CNN1	351	0	0	0	0	0	0	0	0	0	0	0	0	0	0	0	0	0	0	0	0	0	0	0	0	0	0	0	0	0	
CNN1	352	0	0	0	0	0	0	0	0	0	0	0	0	0	0	0	0	0	0	0	0	0	0	0	0	0	0	0	0	0	
CNN1	353	0	0	0	0	0	0	0	0	0	0	0	0	0	0	0	0	0	0	0	0	0	0	0	0	0	0	0	0	0	
CNN1	354	0	0	0	0	0	0	0	0	0	0	0	0	0	0	0	0	0	0	0	0	0	0	0	0	0	0	0	0	0	
CNN1	355	0	0	0	0	0	0	0	0	0	0	0	0	0	0	0	0	0	0	0	0	0	0	0	0	0	0	0	0	0	
CNN1	356	0	0	0	0	0	0	0	0	0	0	0	0	0	0	0	0	0	0	0	0	0	0	0	0	0	0	0	0	0	
CNN1	357	0	0	0	0	0	0	0	0	0	0	0	0	0	0	0	0	0	0	0	0	0	0	0	0	0	0	0	0	0	
CNN1	358	0	0	0	0	0	0	0	0	0	0	0	0	0	0	0	0	0	0	0	0	0	0	0	0	0	0	0	0	0	
CNN1	359	0	0	0	0	0	0	0	0	0	0	0	0	0	0	0	0	0	0	0	0	0	0	0	0	0	0	0	0	0	
CNN1	360	0	0	0	0	0	0	0	0	0	0	0	0	0	0	0	0	0	0	0	0	0	0	0	0	0	0	0	0	0	
CNN1	361	0	0	0	0	0	0	0	0	0	0	0	0	0	0	0	0	0	0	0	0	0	0	0	0	0	0	0	0	0	
