protein	site	PSMs_001_Stu1-3FLAG_DMSO.csv	PSMs_002_Stu1-3FLAG_Cdc200-AID.csv	PSMs_003_Stu1-3FLAG_Benomyl.csv	PSMs_004_Stu1FLAG_Bub1V5_double_step_IP.csv	PSMs_005_Stu1_TOG1del_cutout_1.csv	PSMs_006_Stu1_TOG1del_cutout_2.csv	PSMs_007_Dsn1-flag.csv	PSMs_008_Dsn1-flag_mps1-1.csv	PSMs_009_Dsn1-flag_pgal-mps1.csv	PSMs_010_Dsn1-flag_ndc80.csv	PSMs_011_Dsn1-flag_ndc80-2a.csv	PSMs_012_Dsn1-flag_ndc80-2d.csv	PSMs_013_Dsn1-flag_ndc80_cdc15-2.csv	PSMs_014_Dsn1-flag_ndc80-2a_cdc15-2.csv	PSMs_015_Dsn1-flag_ndc80-2d_cdc15-2.csv	PSMs_016_Dsn1-flag.csv	PSMs_017_Dsn1-flag_mps1-1.csv	PSMs_018_ndc80-flag.csv	PSMs_019_ndc80-3flag.csv	PSMs_020_ndc80-flag_pgal-mps1.csv	PSMs_021_ndc80-3flag_pgal-mps1.csv	PSMs_022_dad1-flag.csv	PSMs_023_dad1-flag.csv	PSMs_024_dad1-flag_pgal-mps1.csv	PSMs_025_Nitobe_SCX1_Mtw1-3FLAG.csv	PSMs_025_Nitobe_SCX2_Mtw1-3FLAG.csv	PSMs_025_Nitobe_SCX3_Mtw1-3FLAG.csv	PSMs_025_Nitobe_SCX4_Mtw1-3FLAG.csv	PSMs_025_Nitobe_SCX5_Mtw1-3FLAG.csv	
DAD3	0	0	0	0	0	0	0	0	0	0	0	0	0	0	0	0	0	0	0	0	0	0	0	0	0	0	0	0	0	0	
DAD3	1	0	0	0	0	0	0	0	0	0	0	0	0	4	2	9	0	0	2	0	0	0	2	0	0	9	9	10	11	7	
DAD3	2	0	0	0	0	0	0	0	0	0	0	0	0	4	2	9	0	0	2	0	0	0	2	0	0	9	9	10	11	7	
DAD3	3	0	0	0	0	0	0	0	0	0	0	0	0	4	2	9	0	0	2	0	0	0	2	0	0	9	9	10	11	7	
DAD3	4	0	0	0	0	0	0	0	0	0	0	0	0	4	2	9	0	0	2	0	0	0	2	0	0	9	9	10	11	7	
DAD3	5	0	0	0	0	0	0	0	0	0	0	0	0	4	2	9	0	0	2	0	0	0	2	0	0	9	9	10	11	7	
DAD3	6	0	0	0	0	0	0	0	0	0	0	0	0	4	2	9	0	0	2	0	0	0	2	0	0	9	9	10	11	7	
DAD3	7	0	0	0	0	0	0	0	0	0	0	0	0	4	2	9	0	0	2	0	0	0	2	0	0	9	9	10	11	7	
DAD3	8	0	0	0	0	0	0	0	0	0	0	0	0	4	2	9	0	0	2	0	0	0	2	0	0	9	9	10	11	7	
DAD3	9	0	0	0	0	0	0	0	0	0	0	0	0	4	2	9	0	0	2	0	0	0	2	0	0	9	9	10	11	7	
DAD3	10	0	0	0	0	0	0	0	0	0	0	0	0	4	2	9	0	0	2	0	0	0	2	0	0	9	9	10	11	7	
DAD3	11	0	0	0	0	0	0	0	0	0	0	0	0	4	2	9	0	0	2	0	0	0	2	0	0	9	9	10	11	7	
DAD3	12	0	0	0	0	0	0	0	0	0	0	0	0	4	2	9	0	0	2	0	0	0	2	0	0	9	9	10	11	7	
DAD3	13	0	0	0	0	0	0	0	0	0	0	0	0	4	2	9	0	0	2	0	0	0	2	0	0	9	9	10	11	7	
DAD3	14	0	0	0	0	0	0	0	0	0	0	0	0	4	2	9	0	0	2	0	0	0	2	0	0	9	9	10	11	7	
DAD3	15	0	0	0	0	0	0	0	0	0	0	0	0	4	2	9	0	0	2	0	0	0	2	0	0	9	9	10	11	7	
DAD3	16	0	0	0	0	0	0	0	0	0	0	0	0	2	2	5	0	0	2	0	0	0	2	0	0	5	5	4	5	5	
DAD3	17	0	0	0	0	0	0	0	0	0	0	0	0	2	2	5	0	0	2	0	0	0	2	0	0	5	5	4	5	5	
DAD3	18	0	0	0	0	0	0	0	0	0	4	2	2	6	3	6	0	0	4	2	0	0	4	7	7	2	2	0	0	0	
DAD3	19	0	0	0	0	0	0	0	0	0	4	2	2	6	3	6	0	0	4	2	0	0	4	7	7	2	2	0	0	0	
DAD3	20	0	0	0	0	0	0	0	0	0	4	2	2	6	3	6	0	0	4	2	0	0	4	7	7	2	2	0	0	0	
DAD3	21	0	0	0	0	0	0	0	0	0	4	2	2	6	3	6	0	0	4	2	0	0	4	7	7	2	2	0	0	0	
DAD3	22	0	0	0	0	0	0	0	0	0	4	2	2	6	3	6	0	0	4	2	0	0	4	7	7	2	2	0	0	0	
DAD3	23	0	0	0	0	0	0	0	0	0	4	2	2	6	3	6	0	0	4	2	0	0	4	7	7	2	2	0	0	0	
DAD3	24	0	0	0	0	0	0	0	0	0	4	2	2	6	3	6	0	0	4	2	0	0	4	7	7	2	2	0	0	0	
DAD3	25	0	0	0	0	0	0	0	0	0	5	2	3	6	3	5	0	0	2	18	0	5	4	4	8	0	0	0	0	0	
DAD3	26	0	0	0	0	0	0	0	0	0	5	2	3	6	3	5	0	0	2	18	0	5	4	4	8	0	0	0	0	0	
DAD3	27	0	0	0	0	0	0	0	0	0	5	2	3	6	3	5	0	0	2	18	0	5	4	4	8	0	0	0	0	0	
DAD3	28	0	0	0	0	0	0	0	0	0	5	2	3	6	3	5	0	0	2	18	0	5	4	4	8	0	0	0	0	0	
DAD3	29	0	0	0	0	0	0	0	0	0	5	2	3	6	3	5	0	0	2	18	0	5	4	4	8	0	0	0	0	0	
DAD3	30	0	0	0	0	0	0	0	0	0	5	2	3	6	3	5	0	0	2	18	0	5	4	4	8	0	0	0	0	0	
DAD3	31	0	0	0	0	0	0	0	0	0	5	2	3	6	3	5	0	0	2	18	0	5	4	4	8	0	0	0	0	0	
DAD3	32	0	0	0	0	0	0	0	0	0	5	2	3	6	3	5	0	0	2	18	0	5	4	4	10	2	4	2	2	2	
DAD3	33	0	0	0	0	0	0	0	0	0	5	2	3	6	3	5	0	0	2	18	0	5	4	4	10	2	4	2	2	2	
DAD3	34	0	0	0	0	0	0	0	0	0	5	2	3	6	3	5	0	0	2	18	0	5	4	4	10	2	4	2	2	2	
DAD3	35	0	0	0	0	0	0	0	0	0	5	2	3	6	3	5	0	0	2	18	0	5	4	4	10	2	4	2	2	2	
DAD3	36	0	0	0	0	0	0	0	0	0	5	2	3	6	3	5	0	0	2	18	0	5	4	4	10	2	4	2	2	2	
DAD3	37	0	0	0	0	0	0	0	0	0	5	2	3	6	3	5	0	0	2	18	0	5	4	4	10	2	4	2	2	2	
DAD3	38	0	0	0	0	0	0	0	0	0	5	2	3	6	3	5	0	0	2	18	0	5	4	4	10	2	4	2	2	2	
DAD3	39	0	0	0	0	0	0	0	0	0	5	2	3	6	3	5	0	0	2	18	0	5	4	4	10	2	4	2	2	2	
DAD3	40	0	0	0	0	0	0	0	3	0	0	0	0	5	5	6	0	0	4	32	0	3	9	30	66	7	4	4	6	2	
DAD3	41	0	0	0	0	0	0	0	3	0	0	0	0	5	5	6	0	0	4	32	0	3	9	30	66	7	4	4	6	2	
DAD3	42	0	0	0	0	0	0	0	3	0	0	0	0	5	5	6	0	0	4	32	0	3	9	30	66	7	4	4	6	2	
DAD3	43	0	0	0	0	0	0	0	3	0	0	0	0	5	5	6	0	0	4	32	0	3	9	30	66	7	4	4	6	2	
DAD3	44	0	0	0	0	0	0	0	3	0	0	0	0	5	5	6	0	0	4	32	0	3	9	30	66	7	4	4	6	2	
DAD3	45	0	0	0	0	0	0	0	3	0	0	0	0	5	5	6	0	0	4	32	0	3	9	30	66	7	4	4	6	2	
DAD3	46	0	0	0	0	0	0	0	3	0	0	0	0	5	5	6	0	0	4	32	0	3	9	30	66	7	4	4	6	2	
DAD3	47	0	0	0	0	0	0	0	3	0	0	0	0	5	5	6	0	0	4	32	0	3	9	30	66	7	4	4	6	2	
DAD3	48	0	0	0	0	0	0	0	3	0	0	0	0	5	5	6	0	0	4	32	0	3	9	30	66	7	4	4	6	2	
DAD3	49	0	0	0	0	0	0	0	3	0	0	0	0	5	5	6	0	0	4	32	0	3	9	30	66	7	4	4	6	2	
DAD3	50	0	0	0	0	0	0	0	3	0	0	0	0	5	5	6	0	0	4	32	0	3	9	30	66	7	4	4	6	2	
DAD3	51	0	0	0	0	0	0	0	3	0	0	0	0	5	5	6	0	0	4	32	0	3	9	30	66	7	4	4	6	2	
DAD3	52	0	0	0	0	0	0	0	3	0	0	0	0	5	5	6	0	0	4	32	0	3	9	30	66	7	4	4	6	2	
DAD3	53	0	0	0	0	0	0	0	3	0	0	0	0	5	5	6	0	0	4	32	0	3	9	30	66	7	4	4	6	2	
DAD3	54	0	0	0	0	0	0	0	3	0	0	0	0	5	5	6	0	0	4	32	0	3	9	30	66	7	4	4	6	2	
DAD3	55	0	0	0	0	0	0	0	3	0	0	0	0	5	5	6	0	0	4	32	0	3	9	30	66	7	4	4	6	2	
DAD3	56	0	0	0	0	0	0	0	3	0	0	0	0	5	5	6	0	0	4	32	0	3	9	30	66	7	4	4	6	2	
DAD3	57	0	0	0	0	0	0	0	3	0	0	0	0	5	5	6	0	0	4	32	0	3	9	30	66	7	4	4	6	2	
DAD3	58	0	0	0	0	0	0	0	3	0	0	0	0	5	5	6	0	0	4	32	0	3	9	30	66	7	4	4	6	2	
DAD3	59	0	0	0	0	0	0	0	0	0	0	2	0	2	2	3	0	0	0	10	0	0	2	2	3	0	0	0	0	0	
DAD3	60	0	0	0	0	0	0	0	0	0	0	2	0	2	2	3	0	0	0	10	0	0	2	2	3	0	0	0	0	0	
DAD3	61	0	0	0	0	0	0	0	0	0	0	2	0	2	2	3	0	0	0	10	0	0	2	2	3	0	0	0	0	0	
DAD3	62	0	0	0	0	0	0	0	0	0	0	2	0	2	2	3	0	0	0	10	0	0	2	2	3	0	0	0	0	0	
DAD3	63	0	0	0	0	0	0	0	0	0	0	2	0	2	2	3	0	0	0	10	0	0	2	2	3	0	0	0	0	0	
DAD3	64	0	0	0	0	0	0	0	0	0	2	2	0	2	0	4	0	0	0	6	0	2	0	0	2	2	2	6	2	5	
DAD3	65	0	0	0	0	0	0	0	0	0	2	2	0	2	0	4	0	0	0	6	0	2	0	0	2	2	2	6	2	5	
DAD3	66	0	0	0	0	0	0	0	0	0	2	2	0	2	0	4	0	0	0	6	0	2	0	0	2	2	2	6	2	5	
DAD3	67	0	0	0	0	0	0	0	0	0	2	2	0	2	0	4	0	0	0	6	0	2	0	0	2	2	2	6	2	5	
DAD3	68	0	0	0	0	0	0	0	0	0	2	2	0	2	0	4	0	0	0	6	0	2	0	0	2	2	2	6	2	5	
DAD3	69	0	0	0	0	0	0	0	0	0	2	2	0	2	0	4	0	0	0	6	0	2	0	0	2	2	2	6	2	5	
DAD3	70	0	0	0	0	0	0	0	0	0	2	2	0	2	0	4	0	0	0	6	0	2	0	0	2	2	2	6	2	5	
DAD3	71	0	0	0	0	0	0	0	0	0	2	2	0	2	0	4	0	0	0	6	0	2	0	0	2	2	2	6	2	5	
DAD3	72	0	0	0	0	0	0	0	0	0	2	2	0	2	0	4	0	0	0	6	0	2	0	0	2	2	2	6	2	5	
DAD3	73	0	0	0	0	0	0	0	0	0	2	2	0	2	0	4	0	0	0	4	0	2	0	0	8	4	0	6	0	0	
DAD3	74	0	0	0	0	0	0	0	0	0	2	2	0	2	0	4	0	0	0	4	0	2	0	0	8	4	0	6	0	0	
DAD3	75	0	0	0	0	0	0	0	0	0	2	2	0	2	0	4	0	0	0	4	0	2	0	0	8	4	0	6	0	0	
DAD3	76	0	0	0	0	0	0	0	0	0	2	2	0	2	0	4	0	0	0	4	0	2	0	0	8	4	0	6	0	0	
DAD3	77	0	0	0	0	0	0	0	0	0	2	2	0	2	0	4	0	0	0	4	0	2	0	0	8	4	0	6	0	0	
DAD3	78	0	0	0	0	0	0	0	0	0	2	2	0	2	0	4	0	0	0	4	0	2	0	0	8	4	0	6	0	0	
DAD3	79	0	0	0	0	0	0	0	0	0	2	2	0	2	0	4	0	0	0	4	0	2	0	0	8	4	0	6	0	0	
DAD3	80	0	0	0	0	0	0	0	0	0	2	2	0	2	0	4	0	0	0	4	0	2	0	0	8	4	0	6	0	0	
DAD3	81	0	0	0	0	0	0	0	0	0	2	2	0	2	0	4	0	0	0	4	0	2	0	0	8	4	0	6	0	0	
DAD3	82	0	0	0	0	0	0	0	0	0	2	2	0	2	0	4	0	0	0	4	0	2	0	0	8	4	0	6	0	0	
DAD3	83	0	0	0	0	0	0	0	0	0	4	0	2	4	2	4	0	0	0	2	0	0	0	0	0	0	0	0	0	0	
DAD3	84	0	0	0	0	0	0	0	0	0	2	0	2	2	2	2	0	0	0	0	0	0	0	3	0	0	0	0	0	0	
DAD3	85	0	0	0	0	0	0	0	0	0	2	0	2	2	2	2	0	0	0	0	0	0	0	3	0	0	0	0	0	0	
DAD3	86	0	0	0	0	0	0	0	0	0	2	0	2	2	2	2	0	0	0	0	0	0	0	3	0	0	0	0	0	0	
DAD3	87	0	0	0	0	0	0	0	0	0	2	0	2	2	2	2	0	0	0	0	0	0	0	3	0	0	0	0	0	0	
DAD3	88	0	0	0	0	0	0	0	0	0	2	0	2	2	2	2	0	0	0	0	0	0	0	3	0	0	0	0	0	0	
DAD3	89	0	0	0	0	0	0	0	0	0	2	0	2	2	2	2	0	0	0	0	0	0	0	3	0	0	0	0	0	0	
DAD3	90	0	0	0	0	0	0	0	0	0	2	0	2	2	2	2	0	0	0	0	0	0	0	3	0	0	0	0	0	0	
DAD3	91	0	0	0	0	0	0	0	0	0	2	0	2	2	2	2	0	0	0	0	0	0	0	3	0	0	0	0	0	0	
DAD3	92	0	0	0	0	0	0	0	0	0	2	0	2	2	2	2	0	0	0	0	0	0	0	3	0	0	0	0	0	0	
DAD3	93	0	0	0	0	0	0	0	0	0	2	0	2	2	2	2	0	0	0	0	0	0	0	3	0	0	0	0	0	0	
DAD3	94	0	0	0	0	0	0	0	0	0	2	0	2	2	2	2	0	0	0	0	0	0	0	3	0	0	0	0	0	0	
