protein	site	PSMs_001_Stu1-3FLAG_DMSO.csv	PSMs_002_Stu1-3FLAG_Cdc200-AID.csv	PSMs_003_Stu1-3FLAG_Benomyl.csv	PSMs_004_Stu1FLAG_Bub1V5_double_step_IP.csv	PSMs_005_Stu1_TOG1del_cutout_1.csv	PSMs_006_Stu1_TOG1del_cutout_2.csv	PSMs_007_Dsn1-flag.csv	PSMs_008_Dsn1-flag_mps1-1.csv	PSMs_009_Dsn1-flag_pgal-mps1.csv	PSMs_010_Dsn1-flag_ndc80.csv	PSMs_011_Dsn1-flag_ndc80-2a.csv	PSMs_012_Dsn1-flag_ndc80-2d.csv	PSMs_013_Dsn1-flag_ndc80_cdc15-2.csv	PSMs_014_Dsn1-flag_ndc80-2a_cdc15-2.csv	PSMs_015_Dsn1-flag_ndc80-2d_cdc15-2.csv	PSMs_016_Dsn1-flag.csv	PSMs_017_Dsn1-flag_mps1-1.csv	PSMs_018_ndc80-flag.csv	PSMs_019_ndc80-3flag.csv	PSMs_020_ndc80-flag_pgal-mps1.csv	PSMs_021_ndc80-3flag_pgal-mps1.csv	PSMs_022_dad1-flag.csv	PSMs_023_dad1-flag.csv	PSMs_024_dad1-flag_pgal-mps1.csv	PSMs_025_Nitobe_SCX1_Mtw1-3FLAG.csv	PSMs_025_Nitobe_SCX2_Mtw1-3FLAG.csv	PSMs_025_Nitobe_SCX3_Mtw1-3FLAG.csv	PSMs_025_Nitobe_SCX4_Mtw1-3FLAG.csv	PSMs_025_Nitobe_SCX5_Mtw1-3FLAG.csv	
DUO1	0	0	0	0	0	0	0	0	0	0	0	0	0	0	0	0	0	0	0	0	0	0	0	0	0	0	0	0	0	0	
DUO1	1	0	0	0	0	0	0	0	0	0	0	2	0	0	0	3	0	0	0	28	0	3	0	17	19	3	2	0	0	0	
DUO1	2	0	0	0	0	0	0	0	0	0	0	2	0	0	0	3	0	0	0	28	0	3	0	17	19	3	2	0	0	0	
DUO1	3	0	0	0	0	0	0	0	0	0	0	2	0	0	0	3	0	0	0	28	0	3	0	17	19	3	2	0	0	0	
DUO1	4	0	0	0	0	0	0	0	0	0	0	2	0	0	0	3	0	0	0	28	0	3	0	17	19	3	2	0	0	0	
DUO1	5	0	0	0	0	0	0	0	0	0	0	2	0	0	0	3	0	0	0	28	0	3	0	17	19	3	2	0	0	0	
DUO1	6	0	0	0	0	0	0	0	0	0	0	2	0	0	0	3	0	0	0	28	0	3	0	17	19	3	2	0	0	0	
DUO1	7	0	0	0	0	0	0	0	0	0	0	2	0	0	0	3	0	0	0	28	0	3	0	17	19	3	2	0	0	0	
DUO1	8	0	0	0	0	0	0	0	0	0	0	2	0	0	0	3	0	0	0	28	0	3	0	17	19	3	2	0	0	0	
DUO1	9	0	0	0	0	0	0	0	0	0	0	2	0	0	0	3	0	0	0	28	0	3	0	17	19	3	2	0	0	0	
DUO1	10	0	0	0	0	0	0	0	0	0	0	2	0	0	0	3	0	0	0	28	0	3	0	17	19	3	2	0	0	0	
DUO1	11	0	0	0	0	0	0	0	0	0	0	2	0	0	0	3	0	0	0	28	0	3	0	17	19	3	2	0	0	0	
DUO1	12	0	0	0	0	0	0	0	0	0	0	2	0	0	0	3	0	0	0	28	0	3	0	17	19	3	2	0	0	0	
DUO1	13	0	0	0	0	0	0	0	0	0	0	2	0	0	0	3	0	0	0	28	0	3	0	17	19	3	2	0	0	0	
DUO1	14	0	0	0	0	0	0	0	0	0	0	2	0	0	0	3	0	0	0	28	0	3	0	17	19	3	2	0	0	0	
DUO1	15	0	0	0	0	0	0	0	0	0	0	0	0	0	0	0	0	0	0	31	0	5	0	14	11	3	4	0	2	2	
DUO1	16	0	0	0	0	0	0	0	0	0	0	0	0	0	0	0	0	0	0	31	0	5	0	14	11	3	4	0	2	2	
DUO1	17	0	0	0	0	0	0	0	0	0	0	0	0	0	0	0	0	0	0	31	0	5	0	14	11	3	4	0	2	2	
DUO1	18	0	0	0	0	0	0	0	0	0	0	0	0	0	0	0	0	0	0	31	0	5	0	14	11	3	4	0	2	2	
DUO1	19	0	0	0	0	0	0	0	0	0	0	0	0	0	0	0	0	0	0	31	0	5	0	14	11	3	4	0	2	2	
DUO1	20	0	0	0	0	0	0	0	0	0	0	0	0	0	0	0	0	0	0	31	0	5	0	14	11	3	4	0	2	2	
DUO1	21	0	0	0	0	0	0	0	0	0	0	0	0	0	0	0	0	0	0	31	0	5	0	14	11	3	4	0	2	2	
DUO1	22	0	0	0	0	0	0	0	0	0	0	0	0	0	0	0	0	0	0	31	0	5	0	14	11	3	4	0	2	2	
DUO1	23	0	0	0	0	0	0	0	0	0	0	0	0	0	0	0	0	0	0	31	0	5	0	14	11	3	4	0	2	2	
DUO1	24	0	0	0	0	0	0	0	0	0	0	0	0	0	0	0	0	0	0	31	0	5	0	14	11	3	4	0	2	2	
DUO1	25	0	0	0	0	0	0	2	4	0	7	5	3	6	11	6	6	2	16	6	2	3	27	21	30	2	3	0	2	5	
DUO1	26	0	0	0	0	0	0	2	4	0	7	5	3	6	11	6	6	2	16	6	2	3	27	21	30	2	3	0	2	5	
DUO1	27	0	0	0	0	0	0	2	4	0	7	5	3	6	11	6	6	2	16	6	2	3	27	21	30	2	3	0	2	5	
DUO1	28	0	0	0	0	0	0	2	4	0	7	5	3	6	11	6	6	2	16	6	2	3	27	21	30	2	3	0	2	5	
DUO1	29	0	0	0	0	0	0	2	4	0	7	5	3	6	11	6	6	2	16	6	2	3	27	21	30	2	3	0	2	5	
DUO1	30	0	0	0	0	0	0	2	4	0	7	5	3	6	11	6	6	2	16	6	2	3	27	21	30	2	3	0	2	5	
DUO1	31	0	0	0	0	0	0	2	4	0	7	5	3	6	11	6	6	2	16	6	2	3	27	21	30	2	3	0	2	5	
DUO1	32	0	0	0	0	0	0	2	4	0	7	5	3	6	11	6	6	2	16	6	2	3	27	21	30	2	3	0	2	5	
DUO1	33	0	0	0	0	0	0	2	4	0	7	5	3	6	11	6	6	2	16	6	2	3	27	21	30	2	3	0	2	5	
DUO1	34	0	0	0	0	0	0	2	4	0	7	5	3	6	11	6	6	2	16	6	2	3	27	21	30	2	3	0	2	5	
DUO1	35	0	0	0	0	0	0	2	4	0	7	5	3	6	11	6	6	2	16	6	2	3	27	21	30	2	3	0	2	5	
DUO1	36	0	0	0	0	0	0	2	4	0	7	5	3	6	11	6	6	2	16	6	2	3	27	21	30	2	3	0	2	5	
DUO1	37	0	0	0	0	0	0	4	6	0	10	7	4	8	10	8	5	4	14	11	4	2	36	74	70	5	5	3	4	4	
DUO1	38	0	0	0	0	0	0	4	6	0	10	7	4	8	10	8	5	4	14	11	4	2	36	74	70	5	5	3	4	4	
DUO1	39	0	0	0	0	0	0	4	6	0	10	7	4	8	10	8	5	4	14	11	4	2	36	74	70	5	5	3	4	4	
DUO1	40	0	0	0	0	0	0	4	6	0	10	7	4	8	10	8	5	4	14	11	4	2	36	74	70	5	5	3	4	4	
DUO1	41	0	0	0	0	0	0	4	6	0	10	7	4	8	10	8	5	4	14	11	4	2	36	74	70	5	5	3	4	4	
DUO1	42	0	0	0	0	0	0	4	6	0	10	7	4	8	10	8	5	4	14	11	4	2	36	74	70	5	5	3	4	4	
DUO1	43	0	0	0	0	0	0	4	6	0	10	7	4	8	10	8	5	4	14	11	4	2	36	74	70	5	5	3	4	4	
DUO1	44	0	0	0	0	0	0	4	6	0	10	7	4	8	10	8	5	4	14	11	4	2	36	74	70	5	5	3	4	4	
DUO1	45	0	0	0	0	0	0	4	6	0	10	7	4	8	10	8	5	4	14	11	4	2	36	74	70	5	5	3	4	4	
DUO1	46	0	0	0	0	0	0	4	6	0	10	7	4	8	10	8	5	4	14	11	4	2	36	74	70	5	5	3	4	4	
DUO1	47	0	0	0	0	0	0	4	6	0	10	7	4	8	10	8	5	4	14	11	4	2	36	74	70	5	5	3	4	4	
DUO1	48	0	0	0	0	0	0	4	6	0	10	7	4	8	10	8	5	4	14	11	4	2	36	74	70	5	5	3	4	4	
DUO1	49	0	0	0	0	0	0	4	6	0	10	7	4	8	10	8	5	4	14	11	4	2	36	74	70	5	5	3	4	4	
DUO1	50	0	0	0	0	0	0	4	6	0	10	7	4	8	10	8	5	4	14	11	4	2	36	74	70	5	5	3	4	4	
DUO1	51	0	0	0	0	0	0	4	6	0	10	7	4	8	10	8	5	4	14	11	4	2	36	74	70	5	5	3	4	4	
DUO1	52	0	0	0	0	0	0	4	6	0	10	7	4	8	10	8	5	4	14	11	4	2	36	74	70	5	5	3	4	4	
DUO1	53	0	0	0	0	0	0	4	6	0	10	7	4	8	10	8	5	4	14	11	4	2	36	74	70	5	5	3	4	4	
DUO1	54	0	0	0	0	0	0	4	6	0	10	7	4	8	10	8	5	4	14	11	4	2	36	74	70	5	5	3	4	4	
DUO1	55	0	0	0	0	0	0	0	0	0	0	0	0	0	0	0	0	0	0	3	0	0	2	5	6	2	4	3	2	3	
DUO1	56	0	0	0	0	0	0	0	0	0	0	0	0	0	0	0	0	0	0	3	0	0	2	5	6	2	4	3	2	3	
DUO1	57	0	0	0	0	0	0	0	0	0	0	0	0	0	0	0	0	0	0	3	0	0	2	5	6	2	4	3	2	3	
DUO1	58	0	0	0	0	0	0	0	0	0	0	0	0	0	0	0	0	0	0	3	0	0	2	5	6	2	4	3	2	3	
DUO1	59	0	0	0	0	0	0	0	0	0	0	0	0	0	0	0	0	0	0	3	0	0	2	5	6	2	4	3	2	3	
DUO1	60	0	0	0	0	0	0	0	0	0	0	0	0	0	0	0	0	0	0	3	0	0	2	5	6	2	4	3	2	3	
DUO1	61	0	0	0	0	0	0	0	0	0	0	0	0	0	0	0	0	0	0	3	0	0	2	5	6	2	4	3	2	3	
DUO1	62	0	0	0	0	0	0	0	0	0	0	0	0	0	0	0	0	0	0	3	0	0	2	5	6	2	4	3	2	3	
DUO1	63	0	0	0	0	0	0	0	0	0	0	0	0	0	0	0	0	0	0	3	0	0	2	5	6	2	4	3	2	3	
DUO1	64	0	0	0	0	0	0	0	0	0	0	0	0	0	0	0	0	0	0	3	0	0	2	5	6	2	4	3	2	3	
DUO1	65	0	0	0	0	0	0	0	0	0	0	0	0	0	0	0	0	0	0	3	0	0	2	5	6	2	4	3	2	3	
DUO1	66	0	0	0	0	0	0	0	0	0	0	0	0	0	0	0	0	0	0	3	0	0	2	5	6	2	4	3	2	3	
DUO1	67	0	0	0	0	0	0	0	0	0	0	0	0	0	0	0	0	0	0	0	0	0	0	0	0	0	0	0	0	0	
DUO1	68	0	0	0	0	0	0	0	0	0	0	0	0	0	0	0	0	0	0	0	0	0	0	0	0	0	0	0	0	0	
DUO1	69	0	0	0	0	0	0	0	0	0	0	0	0	0	0	0	0	0	0	0	0	0	0	0	0	0	0	0	0	0	
DUO1	70	0	0	0	0	0	0	0	0	0	0	0	0	0	0	0	0	0	0	0	0	0	0	0	0	0	0	0	0	0	
DUO1	71	0	0	0	0	0	0	0	0	0	0	0	0	0	0	0	0	0	0	0	0	0	0	0	0	0	0	0	0	0	
DUO1	72	0	0	0	0	0	0	0	0	0	0	0	0	0	0	0	0	0	0	0	0	0	0	0	0	0	0	0	0	0	
DUO1	73	0	0	0	0	0	0	0	0	0	0	0	0	0	0	0	0	0	0	0	0	0	0	0	0	0	0	0	0	0	
DUO1	74	0	0	0	0	0	0	0	0	0	0	0	0	0	0	0	0	0	0	0	0	0	0	0	0	0	0	0	0	0	
DUO1	75	0	0	0	0	0	0	0	0	0	0	0	0	0	0	0	0	0	0	0	0	0	0	0	0	0	0	0	0	0	
DUO1	76	0	0	0	0	0	0	0	0	0	0	0	0	0	0	0	0	0	0	0	0	0	0	0	0	0	0	0	0	0	
DUO1	77	0	0	0	0	0	0	0	0	0	0	0	0	0	0	0	0	0	0	0	0	0	0	0	0	0	0	0	0	0	
DUO1	78	0	0	0	0	0	0	0	0	0	0	0	0	0	0	0	0	0	0	0	0	0	0	0	0	0	0	0	0	0	
DUO1	79	0	0	0	0	0	0	0	0	0	0	0	0	0	0	0	0	0	0	0	0	0	0	0	0	0	0	0	0	0	
DUO1	80	0	0	0	0	0	0	0	0	0	0	0	0	0	0	0	0	0	0	0	0	0	0	0	0	0	0	0	0	0	
DUO1	81	0	0	0	0	0	0	0	0	0	0	0	0	0	0	0	0	0	0	0	0	0	0	0	0	0	0	0	0	0	
DUO1	82	0	0	0	0	0	0	0	0	0	0	0	0	0	0	0	0	0	0	0	0	0	0	0	0	0	0	0	0	0	
DUO1	83	0	0	0	0	0	0	0	0	0	0	0	0	0	0	0	0	0	0	0	0	0	0	0	0	0	0	0	0	0	
DUO1	84	0	0	0	0	0	0	0	0	0	0	0	0	0	0	0	0	0	0	0	0	0	0	0	0	0	0	0	0	0	
DUO1	85	0	0	0	0	0	0	0	0	0	0	0	0	0	0	0	0	0	0	0	0	0	0	0	0	0	0	0	0	0	
DUO1	86	0	0	0	0	0	0	0	0	0	0	0	0	0	0	0	0	0	0	0	0	0	0	0	0	0	0	0	0	0	
DUO1	87	0	0	0	0	0	0	0	0	0	0	0	0	0	0	0	0	0	0	0	0	0	0	0	0	0	0	0	0	0	
DUO1	88	0	0	0	0	0	0	0	0	0	0	0	0	0	0	0	0	0	0	0	0	0	0	0	0	0	0	0	0	0	
DUO1	89	0	0	0	0	0	0	0	0	0	0	0	0	0	0	0	0	0	0	0	0	0	0	0	0	0	0	0	0	0	
DUO1	90	0	0	0	0	0	0	0	0	0	0	0	0	0	0	0	0	0	0	0	0	0	0	0	0	0	0	0	0	0	
DUO1	91	0	0	0	0	0	0	0	0	0	0	0	0	0	0	0	0	0	0	0	0	0	0	0	0	0	0	0	0	0	
DUO1	92	0	0	0	0	0	0	0	0	0	0	0	0	0	0	0	0	0	0	0	0	0	0	0	0	0	0	0	0	0	
DUO1	93	0	0	0	0	0	0	0	0	0	0	0	0	0	0	0	0	0	0	0	0	0	0	0	0	0	0	0	0	0	
DUO1	94	0	0	0	0	0	0	0	0	0	0	0	0	0	0	0	0	0	0	0	0	0	0	0	0	0	0	0	0	0	
DUO1	95	0	0	0	0	0	0	0	0	0	0	0	0	0	0	0	0	0	0	0	0	0	0	0	0	0	0	0	0	0	
DUO1	96	0	0	0	0	0	0	0	0	0	0	0	0	0	0	0	0	0	0	0	0	0	0	0	0	0	0	0	0	0	
DUO1	97	0	0	0	0	0	0	0	0	0	0	0	0	0	0	0	0	0	0	0	0	0	0	0	0	0	0	0	0	0	
DUO1	98	0	0	0	0	0	0	0	0	0	0	0	0	0	0	0	0	0	0	0	0	0	0	0	0	0	0	0	0	0	
DUO1	99	0	0	0	0	0	0	0	0	0	0	0	0	0	0	0	0	0	0	0	0	0	0	0	0	0	0	0	0	0	
DUO1	100	0	0	0	0	0	0	0	0	0	0	0	0	0	0	0	0	0	0	0	0	0	0	0	0	0	0	0	0	0	
DUO1	101	0	0	0	0	0	0	0	0	0	0	0	0	0	0	0	0	0	0	0	0	0	0	0	0	0	0	0	0	0	
DUO1	102	0	0	0	0	0	0	0	0	0	0	0	0	0	0	0	0	0	0	14	0	0	0	0	0	2	2	7	2	2	
DUO1	103	0	0	0	0	0	0	0	0	0	0	0	0	0	0	0	0	0	0	14	0	0	0	0	0	2	2	7	2	2	
DUO1	104	0	0	0	0	0	0	0	0	0	0	0	0	0	0	0	0	0	0	14	0	0	0	0	0	2	2	7	2	2	
DUO1	105	0	0	0	0	0	0	0	0	0	0	0	0	0	0	0	0	0	0	14	0	0	0	0	0	2	2	7	2	2	
DUO1	106	0	0	0	0	0	0	0	0	0	0	0	0	0	0	0	0	0	0	14	0	0	0	0	0	2	2	7	2	2	
DUO1	107	0	0	0	0	0	0	0	0	0	0	0	0	0	0	0	0	0	0	14	0	0	0	0	0	2	2	7	2	2	
DUO1	108	0	0	0	0	0	0	0	0	0	0	0	0	0	0	0	0	0	0	14	0	0	0	0	0	2	2	7	2	2	
DUO1	109	0	0	0	0	0	0	0	0	0	0	0	0	0	0	0	0	0	0	14	0	0	0	0	0	2	2	7	2	2	
DUO1	110	0	0	0	0	0	0	0	0	0	0	0	0	0	0	0	0	0	0	14	0	0	0	0	0	2	2	7	2	2	
DUO1	111	0	0	0	0	0	0	0	0	0	0	0	0	0	0	0	0	0	0	14	0	0	0	0	0	2	2	7	2	2	
DUO1	112	0	0	0	0	0	0	0	0	0	0	0	0	0	0	0	0	0	0	14	0	0	0	0	0	2	2	7	2	2	
DUO1	113	0	0	0	0	0	0	0	0	0	0	0	0	0	0	0	0	0	0	14	0	0	0	0	0	2	2	7	2	2	
DUO1	114	0	0	0	0	0	0	0	0	0	0	0	0	0	0	0	0	0	0	14	0	0	0	0	0	2	2	7	2	2	
DUO1	115	0	0	0	0	0	0	0	0	0	0	0	0	0	0	0	0	0	0	14	0	0	0	0	0	2	2	7	2	2	
DUO1	116	0	0	0	0	0	0	0	0	0	0	0	0	0	0	0	0	0	0	14	0	0	0	0	0	2	2	7	2	2	
DUO1	117	0	0	0	0	0	0	0	0	0	0	0	0	0	0	0	0	0	0	14	0	0	0	0	0	2	2	7	2	2	
DUO1	118	0	0	0	0	0	0	0	0	0	0	0	0	0	0	0	0	0	0	14	0	0	0	0	0	2	2	7	2	2	
DUO1	119	0	0	0	0	0	0	0	0	0	0	0	0	0	0	0	0	0	0	14	0	0	0	0	0	2	2	7	2	2	
DUO1	120	0	0	0	0	0	0	0	0	0	0	0	0	0	0	0	0	0	0	14	0	0	0	0	0	2	2	7	2	2	
DUO1	121	0	0	0	0	0	0	0	0	0	0	0	0	0	0	0	0	0	0	14	0	0	0	0	0	2	2	7	2	2	
DUO1	122	0	0	0	0	0	0	0	0	0	0	0	0	0	0	0	0	0	0	14	0	0	0	0	0	2	2	7	2	2	
DUO1	123	0	0	0	0	0	0	0	0	0	0	0	0	0	0	0	0	0	0	3	0	0	0	3	6	2	2	0	0	0	
DUO1	124	0	0	0	0	0	0	0	0	0	0	0	0	0	0	0	0	0	0	3	0	0	0	3	6	2	2	0	0	0	
DUO1	125	0	0	0	0	0	0	0	0	0	0	0	0	0	0	0	0	0	0	3	0	0	0	3	6	2	2	0	0	0	
DUO1	126	0	0	0	0	0	0	0	0	0	0	0	0	0	0	0	0	0	0	3	0	0	0	3	6	2	2	0	0	0	
DUO1	127	0	0	0	0	0	0	0	0	0	0	0	0	0	0	0	0	0	0	3	0	0	0	3	6	2	2	0	0	0	
DUO1	128	0	0	0	0	0	0	0	0	0	0	0	0	0	0	0	0	0	0	3	0	0	0	3	6	2	2	0	0	0	
DUO1	129	0	0	0	0	0	0	0	0	0	0	0	0	0	0	0	0	0	0	3	0	0	0	3	6	2	2	0	0	0	
DUO1	130	0	0	0	0	0	0	0	0	0	0	0	0	0	0	0	0	0	0	3	0	0	0	3	6	2	2	0	0	0	
DUO1	131	0	0	0	0	0	0	0	0	0	0	0	0	0	0	0	0	0	0	3	0	0	0	3	6	2	2	0	0	0	
DUO1	132	0	0	0	0	0	0	0	0	0	0	0	0	2	0	3	0	0	0	8	0	0	0	0	0	0	0	0	0	0	
DUO1	133	0	0	0	0	0	0	0	0	0	0	0	0	2	0	3	0	0	0	8	0	0	0	0	0	0	0	0	0	0	
DUO1	134	0	0	0	0	0	0	0	0	0	0	0	0	2	0	3	0	0	0	8	0	0	0	0	0	0	0	0	0	0	
DUO1	135	0	0	0	0	0	0	0	0	0	0	0	0	2	0	3	0	0	0	8	0	0	0	0	0	0	0	0	0	0	
DUO1	136	0	0	0	0	0	0	0	0	0	0	0	0	2	0	3	0	0	0	8	0	0	0	0	0	0	0	0	0	0	
DUO1	137	0	0	0	0	0	0	0	0	0	2	2	2	4	0	5	0	0	0	26	0	0	0	0	12	2	3	3	2	4	
DUO1	138	0	0	0	0	0	0	0	0	0	2	2	2	4	0	5	0	0	0	26	0	0	0	0	12	2	3	3	2	4	
DUO1	139	0	0	0	0	0	0	0	0	0	2	2	2	4	0	5	0	0	0	26	0	0	0	0	12	2	3	3	2	4	
DUO1	140	0	0	0	0	0	0	0	0	0	2	2	2	4	0	5	0	0	0	26	0	0	0	0	12	2	3	3	2	4	
DUO1	141	0	0	0	0	0	0	0	0	0	2	2	2	4	0	5	0	0	0	26	0	0	0	0	12	2	3	3	2	4	
DUO1	142	0	0	0	0	0	0	0	0	0	2	2	2	4	0	5	0	0	0	26	0	0	0	0	12	2	3	3	2	4	
DUO1	143	0	0	0	0	0	0	0	0	0	2	2	2	4	0	5	0	0	0	26	0	0	0	0	12	2	3	3	2	4	
DUO1	144	0	0	0	0	0	0	0	0	0	2	2	2	4	0	5	0	0	0	26	0	0	0	0	12	2	3	3	2	4	
DUO1	145	0	0	0	0	0	0	0	0	0	2	2	2	4	0	5	0	0	0	26	0	0	0	0	12	2	3	3	2	4	
DUO1	146	0	0	0	0	0	0	0	0	0	2	2	2	4	0	5	0	0	0	26	0	0	0	0	12	2	3	3	2	4	
DUO1	147	0	0	0	0	0	0	0	0	0	2	2	2	4	0	5	0	0	0	26	0	0	0	0	12	2	3	3	2	4	
DUO1	148	0	0	0	0	0	0	0	0	0	2	2	2	4	0	5	0	0	0	26	0	0	0	0	12	2	3	3	2	4	
DUO1	149	0	0	0	0	0	0	0	0	0	2	2	2	4	0	5	0	0	0	26	0	0	0	0	12	2	3	3	2	4	
DUO1	150	0	0	0	0	0	0	0	0	0	2	2	2	4	0	5	0	0	0	26	0	0	0	0	12	2	3	3	2	4	
DUO1	151	0	0	0	0	0	0	0	0	0	2	2	2	4	0	5	0	0	0	26	0	0	0	0	12	2	3	3	2	4	
DUO1	152	0	0	0	0	0	0	0	0	0	2	2	2	4	0	5	0	0	0	26	0	0	0	0	12	2	3	3	2	4	
DUO1	153	0	0	0	0	0	0	0	0	0	2	2	2	4	0	5	0	0	0	26	0	0	0	0	12	2	3	3	2	4	
DUO1	154	0	0	0	0	0	0	0	0	0	2	2	2	4	0	5	0	0	0	26	0	0	0	0	12	2	3	3	2	4	
DUO1	155	0	0	0	0	0	0	0	0	0	2	2	2	4	0	5	0	0	0	26	0	0	0	0	12	2	3	3	2	4	
DUO1	156	0	0	0	0	0	0	0	0	0	2	2	2	4	0	5	0	0	0	26	0	0	0	0	12	2	3	3	2	4	
DUO1	157	0	0	0	0	0	0	0	0	0	2	2	2	4	0	5	0	0	0	26	0	0	0	0	12	2	3	3	2	4	
DUO1	158	0	0	0	0	0	0	0	0	0	2	2	2	4	0	5	0	0	0	26	0	0	0	0	12	2	3	3	2	4	
DUO1	159	0	0	0	0	0	0	0	0	0	2	2	2	4	0	5	0	0	0	26	0	0	0	0	12	2	3	3	2	4	
DUO1	160	0	0	0	0	0	0	0	0	0	0	0	0	0	0	0	0	0	0	2	0	0	0	0	0	0	0	0	0	0	
DUO1	161	0	0	0	0	0	0	0	0	0	0	0	0	0	0	0	0	0	0	2	0	0	0	0	0	0	0	0	0	0	
DUO1	162	0	0	0	0	0	0	0	0	0	0	0	0	2	0	2	0	0	2	2	0	0	2	0	0	0	0	0	0	0	
DUO1	163	0	0	0	0	0	0	0	0	0	0	0	0	2	0	2	0	0	2	2	0	0	2	0	0	0	0	0	0	0	
DUO1	164	0	0	0	0	0	0	0	0	0	0	0	0	2	0	2	0	0	2	2	0	0	2	0	0	0	0	0	0	0	
DUO1	165	0	0	0	0	0	0	0	0	0	0	0	0	2	0	2	0	0	2	2	0	0	2	0	0	0	0	0	0	0	
DUO1	166	0	0	0	0	0	0	0	0	0	0	0	0	2	0	2	0	0	2	2	0	0	2	0	0	0	0	0	0	0	
DUO1	167	0	0	0	0	0	0	0	0	0	0	0	0	2	0	2	0	0	2	2	0	0	2	0	0	0	0	0	0	0	
DUO1	168	0	0	0	0	0	0	0	0	0	0	0	0	0	0	0	0	0	2	0	0	0	2	0	0	0	0	0	0	0	
DUO1	169	0	0	0	0	0	0	0	0	0	0	0	0	0	0	0	0	0	2	0	0	0	2	0	0	0	0	0	0	0	
DUO1	170	0	0	0	0	0	0	0	0	0	0	0	0	0	0	0	0	0	2	0	0	0	2	0	0	0	0	0	0	0	
DUO1	171	0	0	0	0	0	0	0	0	0	0	0	0	0	0	0	0	0	2	0	0	0	2	0	0	0	0	0	0	0	
DUO1	172	0	0	0	0	0	0	0	0	0	0	0	0	0	0	0	0	0	2	0	0	0	2	0	0	0	0	0	0	0	
DUO1	173	0	0	0	0	0	0	0	0	0	0	0	0	0	0	0	0	0	2	0	0	0	2	0	0	0	0	0	0	0	
DUO1	174	0	0	0	0	0	0	0	0	0	4	3	0	3	2	3	0	0	0	20	0	4	0	2	2	0	0	0	0	0	
DUO1	175	0	0	0	0	0	0	0	0	0	4	3	0	3	2	3	0	0	0	20	0	4	2	2	2	0	0	0	0	0	
DUO1	176	0	0	0	0	0	0	0	0	0	4	3	0	3	2	3	0	0	0	20	0	4	2	2	2	0	0	0	0	0	
DUO1	177	0	0	0	0	0	0	0	0	0	4	3	0	3	2	3	0	0	0	20	0	4	2	2	2	0	0	0	0	0	
DUO1	178	0	0	0	0	0	0	0	0	0	9	8	2	10	5	9	0	0	4	35	0	7	16	62	74	10	6	6	3	3	
DUO1	179	0	0	0	0	0	0	0	0	0	9	8	2	10	5	9	0	0	4	35	0	7	16	62	74	10	6	6	3	3	
DUO1	180	0	0	0	0	0	0	0	0	0	9	8	2	10	5	9	0	0	4	35	0	7	16	62	74	10	6	6	3	3	
DUO1	181	0	0	0	0	0	0	0	0	0	9	8	2	10	5	9	0	0	4	35	0	7	16	62	74	10	6	6	3	3	
DUO1	182	0	0	0	0	0	0	0	0	0	9	8	2	10	5	9	0	0	4	35	0	7	16	62	74	10	6	6	3	3	
DUO1	183	0	0	0	0	0	0	0	0	0	9	8	2	10	5	9	0	0	4	35	0	7	16	62	74	10	6	6	3	3	
DUO1	184	0	0	0	0	0	0	0	0	0	9	8	2	10	5	9	0	0	4	35	0	7	16	62	74	10	6	6	3	3	
DUO1	185	0	0	0	0	0	0	0	0	0	9	8	2	10	5	9	0	0	4	35	0	7	16	62	74	10	6	6	3	3	
DUO1	186	0	0	0	0	0	0	0	0	0	9	8	2	10	5	9	0	0	4	35	0	7	16	62	74	10	6	6	3	3	
DUO1	187	0	0	0	0	0	0	0	0	0	9	8	2	10	5	9	0	0	4	35	0	7	16	62	74	10	6	6	3	3	
DUO1	188	0	0	0	0	0	0	0	0	0	9	8	2	10	5	9	0	0	4	35	0	7	16	62	74	10	6	6	3	3	
DUO1	189	0	0	0	0	0	0	0	0	0	9	8	2	10	5	9	0	0	4	35	0	7	16	62	74	10	6	6	3	3	
DUO1	190	0	0	0	0	0	0	0	0	0	9	8	2	10	5	9	0	0	4	35	0	7	16	62	74	10	6	6	3	3	
DUO1	191	0	0	0	0	0	0	0	0	0	9	8	2	10	5	9	0	0	4	35	0	7	16	62	74	10	6	6	3	3	
DUO1	192	0	0	0	0	0	0	0	0	0	9	8	2	10	5	9	0	0	4	35	0	7	16	62	74	10	6	6	3	3	
DUO1	193	0	0	0	0	0	0	0	0	0	2	0	0	3	4	0	0	0	0	0	0	0	4	0	0	0	0	0	0	0	
DUO1	194	0	0	0	0	0	0	0	0	0	2	0	0	3	4	0	0	0	0	0	0	0	4	0	0	0	0	0	0	0	
DUO1	195	0	0	0	0	0	0	0	0	0	2	0	0	3	4	0	0	0	0	0	0	0	4	0	0	0	0	0	0	0	
DUO1	196	0	0	0	0	0	0	0	0	0	2	0	0	3	4	0	0	0	0	0	0	0	4	0	0	0	0	0	0	0	
DUO1	197	0	0	0	0	0	0	0	0	0	2	0	0	3	4	0	0	0	0	0	0	0	4	0	0	0	0	0	0	0	
DUO1	198	0	0	0	0	0	0	0	0	0	2	0	0	3	4	0	0	0	0	0	0	0	4	0	0	0	0	0	0	0	
DUO1	199	0	0	0	0	0	0	0	0	0	2	0	0	3	4	0	0	0	0	0	0	0	4	0	0	0	0	0	0	0	
DUO1	200	0	0	0	0	0	0	0	0	0	4	2	2	5	6	2	0	0	0	2	0	0	6	3	0	6	8	6	5	7	
DUO1	201	0	0	0	0	0	0	0	0	0	4	2	2	5	6	2	0	0	0	2	0	0	6	3	0	6	8	6	5	7	
DUO1	202	0	0	0	0	0	0	0	0	0	4	2	2	5	6	2	0	0	0	2	0	0	6	3	0	6	8	6	5	7	
DUO1	203	0	0	0	0	0	0	0	0	0	4	2	2	5	6	2	0	0	0	2	0	0	6	3	0	6	8	6	5	7	
DUO1	204	0	0	0	0	0	0	0	0	0	4	2	2	5	6	2	0	0	0	2	0	0	6	3	0	6	8	6	5	7	
DUO1	205	0	0	0	0	0	0	0	0	0	4	2	2	5	6	2	0	0	0	2	0	0	6	3	0	6	8	6	5	7	
DUO1	206	0	0	0	0	0	0	0	0	0	4	2	2	5	6	2	0	0	0	2	0	0	6	3	0	6	8	6	5	7	
DUO1	207	0	0	0	0	0	0	0	0	0	4	2	2	5	6	2	0	0	0	2	0	0	6	3	0	6	8	6	5	7	
DUO1	208	0	0	0	0	0	0	0	0	0	4	2	2	5	6	2	0	0	0	2	0	0	6	3	0	6	8	6	5	7	
DUO1	209	0	0	0	0	0	0	0	0	0	4	2	2	5	6	2	0	0	0	2	0	0	6	3	0	6	8	6	5	7	
DUO1	210	0	0	0	0	0	0	0	0	0	4	2	2	5	6	2	0	0	0	2	0	0	6	3	0	6	8	6	5	7	
DUO1	211	0	0	0	0	0	0	0	0	0	4	2	2	5	6	2	0	0	0	2	0	0	6	3	0	6	8	6	5	7	
DUO1	212	0	0	0	0	0	0	0	0	0	4	2	2	5	6	2	0	0	0	2	0	0	6	3	0	6	8	6	5	7	
DUO1	213	0	0	0	0	0	0	0	0	0	0	0	0	0	0	0	0	0	0	0	0	0	0	0	0	0	0	0	0	0	
DUO1	214	0	0	0	0	0	0	0	0	0	0	0	0	0	0	0	0	0	0	0	0	0	0	0	0	0	0	0	0	0	
DUO1	215	0	0	0	0	0	0	0	0	0	2	0	0	2	2	2	0	0	2	2	0	0	0	0	0	0	0	0	0	0	
DUO1	216	0	0	0	0	0	0	0	0	0	4	2	0	4	4	5	0	0	2	2	0	0	2	0	0	0	0	0	0	0	
DUO1	217	0	0	0	0	0	0	0	0	0	4	2	0	4	4	5	0	0	2	2	0	0	2	0	0	0	0	0	0	0	
DUO1	218	0	0	0	0	0	0	0	0	0	4	2	0	4	4	5	0	0	2	2	0	0	2	0	0	0	0	0	0	0	
DUO1	219	0	0	0	0	0	0	0	0	0	4	2	0	4	4	5	0	0	2	2	0	0	2	0	0	0	0	0	0	0	
DUO1	220	0	0	0	0	0	0	0	0	0	4	2	0	4	4	5	0	0	2	2	0	0	2	0	0	0	0	0	0	0	
DUO1	221	0	0	0	0	0	0	0	0	0	4	2	0	4	4	5	0	0	2	2	0	0	2	0	0	0	0	0	0	0	
DUO1	222	0	0	0	0	0	0	0	0	0	4	2	0	4	4	5	0	0	2	2	0	0	2	0	0	0	0	0	0	0	
DUO1	223	0	0	0	0	0	0	0	0	0	8	2	2	7	8	12	2	0	2	2	0	0	2	0	0	0	0	0	0	0	
DUO1	224	0	0	0	0	0	0	0	0	0	8	2	2	7	8	12	2	0	2	2	0	0	2	0	0	0	0	0	0	0	
DUO1	225	0	0	0	0	0	0	0	0	0	8	2	2	7	8	12	2	0	2	2	0	0	2	0	0	0	0	0	0	0	
DUO1	226	0	0	0	0	0	0	0	0	0	8	2	2	7	8	12	2	0	2	2	0	0	2	0	0	0	0	0	0	0	
DUO1	227	0	0	0	0	0	0	0	0	0	8	2	2	7	8	12	2	0	2	2	0	0	2	0	0	0	0	0	0	0	
DUO1	228	0	0	0	0	0	0	0	0	0	8	2	2	7	8	12	2	0	2	2	0	0	2	0	0	0	0	0	0	0	
DUO1	229	0	0	0	0	0	0	0	0	0	8	2	2	7	8	12	2	0	2	2	0	0	2	0	0	0	0	0	0	0	
DUO1	230	0	0	0	0	0	0	0	0	0	8	0	2	3	4	9	2	0	2	3	0	0	2	0	0	0	0	0	0	0	
DUO1	231	0	0	0	0	0	0	0	0	0	8	0	2	3	4	9	2	0	2	3	0	0	2	0	0	0	0	0	0	0	
DUO1	232	0	0	0	0	0	0	0	0	0	8	0	2	3	4	9	2	0	2	3	0	0	2	0	0	0	0	0	0	0	
DUO1	233	0	0	0	0	0	0	0	0	0	8	0	2	3	4	9	2	0	2	3	0	0	2	0	0	0	0	0	0	0	
DUO1	234	0	0	0	0	0	0	0	0	0	8	0	2	3	4	9	2	0	2	3	0	0	2	0	0	4	4	0	4	3	
DUO1	235	0	0	0	0	0	0	0	0	0	8	0	2	3	4	9	2	0	2	3	0	0	2	0	0	4	4	0	4	3	
DUO1	236	0	0	0	0	0	0	0	0	0	8	0	2	3	4	9	2	0	2	3	0	0	2	0	0	4	4	0	4	3	
DUO1	237	0	0	0	0	0	0	0	0	0	8	0	2	3	4	9	2	0	2	3	0	0	2	0	0	4	4	0	4	3	
DUO1	238	0	0	0	0	0	0	0	0	0	8	0	2	3	4	9	2	0	2	3	0	0	2	0	0	4	4	0	4	3	
DUO1	239	0	0	0	0	0	0	0	0	0	8	0	2	3	4	9	2	0	2	3	0	0	2	0	0	4	4	0	4	3	
DUO1	240	0	0	0	0	0	0	0	0	0	8	0	2	3	4	9	2	0	2	3	0	0	2	0	0	4	4	0	4	3	
DUO1	241	0	0	0	0	0	0	0	0	0	8	0	2	3	4	9	2	0	2	3	0	0	2	0	0	4	4	0	4	3	
DUO1	242	0	0	0	0	0	0	0	0	0	8	0	2	3	4	9	2	0	2	3	0	0	2	0	0	4	4	0	4	3	
DUO1	243	0	0	0	0	0	0	0	0	0	8	0	2	3	4	9	2	0	2	3	0	0	2	0	0	4	4	0	4	3	
DUO1	244	0	0	0	0	0	0	0	0	0	2	0	0	0	0	0	0	0	0	0	0	0	0	0	0	0	0	0	0	0	
DUO1	245	0	0	0	0	0	0	0	0	0	0	0	0	0	0	0	0	0	0	0	0	0	0	0	0	0	0	0	0	0	
DUO1	246	0	0	0	0	0	0	0	0	0	0	0	0	0	0	0	0	0	0	0	0	0	0	0	0	0	0	0	0	0	
DUO1	247	0	0	0	0	0	0	0	0	0	0	0	0	0	0	0	0	0	0	0	0	0	0	0	0	0	0	0	0	0	
