protein	site	PSMs_001_Stu1-3FLAG_DMSO.csv	PSMs_002_Stu1-3FLAG_Cdc200-AID.csv	PSMs_003_Stu1-3FLAG_Benomyl.csv	PSMs_004_Stu1FLAG_Bub1V5_double_step_IP.csv	PSMs_005_Stu1_TOG1del_cutout_1.csv	PSMs_006_Stu1_TOG1del_cutout_2.csv	PSMs_007_Dsn1-flag.csv	PSMs_008_Dsn1-flag_mps1-1.csv	PSMs_009_Dsn1-flag_pgal-mps1.csv	PSMs_010_Dsn1-flag_ndc80.csv	PSMs_011_Dsn1-flag_ndc80-2a.csv	PSMs_012_Dsn1-flag_ndc80-2d.csv	PSMs_013_Dsn1-flag_ndc80_cdc15-2.csv	PSMs_014_Dsn1-flag_ndc80-2a_cdc15-2.csv	PSMs_015_Dsn1-flag_ndc80-2d_cdc15-2.csv	PSMs_016_Dsn1-flag.csv	PSMs_017_Dsn1-flag_mps1-1.csv	PSMs_018_ndc80-flag.csv	PSMs_019_ndc80-3flag.csv	PSMs_020_ndc80-flag_pgal-mps1.csv	PSMs_021_ndc80-3flag_pgal-mps1.csv	PSMs_022_dad1-flag.csv	PSMs_023_dad1-flag.csv	PSMs_024_dad1-flag_pgal-mps1.csv	PSMs_025_Nitobe_SCX1_Mtw1-3FLAG.csv	PSMs_025_Nitobe_SCX2_Mtw1-3FLAG.csv	PSMs_025_Nitobe_SCX3_Mtw1-3FLAG.csv	PSMs_025_Nitobe_SCX4_Mtw1-3FLAG.csv	PSMs_025_Nitobe_SCX5_Mtw1-3FLAG.csv	
FIN1	0	0	0	0	0	0	0	0	0	0	0	0	0	0	0	0	0	0	0	0	0	0	0	0	0	0	0	0	0	0	
FIN1	1	0	0	0	0	0	0	0	0	0	0	0	0	0	0	0	0	0	0	0	0	0	0	0	0	0	0	0	0	0	
FIN1	2	0	0	0	0	0	0	0	0	0	0	0	0	0	0	0	0	0	0	0	0	0	0	0	0	0	0	0	0	0	
FIN1	3	0	0	0	0	0	0	0	0	0	0	0	0	0	0	0	0	0	0	0	0	0	0	0	0	0	0	0	0	0	
FIN1	4	0	0	0	0	0	0	0	0	0	0	0	0	0	0	0	0	0	0	0	0	0	0	0	0	0	0	0	0	0	
FIN1	5	0	0	0	0	0	0	0	0	0	0	0	0	0	0	0	0	0	0	0	0	0	0	0	0	0	0	0	0	0	
FIN1	6	0	0	0	0	0	0	0	0	0	0	0	0	0	0	0	0	0	0	0	0	0	0	0	0	0	0	0	0	0	
FIN1	7	0	0	0	0	0	0	0	0	0	0	0	0	0	0	0	0	0	0	0	0	0	0	0	0	0	0	0	0	0	
FIN1	8	0	0	0	0	0	0	0	0	0	0	2	0	0	0	2	0	0	0	0	0	0	0	0	0	0	0	0	0	0	
FIN1	9	0	0	0	0	0	0	0	3	0	3	9	3	9	3	14	0	0	2	0	0	0	0	0	0	0	0	0	0	0	
FIN1	10	0	0	0	0	0	0	0	3	0	3	9	3	9	3	14	0	0	2	0	0	0	0	0	0	0	0	0	0	0	
FIN1	11	0	0	0	0	0	0	0	3	0	3	9	3	9	3	14	0	0	2	0	0	0	0	0	0	0	0	0	0	0	
FIN1	12	0	0	0	0	0	0	2	3	0	8	15	5	14	7	19	2	0	4	2	0	0	0	0	0	2	2	0	0	0	
FIN1	13	0	0	0	0	0	0	2	3	0	8	15	5	14	7	19	2	0	4	2	0	0	0	0	0	2	2	0	0	0	
FIN1	14	0	0	0	0	0	0	2	3	0	8	15	5	14	7	19	2	0	4	2	0	0	0	0	0	2	2	0	0	0	
FIN1	15	0	0	0	0	0	0	2	3	0	8	15	5	14	7	19	2	0	4	2	0	0	0	0	0	2	2	0	0	0	
FIN1	16	0	0	0	0	0	0	2	3	0	8	15	5	14	7	19	2	0	4	2	0	0	0	0	0	2	2	0	0	0	
FIN1	17	0	0	0	0	0	0	2	3	0	8	15	5	14	7	19	2	0	4	2	0	0	0	0	0	2	2	0	0	0	
FIN1	18	0	0	0	0	0	0	2	3	0	8	15	5	14	7	19	2	0	4	2	0	0	0	0	0	2	2	0	0	0	
FIN1	19	0	0	0	0	0	0	2	3	0	8	15	5	14	7	19	2	0	4	2	0	0	0	0	0	2	2	0	0	0	
FIN1	20	9	7	2	0	0	0	2	3	0	3	12	3	13	7	20	2	0	4	14	0	2	0	0	0	5	2	6	6	2	
FIN1	21	9	7	2	0	0	0	2	3	0	3	12	3	13	7	20	2	0	4	14	0	2	0	0	0	5	2	6	6	2	
FIN1	22	9	7	2	0	0	0	2	3	0	3	12	3	13	7	20	2	0	4	14	0	2	0	0	0	5	2	6	6	2	
FIN1	23	9	7	2	0	0	0	2	3	0	3	12	3	13	7	20	2	0	4	14	0	2	0	0	0	5	2	6	6	2	
FIN1	24	9	7	2	0	0	0	2	3	0	3	12	3	13	7	20	2	0	4	14	0	2	0	0	0	5	2	6	6	2	
FIN1	25	9	7	2	0	0	0	2	3	0	3	12	3	13	7	20	2	0	4	14	0	2	0	0	0	5	2	6	6	2	
FIN1	26	9	7	2	0	0	0	2	3	0	3	12	3	13	7	20	2	0	4	14	0	2	0	0	0	5	2	6	6	2	
FIN1	27	9	7	2	0	0	0	2	3	0	3	12	3	11	7	18	2	0	4	14	0	2	0	0	0	5	2	6	6	2	
FIN1	28	9	7	2	0	0	0	2	3	0	3	12	3	11	7	18	2	0	4	14	0	2	0	0	0	5	2	6	6	2	
FIN1	29	9	7	2	0	0	0	2	3	0	3	12	3	11	7	18	2	0	4	14	0	2	0	0	0	5	2	6	6	2	
FIN1	30	9	7	2	0	0	0	2	3	0	3	12	3	11	7	18	2	0	4	14	0	2	0	0	0	5	2	6	6	2	
FIN1	31	9	7	2	0	0	0	2	3	0	3	12	3	11	7	18	2	0	4	14	0	2	0	0	0	5	2	6	6	2	
FIN1	32	9	7	2	0	0	0	2	3	0	3	12	3	11	7	18	2	0	4	14	0	2	0	0	0	5	2	6	6	2	
FIN1	33	5	2	0	0	0	0	2	0	0	13	42	8	38	38	42	0	0	0	11	0	2	0	0	0	0	0	0	2	0	
FIN1	34	5	2	0	0	0	0	2	0	0	13	42	8	38	38	42	0	0	0	11	0	2	0	0	0	0	0	0	2	0	
FIN1	35	5	2	0	0	0	0	2	0	0	13	42	8	38	38	42	0	0	0	11	0	2	0	0	0	0	0	0	2	0	
FIN1	36	5	2	0	0	0	0	2	0	0	13	42	8	38	38	42	0	0	0	11	0	2	0	0	0	0	0	0	2	0	
FIN1	37	5	2	0	0	0	0	2	0	0	13	42	8	38	38	42	0	0	0	11	0	2	0	0	0	0	0	0	2	0	
FIN1	38	5	2	0	0	0	0	2	0	0	13	42	8	38	38	42	0	0	0	11	0	2	0	0	0	0	0	0	2	0	
FIN1	39	5	2	0	0	0	0	2	0	0	13	42	8	38	38	42	0	0	0	11	0	2	0	0	0	0	0	0	2	0	
FIN1	40	0	0	0	0	0	0	2	7	0	18	36	10	37	37	41	2	0	6	4	0	0	0	0	0	0	0	0	0	0	
FIN1	41	0	0	0	0	0	0	2	7	0	18	36	10	37	37	41	2	0	6	4	0	0	0	0	0	0	0	0	0	0	
FIN1	42	0	0	0	0	0	0	2	7	0	18	36	10	37	37	41	2	0	6	4	0	0	0	0	0	0	0	0	0	0	
FIN1	43	0	0	0	0	0	0	2	7	0	18	36	10	37	37	41	2	0	6	4	0	0	0	0	0	0	0	0	0	0	
FIN1	44	0	0	0	0	0	0	2	7	0	18	36	10	37	37	41	2	0	6	4	0	0	0	0	0	0	0	0	0	0	
FIN1	45	0	0	0	0	0	0	2	7	0	18	33	10	35	37	45	2	0	8	10	0	0	0	0	0	2	0	0	0	0	
FIN1	46	0	0	0	0	0	0	2	7	0	18	33	10	35	37	45	2	0	8	10	0	0	0	0	0	2	0	0	0	0	
FIN1	47	0	0	0	0	0	0	2	7	0	18	33	10	35	37	45	2	0	8	10	0	0	0	0	0	2	0	0	0	0	
FIN1	48	0	0	0	0	0	0	2	7	0	18	33	10	35	37	45	2	0	8	10	0	0	0	0	0	2	0	0	0	0	
FIN1	49	0	0	0	0	0	0	2	7	0	18	33	10	35	37	45	2	0	8	10	0	0	0	0	0	2	0	0	0	0	
FIN1	50	0	0	0	0	0	0	2	7	0	18	33	10	35	37	45	2	0	8	10	0	0	0	0	0	2	0	0	0	0	
FIN1	51	0	0	0	0	0	0	2	7	0	18	33	10	35	37	45	2	0	8	10	0	0	0	0	0	2	0	0	0	0	
FIN1	52	0	0	0	0	0	0	2	7	0	18	33	10	35	37	45	2	0	8	10	0	0	0	0	0	2	0	0	0	0	
FIN1	53	0	0	0	0	0	0	2	3	0	8	11	4	11	20	12	3	4	4	2	0	0	0	0	0	0	0	0	0	0	
FIN1	54	0	0	0	0	0	0	2	3	0	8	11	4	11	20	12	3	4	4	2	0	0	0	0	0	0	0	0	0	0	
FIN1	55	0	0	0	0	0	0	2	3	0	8	11	4	11	20	12	3	4	4	2	0	0	0	0	0	0	0	0	0	0	
FIN1	56	0	0	0	0	0	0	2	3	0	8	11	4	11	20	12	3	4	4	2	0	0	0	0	0	0	0	0	0	0	
FIN1	57	0	0	0	0	0	0	2	3	0	8	11	4	11	20	12	3	4	4	2	0	0	0	0	0	0	0	0	0	0	
FIN1	58	0	0	0	0	0	0	2	3	0	8	11	4	11	20	12	3	4	4	2	0	0	0	0	0	0	0	0	0	0	
FIN1	59	0	0	0	0	0	0	2	3	0	8	11	4	11	20	12	3	4	4	2	0	0	0	0	0	0	0	0	0	0	
FIN1	60	0	0	0	0	0	0	2	3	0	8	11	4	11	20	12	3	4	4	2	0	0	0	0	0	0	0	0	0	0	
FIN1	61	0	0	0	0	0	0	2	3	0	8	11	4	11	20	12	3	4	4	2	0	0	0	0	0	0	0	0	0	0	
FIN1	62	0	0	0	0	0	0	2	3	0	8	11	4	11	20	12	3	4	4	2	0	0	0	0	0	0	0	0	0	0	
FIN1	63	4	2	0	0	0	0	2	3	0	10	15	4	15	23	20	3	4	2	6	0	0	0	0	0	0	6	0	5	4	
FIN1	64	4	2	0	0	0	0	2	3	0	10	15	4	15	23	20	3	4	2	6	0	0	0	0	0	0	6	0	5	4	
FIN1	65	4	2	0	0	0	0	2	3	0	10	15	4	15	23	20	3	4	2	6	0	0	0	0	0	0	6	0	5	4	
FIN1	66	4	2	0	0	0	0	2	3	0	10	15	4	15	23	20	3	4	2	6	0	0	0	0	0	0	6	0	5	4	
FIN1	67	4	2	0	0	0	0	2	3	0	10	15	4	15	23	20	3	4	2	6	0	0	0	0	0	0	6	0	5	4	
FIN1	68	4	2	0	0	0	0	2	3	0	10	15	4	15	23	20	3	4	2	6	0	0	0	0	0	0	6	0	5	4	
FIN1	69	4	2	0	0	0	0	2	3	0	10	15	4	15	23	20	3	4	2	6	0	0	0	0	0	0	6	0	5	4	
FIN1	70	4	2	0	0	0	0	2	3	0	10	15	4	15	23	20	3	4	2	6	0	0	0	0	0	0	6	0	5	4	
FIN1	71	0	0	0	0	0	0	0	2	0	8	15	5	25	21	41	0	0	2	2	0	0	0	0	0	3	2	3	2	5	
FIN1	72	2	0	0	0	0	0	0	2	0	11	21	7	40	25	55	0	0	4	5	0	0	0	0	0	3	2	3	2	5	
FIN1	73	2	0	0	0	0	0	0	2	0	11	21	7	40	25	55	0	0	4	5	0	0	0	0	0	3	2	3	2	5	
FIN1	74	2	0	0	0	0	0	0	2	0	11	21	7	40	25	55	0	0	4	5	0	0	0	0	0	3	2	3	2	5	
FIN1	75	2	0	0	0	0	0	0	2	0	11	21	7	40	25	55	0	0	4	5	0	0	0	0	0	3	2	3	2	5	
FIN1	76	2	0	0	0	0	0	0	2	0	11	21	7	40	25	55	0	0	4	5	0	0	0	0	0	3	2	3	2	5	
FIN1	77	2	0	0	0	0	0	0	2	0	11	21	7	40	25	55	0	0	4	5	0	0	0	0	0	3	2	3	2	5	
FIN1	78	2	0	0	0	0	0	0	2	0	11	21	7	40	25	55	0	0	4	5	0	0	0	0	0	3	2	3	2	5	
FIN1	79	2	0	0	0	0	0	0	2	0	11	21	7	40	25	55	0	0	4	5	0	0	0	0	0	3	2	3	2	5	
FIN1	80	0	0	0	0	0	0	0	2	0	6	18	2	35	25	46	0	0	5	0	0	0	0	0	0	0	0	0	0	0	
FIN1	81	0	0	0	0	0	0	0	2	0	6	18	2	35	25	46	0	0	5	0	0	0	0	0	0	0	0	0	0	0	
FIN1	82	0	0	0	0	0	0	0	2	0	6	18	2	35	25	46	0	0	5	0	0	0	0	0	0	0	0	0	0	0	
FIN1	83	0	0	0	0	0	0	0	2	0	6	18	2	35	25	46	0	0	5	0	0	0	0	0	0	0	0	0	0	0	
FIN1	84	0	0	0	0	0	0	0	2	0	6	18	2	35	25	46	0	0	5	0	0	0	0	0	0	0	0	0	0	0	
FIN1	85	6	7	3	0	0	0	0	0	0	4	9	2	18	17	16	2	0	3	11	0	0	0	0	0	5	5	6	2	2	
FIN1	86	6	7	3	0	0	0	0	0	0	4	9	2	18	17	16	2	0	3	11	0	0	0	0	0	5	5	6	2	2	
FIN1	87	6	7	3	0	0	0	0	0	0	4	9	2	18	17	16	2	0	3	11	0	0	0	0	0	5	5	6	2	2	
FIN1	88	6	7	3	0	0	0	0	0	0	4	9	2	18	17	16	2	0	3	11	0	0	0	0	0	5	5	6	2	2	
FIN1	89	6	7	3	0	0	0	0	0	0	4	9	2	18	17	16	2	0	3	11	0	0	0	0	0	5	5	6	2	2	
FIN1	90	6	7	3	0	0	0	0	0	0	4	9	2	18	17	16	2	0	3	11	0	0	0	0	0	5	5	6	2	2	
FIN1	91	6	7	3	0	0	0	0	0	0	4	9	2	18	17	16	2	0	3	11	0	0	0	0	0	5	5	6	2	2	
FIN1	92	6	7	3	0	0	0	0	0	0	4	9	2	18	17	16	2	0	3	11	0	0	0	0	0	5	5	6	2	2	
FIN1	93	6	7	3	0	0	0	0	0	0	4	9	2	18	17	16	2	0	3	11	0	0	0	0	0	5	5	6	2	2	
FIN1	94	6	7	3	0	0	0	0	0	0	4	9	2	18	17	16	2	0	3	11	0	0	0	0	0	5	5	6	2	2	
FIN1	95	6	7	3	0	0	0	0	0	0	4	9	2	18	17	16	2	0	3	11	0	0	0	0	0	5	5	6	2	2	
FIN1	96	0	0	0	0	0	0	0	0	0	0	2	0	0	9	2	0	0	0	0	0	0	0	0	0	0	0	0	0	0	
FIN1	97	0	0	0	0	0	0	0	0	0	0	2	0	0	9	2	0	0	0	0	0	0	0	0	0	0	0	0	0	0	
FIN1	98	0	0	0	0	0	0	0	0	0	0	2	0	0	9	2	0	0	0	0	0	0	0	0	0	0	0	0	0	0	
FIN1	99	0	0	0	0	0	0	0	0	0	0	2	0	0	9	2	0	0	0	0	0	0	0	0	0	0	0	0	0	0	
FIN1	100	0	0	0	0	0	0	0	0	0	0	2	0	2	11	2	0	0	0	0	0	0	0	0	0	0	0	0	0	0	
FIN1	101	0	0	0	0	0	0	0	0	0	0	2	0	2	11	2	0	0	0	0	0	0	0	0	0	0	0	0	0	0	
FIN1	102	0	0	0	0	0	0	0	0	0	0	2	0	2	11	2	0	0	0	0	0	0	0	0	0	0	0	0	0	0	
FIN1	103	11	9	2	0	0	0	0	5	0	8	25	7	43	29	76	0	2	9	50	0	3	0	0	0	6	6	2	5	7	
FIN1	104	11	9	2	0	0	0	0	5	0	8	25	7	43	29	76	0	2	9	50	0	3	0	0	0	6	6	2	5	7	
FIN1	105	11	9	2	0	0	0	0	5	0	8	25	7	43	29	76	0	2	9	50	0	3	0	0	0	6	6	2	5	7	
FIN1	106	11	9	2	0	0	0	0	5	0	8	25	7	43	29	76	0	2	9	50	0	3	0	0	0	6	6	2	5	7	
FIN1	107	11	9	2	0	0	0	0	5	0	8	25	7	43	29	76	0	2	9	50	0	3	0	0	0	6	6	2	5	7	
FIN1	108	11	9	2	0	0	0	0	5	0	8	25	7	43	29	76	0	2	9	50	0	3	0	0	0	6	6	2	5	7	
FIN1	109	11	9	2	0	0	0	0	5	0	8	25	7	43	29	76	0	2	9	50	0	3	0	0	0	6	6	2	5	7	
FIN1	110	11	9	2	0	0	0	0	5	0	8	25	7	43	29	76	0	2	9	50	0	3	0	0	0	6	6	2	5	7	
FIN1	111	11	9	2	0	0	0	0	5	0	8	25	7	43	29	76	0	2	9	50	0	3	0	0	0	6	6	2	5	7	
FIN1	112	11	9	2	0	0	0	0	5	0	8	25	7	43	29	76	0	2	9	50	0	3	0	0	0	6	6	2	5	7	
FIN1	113	11	9	2	0	0	0	0	5	0	8	25	7	43	29	76	0	2	9	50	0	3	0	0	0	6	6	2	5	7	
FIN1	114	11	9	2	0	0	0	0	5	0	8	25	7	43	29	76	0	2	9	50	0	3	0	0	0	6	6	2	5	7	
FIN1	115	11	9	2	0	0	0	0	5	0	8	25	7	43	29	76	0	2	9	50	0	3	0	0	0	6	6	2	5	7	
FIN1	116	11	9	2	0	0	0	0	5	0	8	25	7	43	29	76	0	2	9	50	0	3	0	0	0	6	6	2	5	7	
FIN1	117	11	9	2	0	0	0	0	5	0	8	25	7	43	29	76	0	2	9	50	0	3	0	0	0	6	6	2	5	7	
FIN1	118	11	9	2	0	0	0	0	5	0	8	25	7	43	29	76	0	2	9	50	0	3	0	0	0	6	6	2	5	7	
FIN1	119	11	9	2	0	0	0	0	5	0	8	25	7	43	29	76	0	2	9	50	0	3	0	0	0	6	6	2	5	7	
FIN1	120	11	9	2	0	0	0	0	5	0	8	25	7	43	29	76	0	2	9	50	0	3	0	0	0	6	6	2	5	7	
FIN1	121	5	5	0	0	0	0	0	2	0	7	7	0	35	26	90	0	2	8	17	0	0	0	0	0	2	4	3	3	0	
FIN1	122	5	5	0	0	0	0	0	2	0	7	7	0	35	26	90	0	2	8	17	0	0	0	0	0	2	4	3	3	0	
FIN1	123	5	5	0	0	0	0	0	2	0	7	7	0	35	26	90	0	2	8	17	0	0	0	0	0	2	4	3	3	0	
FIN1	124	5	5	0	0	0	0	0	2	0	7	7	0	35	26	90	0	2	8	17	0	0	0	0	0	2	4	3	3	0	
FIN1	125	5	5	0	0	0	0	0	2	0	7	7	0	35	26	90	0	2	8	17	0	0	0	0	0	2	4	3	3	0	
FIN1	126	5	5	0	0	0	0	0	2	0	7	7	0	35	26	90	0	2	8	17	0	0	0	0	0	2	4	3	3	0	
FIN1	127	5	5	0	0	0	0	0	2	0	7	7	0	35	26	90	0	2	8	17	0	0	0	0	0	2	4	3	3	0	
FIN1	128	5	5	0	0	0	0	0	2	0	7	7	0	35	26	90	0	2	8	17	0	0	0	0	0	2	4	3	3	0	
FIN1	129	2	2	0	0	0	0	0	2	0	9	13	2	25	18	77	0	0	3	3	0	0	0	0	0	4	2	0	2	2	
FIN1	130	2	2	0	0	0	0	0	2	0	9	13	2	25	18	77	0	0	3	3	0	0	0	0	0	4	2	0	2	2	
FIN1	131	2	2	0	0	0	0	0	2	0	9	13	2	25	18	77	0	0	3	3	0	0	0	0	0	4	2	0	2	2	
FIN1	132	2	2	0	0	0	0	0	2	0	9	13	2	25	18	77	0	0	3	3	0	0	0	0	0	4	2	0	2	2	
FIN1	133	2	2	0	0	0	0	0	2	0	9	13	2	25	18	77	0	0	3	3	0	0	0	0	0	4	2	0	2	2	
FIN1	134	2	2	0	0	0	0	0	2	0	9	13	2	25	18	77	0	0	3	3	0	0	0	0	0	4	2	0	2	2	
FIN1	135	2	2	0	0	0	0	0	2	0	9	13	2	25	18	77	0	0	3	3	0	0	0	0	0	4	2	0	2	2	
FIN1	136	2	2	0	0	0	0	0	2	0	9	13	2	25	18	77	0	0	3	3	0	0	0	0	0	4	2	0	2	2	
FIN1	137	2	2	0	0	0	0	0	2	0	9	13	2	25	18	77	0	0	3	3	0	0	0	0	0	4	2	0	2	2	
FIN1	138	0	0	0	0	0	0	0	0	0	0	0	0	0	0	0	0	0	0	0	0	0	0	0	0	0	0	0	0	0	
FIN1	139	0	0	0	0	0	0	0	0	0	0	0	0	0	0	0	0	0	0	0	0	0	0	0	0	0	0	0	0	0	
FIN1	140	0	0	0	0	0	0	0	0	0	2	0	2	0	2	0	0	0	0	0	0	0	0	0	0	0	0	0	0	0	
FIN1	141	0	0	0	0	0	0	0	0	0	2	0	2	0	2	0	0	0	0	0	0	0	0	0	0	0	0	0	0	0	
FIN1	142	0	0	0	0	0	0	0	2	0	8	7	6	11	17	10	0	0	0	2	0	0	0	0	0	0	0	0	0	0	
FIN1	143	0	0	0	0	0	0	0	2	0	8	7	6	11	17	10	0	0	0	2	0	0	0	0	0	0	0	0	0	0	
FIN1	144	0	0	0	0	0	0	0	4	0	10	11	9	14	24	13	0	0	0	2	0	0	0	0	0	2	2	2	0	0	
FIN1	145	0	0	0	0	0	0	0	4	0	10	11	9	14	24	13	0	0	0	2	0	0	0	0	0	2	2	2	0	0	
FIN1	146	0	0	0	0	0	0	0	4	0	10	11	9	14	24	13	0	0	0	2	0	0	0	0	0	2	2	2	0	0	
FIN1	147	0	0	0	0	0	0	0	4	0	10	11	9	14	24	13	0	0	0	2	0	0	0	0	0	2	2	2	0	0	
FIN1	148	0	0	0	0	0	0	0	4	0	10	11	9	14	24	13	0	0	0	2	0	0	0	0	0	2	2	2	0	0	
FIN1	149	0	0	0	0	0	0	0	4	0	10	11	9	14	24	13	0	0	0	2	0	0	0	0	0	2	2	2	0	0	
FIN1	150	0	0	0	0	0	0	0	4	0	10	11	9	14	24	13	0	0	0	2	0	0	0	0	0	2	2	2	0	0	
FIN1	151	0	0	0	0	0	0	0	4	0	10	11	9	14	24	13	0	0	0	2	0	0	0	0	0	2	2	2	0	0	
FIN1	152	2	4	0	0	0	0	7	13	0	9	15	2	13	29	15	0	4	5	17	0	2	0	0	0	6	6	6	5	6	
FIN1	153	2	4	0	0	0	0	7	13	0	9	15	2	13	29	15	0	4	5	17	0	2	0	0	0	6	6	6	5	6	
FIN1	154	2	4	0	0	0	0	7	13	0	9	15	2	13	29	15	0	4	5	17	0	2	0	0	0	6	6	6	5	6	
FIN1	155	2	4	0	0	0	0	7	13	0	9	15	2	13	29	15	0	4	5	17	0	2	0	0	0	6	6	6	5	6	
FIN1	156	2	4	0	0	0	0	7	13	0	9	15	2	13	29	15	0	4	5	17	0	2	0	0	0	6	6	6	5	6	
FIN1	157	2	4	0	0	0	0	7	13	0	9	15	2	13	29	15	0	4	5	17	0	2	0	0	0	6	6	6	5	6	
FIN1	158	2	4	0	0	0	0	7	13	0	9	15	2	13	29	15	0	4	5	17	0	2	0	0	0	6	6	6	5	6	
FIN1	159	2	4	0	0	0	0	7	13	0	9	15	2	13	29	15	0	4	5	17	0	2	0	0	0	6	6	6	5	6	
FIN1	160	2	4	0	0	0	0	7	13	0	9	15	2	13	29	15	0	4	5	17	0	2	0	0	0	6	6	6	5	6	
FIN1	161	2	4	0	0	0	0	7	13	0	9	15	2	13	29	15	0	4	5	17	0	2	0	0	0	6	6	6	5	6	
FIN1	162	2	4	0	0	0	0	7	13	0	9	15	2	13	29	15	0	4	5	17	0	2	0	0	0	6	6	6	5	6	
FIN1	163	2	4	0	0	0	0	7	13	0	9	15	2	13	29	15	0	4	5	17	0	2	0	0	0	6	6	6	5	6	
FIN1	164	2	4	0	0	0	0	7	13	0	9	15	2	13	29	15	0	4	5	17	0	2	0	0	0	6	6	6	5	6	
FIN1	165	2	4	0	0	0	0	7	13	0	9	15	2	13	29	15	0	4	5	17	0	2	0	0	0	6	6	6	5	6	
FIN1	166	2	4	0	0	0	0	7	13	0	9	15	2	13	29	15	0	4	5	17	0	2	0	0	0	6	6	6	5	6	
FIN1	167	3	2	0	0	0	0	4	12	0	5	4	0	8	14	12	2	8	8	14	0	2	0	0	0	4	5	3	4	2	
FIN1	168	3	2	0	0	0	0	4	12	0	5	4	0	8	14	12	2	8	8	14	0	2	0	0	0	4	5	3	4	2	
FIN1	169	3	2	0	0	0	0	4	12	0	5	4	0	8	14	12	2	8	8	14	0	2	0	0	0	4	5	3	4	2	
FIN1	170	3	2	0	0	0	0	4	12	0	5	4	0	8	14	12	2	8	8	14	0	2	0	0	0	4	5	3	4	2	
FIN1	171	3	2	0	0	0	0	4	12	0	5	4	0	8	14	12	2	8	8	14	0	2	0	0	0	4	5	3	4	2	
FIN1	172	3	2	0	0	0	0	4	12	0	5	4	0	8	14	12	2	8	8	14	0	2	0	0	0	4	5	3	4	2	
FIN1	173	3	2	0	0	0	0	4	12	0	5	4	0	8	14	12	2	8	8	14	0	2	0	0	0	4	5	3	4	2	
FIN1	174	3	2	0	0	0	0	4	12	0	5	4	0	8	14	12	2	8	8	14	0	2	0	0	0	4	5	3	4	2	
FIN1	175	3	2	0	0	0	0	4	12	0	5	4	0	8	14	12	2	8	8	14	0	2	0	0	0	4	5	3	4	2	
FIN1	176	3	2	0	0	0	0	4	12	0	5	4	0	8	14	12	2	8	8	14	0	2	0	0	0	4	5	3	4	2	
FIN1	177	3	2	0	0	0	0	4	12	0	5	4	0	8	14	12	2	8	8	14	0	2	0	0	0	4	5	3	4	2	
FIN1	178	3	2	0	0	0	0	4	12	0	5	4	0	8	14	12	2	8	8	14	0	2	0	0	0	4	5	3	4	2	
FIN1	179	5	0	0	0	0	0	4	12	0	5	6	2	6	16	13	2	8	8	15	0	2	0	0	0	2	2	3	2	2	
FIN1	180	5	0	0	0	0	0	4	12	0	5	6	2	6	16	13	2	8	8	15	0	2	0	0	0	2	2	3	2	2	
FIN1	181	5	0	0	0	0	0	4	12	0	5	6	2	6	16	13	2	8	8	15	0	2	0	0	0	2	2	3	2	2	
FIN1	182	5	0	0	0	0	0	4	12	0	5	6	2	6	16	13	2	8	8	15	0	2	0	0	0	2	2	3	2	2	
FIN1	183	5	0	0	0	0	0	4	12	0	5	6	2	6	16	13	2	8	8	15	0	2	0	0	0	2	2	3	2	2	
FIN1	184	5	0	0	0	0	0	4	12	0	5	6	2	6	16	13	2	8	8	15	0	2	0	0	0	2	2	3	2	2	
FIN1	185	5	0	0	0	0	0	4	12	0	5	6	2	6	16	13	2	8	8	15	0	2	0	0	0	2	2	3	2	2	
FIN1	186	5	0	0	0	0	0	4	12	0	5	6	2	6	16	13	2	8	8	15	0	2	0	0	0	2	2	3	2	2	
FIN1	187	5	0	0	0	0	0	4	12	0	5	6	2	6	16	13	2	8	8	15	0	2	0	0	0	2	2	3	2	2	
FIN1	188	5	0	0	0	0	0	4	12	0	5	6	2	6	16	13	2	8	8	15	0	2	0	0	0	2	2	3	2	2	
FIN1	189	0	0	0	0	0	0	0	0	0	0	0	0	0	6	0	2	3	0	0	0	0	0	0	0	0	0	0	0	0	
FIN1	190	0	0	0	0	0	0	0	0	0	0	0	0	0	6	0	2	3	0	0	0	0	0	0	0	0	0	0	0	0	
FIN1	191	0	0	0	0	0	0	0	0	0	2	2	0	0	3	0	0	0	0	0	0	0	0	0	0	0	0	0	0	0	
FIN1	192	0	0	0	0	0	0	0	0	0	2	2	0	0	3	0	0	0	0	0	0	0	0	0	0	0	0	0	0	0	
FIN1	193	0	0	0	0	0	0	0	0	0	4	2	0	2	5	2	0	0	0	2	0	0	0	0	0	0	0	0	0	0	
FIN1	194	0	0	0	0	0	0	0	0	0	4	2	0	2	5	2	0	0	0	2	0	0	0	0	0	0	0	0	0	0	
FIN1	195	4	2	0	0	0	0	2	0	0	8	6	2	6	7	15	0	0	2	8	0	0	0	0	0	2	0	0	0	0	
FIN1	196	4	2	0	0	0	0	2	0	0	8	6	2	6	7	15	0	0	2	8	0	0	0	0	0	2	0	0	0	0	
FIN1	197	4	2	0	0	0	0	2	0	0	8	6	2	6	7	15	0	0	2	8	0	0	0	0	0	2	0	0	0	0	
FIN1	198	4	2	0	0	0	0	2	0	0	8	6	2	6	7	15	0	0	2	8	0	0	0	0	0	2	0	0	0	0	
FIN1	199	4	2	0	0	0	0	2	0	0	8	6	2	6	7	15	0	0	2	8	0	0	0	0	0	2	0	0	0	0	
FIN1	200	4	2	0	0	0	0	2	0	0	8	6	2	6	7	15	0	0	2	8	0	0	0	0	0	2	0	0	0	0	
FIN1	201	4	2	0	0	0	0	2	0	0	8	6	2	6	7	15	0	0	2	8	0	0	0	0	0	2	0	0	0	0	
FIN1	202	0	0	0	0	0	0	2	0	0	7	8	2	7	3	19	0	0	5	5	0	0	0	0	0	4	6	2	4	0	
FIN1	203	0	0	0	0	0	0	2	0	0	7	6	2	7	3	17	0	0	5	5	0	0	0	0	0	4	6	2	4	0	
FIN1	204	0	0	0	0	0	0	2	0	0	7	6	2	7	3	17	0	0	5	5	0	0	0	0	0	4	6	2	4	0	
FIN1	205	0	0	0	0	0	0	2	0	0	7	6	2	7	3	17	0	0	5	5	0	0	0	0	0	4	6	2	4	0	
FIN1	206	0	0	0	0	0	0	2	0	0	7	6	2	7	3	17	0	0	5	5	0	0	0	0	0	4	6	2	4	0	
FIN1	207	0	0	0	0	0	0	2	0	0	7	6	2	7	3	17	0	0	5	5	0	0	0	0	0	4	6	2	4	0	
FIN1	208	0	0	0	0	0	0	2	0	0	7	6	2	7	3	17	0	0	5	5	0	0	0	0	0	4	6	2	4	0	
FIN1	209	0	0	0	0	0	0	2	0	0	7	6	2	7	3	17	0	0	5	5	0	0	0	0	0	4	6	2	4	0	
FIN1	210	0	0	0	0	0	0	2	0	0	7	6	2	7	3	17	0	0	5	5	0	0	0	0	0	4	6	2	4	0	
FIN1	211	0	0	0	0	0	0	2	0	0	7	6	2	7	3	17	0	0	5	5	0	0	0	0	0	4	6	2	4	0	
FIN1	212	0	0	0	0	0	0	2	0	0	7	6	2	7	3	17	0	0	5	5	0	0	0	0	0	4	6	2	4	0	
FIN1	213	0	0	0	0	0	0	2	0	0	7	6	2	7	3	17	0	0	5	5	0	0	0	0	0	4	6	2	4	0	
FIN1	214	0	0	0	0	0	0	2	0	0	7	6	2	7	3	17	0	0	5	5	0	0	0	0	0	4	6	2	4	0	
FIN1	215	0	0	0	0	0	0	2	0	0	7	6	2	7	3	17	0	0	5	5	0	0	0	0	0	4	6	2	4	0	
FIN1	216	0	0	0	0	0	0	2	0	0	7	6	2	7	3	17	0	0	5	5	0	0	0	0	0	4	6	2	4	0	
FIN1	217	0	0	0	0	0	0	5	9	0	19	35	12	31	27	28	2	0	15	0	0	0	0	0	0	0	0	0	0	0	
FIN1	218	0	0	0	0	0	0	5	9	0	19	35	12	31	27	28	2	0	15	0	0	0	0	0	0	0	0	0	0	0	
FIN1	219	0	0	0	0	0	0	5	9	0	19	35	12	31	27	28	2	0	15	0	0	0	0	0	0	0	0	0	0	0	
FIN1	220	0	0	0	0	0	0	5	9	0	19	35	12	31	27	28	2	0	15	0	0	0	0	0	0	0	0	0	0	0	
FIN1	221	9	4	2	0	0	0	7	15	0	25	43	18	40	38	44	2	0	17	5	0	0	0	0	0	4	2	0	0	0	
FIN1	222	9	4	2	0	0	0	7	15	0	25	43	18	40	38	44	2	0	17	5	0	0	0	0	0	4	2	0	0	0	
FIN1	223	9	4	2	0	0	0	7	15	0	25	43	18	40	38	44	2	0	17	5	0	0	0	0	0	4	2	0	0	0	
FIN1	224	9	4	2	0	0	0	7	15	0	25	43	18	40	38	44	2	0	17	5	0	0	0	0	0	4	2	0	0	0	
FIN1	225	9	4	2	0	0	0	7	15	0	25	43	18	40	38	44	2	0	17	5	0	0	0	0	0	4	2	0	0	0	
FIN1	226	9	4	2	0	0	0	7	15	0	25	43	18	40	38	44	2	0	17	5	0	0	0	0	0	4	2	0	0	0	
FIN1	227	9	4	2	0	0	0	7	15	0	25	43	18	40	38	44	2	0	17	5	0	0	0	0	0	4	2	0	0	0	
FIN1	228	9	4	2	0	0	0	7	15	0	25	43	18	40	38	44	2	0	17	5	0	0	0	0	0	4	2	0	0	0	
FIN1	229	9	4	2	0	0	0	7	15	0	25	43	18	40	38	44	2	0	17	5	0	0	0	0	0	4	2	0	0	0	
FIN1	230	9	4	2	0	0	0	7	15	0	25	43	18	40	38	44	2	0	17	5	0	0	0	0	0	4	2	0	0	0	
FIN1	231	0	0	0	0	0	0	2	4	0	10	10	3	9	14	5	0	0	5	0	0	0	0	0	0	0	0	0	0	0	
FIN1	232	0	0	0	0	0	0	2	4	0	10	10	3	9	14	5	0	0	5	0	0	0	0	0	0	0	0	0	0	0	
FIN1	233	0	0	0	0	0	0	2	4	0	10	10	3	9	14	5	0	0	5	0	0	0	0	0	0	0	0	0	0	0	
FIN1	234	0	0	0	0	0	0	0	2	0	2	2	0	2	5	0	0	0	0	0	0	0	0	0	0	0	0	0	0	0	
FIN1	235	0	0	0	0	0	0	0	2	0	2	2	0	2	5	0	0	0	0	0	0	0	0	0	0	0	0	0	0	0	
FIN1	236	0	0	0	0	0	0	0	2	0	2	2	0	2	5	0	0	0	0	0	0	0	0	0	0	0	0	0	0	0	
FIN1	237	0	0	0	0	0	0	0	2	0	2	2	0	2	5	0	0	0	0	0	0	0	0	0	0	0	0	0	0	0	
FIN1	238	0	0	0	0	0	0	0	2	0	2	2	0	2	5	0	0	0	0	0	0	0	0	0	0	0	0	0	0	0	
FIN1	239	0	0	0	0	0	0	0	0	0	0	0	0	0	0	0	0	0	0	0	0	0	0	0	0	0	0	0	0	0	
FIN1	240	0	0	0	0	0	0	0	0	0	0	0	0	0	0	0	0	0	0	0	0	0	0	0	0	0	0	0	0	0	
FIN1	241	0	0	0	0	0	0	0	0	0	0	0	0	0	0	0	0	0	0	0	0	0	0	0	0	0	0	0	0	0	
FIN1	242	0	0	0	0	0	0	0	0	0	0	0	0	0	0	0	0	0	0	0	0	0	0	0	0	0	0	0	0	0	
FIN1	243	0	0	0	0	0	0	0	0	0	0	0	0	0	0	0	0	0	0	0	0	0	0	0	0	0	0	0	0	0	
FIN1	244	0	0	0	0	0	0	0	0	0	0	0	0	0	0	0	0	0	0	0	0	0	0	0	0	0	2	0	0	0	
FIN1	245	0	0	0	0	0	0	0	0	0	0	0	0	0	0	0	0	0	0	0	0	0	0	0	0	0	2	0	0	0	
FIN1	246	0	0	0	0	0	0	0	0	0	0	0	0	0	0	0	0	0	0	0	0	0	0	0	0	0	2	0	0	0	
FIN1	247	0	0	0	0	0	0	0	0	0	0	0	0	0	0	0	0	0	0	0	0	0	0	0	0	0	2	0	0	0	
FIN1	248	0	0	0	0	0	0	0	0	0	0	0	0	0	0	0	0	0	0	0	0	0	0	0	0	0	2	0	0	0	
FIN1	249	0	0	0	0	0	0	0	0	0	0	0	0	0	0	0	0	0	0	0	0	0	0	0	0	0	2	0	0	0	
FIN1	250	0	0	0	0	0	0	0	0	0	0	0	0	0	0	0	0	0	0	0	0	0	0	0	0	0	2	0	0	0	
FIN1	251	0	0	0	0	0	0	0	0	0	0	0	0	0	0	0	0	0	0	0	0	0	0	0	0	0	2	0	0	0	
FIN1	252	0	0	0	0	0	0	0	0	0	0	0	0	0	0	0	0	0	0	0	0	0	0	0	0	0	2	0	0	0	
FIN1	253	0	0	0	0	0	0	0	0	0	0	0	0	0	0	0	0	0	0	0	0	0	0	0	0	0	2	0	0	0	
FIN1	254	0	0	0	0	0	0	0	0	0	0	0	0	0	0	0	0	0	0	0	0	0	0	0	0	0	2	0	0	0	
FIN1	255	0	0	0	0	0	0	0	0	0	0	0	0	0	0	0	0	0	0	0	0	0	0	0	0	0	2	0	0	0	
FIN1	256	0	0	0	0	0	0	0	0	0	0	0	0	0	0	0	0	0	0	0	0	0	0	0	0	0	2	0	0	0	
FIN1	257	0	0	0	0	0	0	0	0	0	0	0	0	0	0	0	0	0	0	0	0	0	0	0	0	0	2	0	0	0	
FIN1	258	0	0	0	0	0	0	0	0	0	0	0	0	0	2	0	0	0	0	0	0	0	0	0	0	2	0	0	0	2	
FIN1	259	0	0	0	0	0	0	0	0	0	0	0	0	0	2	0	0	0	0	0	0	0	0	0	0	2	0	0	0	2	
FIN1	260	0	0	0	0	0	0	0	0	0	0	0	0	0	2	0	0	0	0	0	0	0	0	0	0	2	0	0	0	2	
FIN1	261	0	0	0	0	0	0	0	0	0	0	0	0	0	2	0	0	0	0	0	0	0	0	0	0	2	0	0	0	2	
FIN1	262	0	0	0	0	0	0	0	0	0	0	0	0	0	2	0	0	0	0	0	0	0	0	0	0	2	0	0	0	2	
FIN1	263	0	0	0	0	0	0	0	0	0	0	0	0	0	2	0	0	0	0	0	0	0	0	0	0	2	0	0	0	2	
FIN1	264	0	0	0	0	0	0	0	0	0	0	0	0	0	2	0	0	0	0	0	0	0	0	0	0	2	0	0	0	2	
FIN1	265	0	0	0	0	0	0	0	0	0	0	0	0	0	2	0	0	0	0	0	0	0	0	0	0	2	0	0	0	2	
FIN1	266	0	0	0	0	0	0	0	0	0	0	0	0	0	2	0	0	0	0	0	0	0	0	0	0	2	0	0	0	2	
FIN1	267	0	0	0	0	0	0	0	0	0	0	0	0	0	2	0	0	0	0	0	0	0	0	0	0	2	0	0	0	2	
FIN1	268	0	0	0	0	0	0	0	0	0	0	0	0	0	2	0	0	0	0	0	0	0	0	0	0	2	0	0	0	2	
FIN1	269	0	0	0	0	0	0	0	0	0	0	0	0	0	0	0	0	0	0	0	0	0	0	0	0	0	0	0	0	0	
FIN1	270	0	0	0	0	0	0	0	0	0	0	0	0	0	0	0	0	0	0	0	0	0	0	0	0	0	0	0	0	0	
FIN1	271	0	0	0	0	0	0	0	0	0	0	0	0	0	0	0	0	0	0	0	0	0	0	0	0	0	0	0	0	0	
FIN1	272	0	0	0	0	0	0	0	0	0	0	0	0	0	0	0	2	4	0	0	0	0	0	0	0	0	0	0	0	0	
FIN1	273	0	0	0	0	0	0	0	0	0	0	0	0	0	0	0	2	4	0	0	0	0	0	0	0	0	0	0	0	0	
FIN1	274	0	0	0	0	0	0	0	0	0	0	0	0	0	0	0	2	4	0	0	0	0	0	0	0	0	0	0	0	0	
FIN1	275	0	0	0	0	0	0	0	0	0	0	0	0	0	0	0	2	4	0	0	0	0	0	0	0	0	0	0	0	0	
FIN1	276	0	0	0	0	0	0	0	0	0	0	0	0	0	0	0	2	4	0	0	0	0	0	0	0	0	0	0	0	0	
FIN1	277	6	2	0	0	0	0	5	11	0	19	21	2	23	49	13	6	7	5	23	0	2	0	4	0	4	2	4	4	4	
FIN1	278	6	2	0	0	0	0	5	11	0	19	21	2	23	49	13	6	7	5	23	0	2	0	4	0	4	2	4	4	4	
FIN1	279	6	2	0	0	0	0	5	11	0	19	21	2	23	49	13	6	7	5	23	0	2	0	4	0	4	2	4	4	4	
FIN1	280	6	2	0	0	0	0	5	11	0	19	21	2	23	49	13	6	7	5	23	0	2	0	4	0	4	2	4	4	4	
FIN1	281	6	2	0	0	0	0	5	11	0	19	21	2	23	49	13	6	7	5	23	0	2	0	4	0	4	2	4	4	4	
FIN1	282	6	2	0	0	0	0	5	11	0	19	21	2	23	49	13	6	7	5	23	0	2	0	4	0	4	2	4	4	4	
FIN1	283	6	2	0	0	0	0	5	11	0	19	21	2	23	49	13	6	7	5	23	0	2	0	4	0	4	2	4	4	4	
FIN1	284	6	2	0	0	0	0	5	11	0	19	21	2	23	49	13	6	7	5	23	0	2	0	4	0	4	2	4	4	4	
FIN1	285	6	2	0	0	0	0	5	11	0	19	21	2	23	49	13	6	7	5	23	0	2	0	4	0	4	2	4	4	4	
FIN1	286	6	2	0	0	0	0	5	11	0	19	21	2	23	49	13	6	7	5	23	0	2	0	4	0	4	2	4	4	4	
FIN1	287	6	2	0	0	0	0	5	11	0	19	21	2	23	49	13	6	7	5	23	0	2	0	4	0	4	2	4	4	4	
FIN1	288	6	2	0	0	0	0	5	11	0	19	21	2	23	49	13	6	7	5	23	0	2	0	4	0	4	2	4	4	4	
FIN1	289	6	2	0	0	0	0	5	11	0	19	21	2	23	49	13	6	7	5	23	0	2	0	4	0	4	2	4	4	4	
FIN1	290	0	0	0	0	0	0	5	7	0	11	9	2	7	27	4	6	7	5	0	0	0	0	0	0	0	0	0	0	0	
FIN1	291	0	0	0	0	0	0	5	7	0	11	9	2	7	27	4	6	7	5	0	0	0	0	0	0	0	0	0	0	0	
