protein	site	PSMs_001_Stu1-3FLAG_DMSO.csv	PSMs_002_Stu1-3FLAG_Cdc200-AID.csv	PSMs_003_Stu1-3FLAG_Benomyl.csv	PSMs_004_Stu1FLAG_Bub1V5_double_step_IP.csv	PSMs_005_Stu1_TOG1del_cutout_1.csv	PSMs_006_Stu1_TOG1del_cutout_2.csv	PSMs_007_Dsn1-flag.csv	PSMs_008_Dsn1-flag_mps1-1.csv	PSMs_009_Dsn1-flag_pgal-mps1.csv	PSMs_010_Dsn1-flag_ndc80.csv	PSMs_011_Dsn1-flag_ndc80-2a.csv	PSMs_012_Dsn1-flag_ndc80-2d.csv	PSMs_013_Dsn1-flag_ndc80_cdc15-2.csv	PSMs_014_Dsn1-flag_ndc80-2a_cdc15-2.csv	PSMs_015_Dsn1-flag_ndc80-2d_cdc15-2.csv	PSMs_016_Dsn1-flag.csv	PSMs_017_Dsn1-flag_mps1-1.csv	PSMs_018_ndc80-flag.csv	PSMs_019_ndc80-3flag.csv	PSMs_020_ndc80-flag_pgal-mps1.csv	PSMs_021_ndc80-3flag_pgal-mps1.csv	PSMs_022_dad1-flag.csv	PSMs_023_dad1-flag.csv	PSMs_024_dad1-flag_pgal-mps1.csv	PSMs_025_Nitobe_SCX1_Mtw1-3FLAG.csv	PSMs_025_Nitobe_SCX2_Mtw1-3FLAG.csv	PSMs_025_Nitobe_SCX3_Mtw1-3FLAG.csv	PSMs_025_Nitobe_SCX4_Mtw1-3FLAG.csv	PSMs_025_Nitobe_SCX5_Mtw1-3FLAG.csv	
MIF2	0	0	0	0	0	0	0	0	0	0	0	0	0	0	0	0	0	0	0	0	0	0	0	0	0	0	0	0	0	0	
MIF2	1	0	0	0	0	0	0	0	0	0	0	0	0	0	4	0	0	0	0	0	0	0	0	0	0	0	0	0	0	0	
MIF2	2	0	0	0	0	0	0	0	0	0	0	0	0	0	4	0	0	0	0	0	0	0	0	0	0	0	0	0	0	0	
MIF2	3	0	0	0	0	0	0	0	0	0	0	0	0	0	4	0	0	0	0	0	0	0	0	0	0	0	0	0	0	0	
MIF2	4	0	0	0	0	0	0	0	0	0	0	0	0	0	4	0	0	0	0	0	0	0	0	0	0	0	0	0	0	0	
MIF2	5	0	0	0	0	0	0	0	0	0	0	0	0	0	4	0	0	0	0	0	0	0	0	0	0	0	0	0	0	0	
MIF2	6	0	0	0	0	0	0	0	0	0	0	0	0	0	4	0	0	0	0	0	0	0	0	0	0	0	0	0	0	0	
MIF2	7	0	0	0	0	0	0	0	0	0	0	0	0	0	4	0	0	0	0	0	0	0	0	0	0	0	0	0	0	0	
MIF2	8	0	0	0	0	0	0	0	0	0	0	0	0	0	4	0	0	0	0	0	0	0	0	0	0	0	0	0	0	0	
MIF2	9	0	0	0	0	0	0	0	0	0	0	0	0	0	4	0	0	0	0	0	0	0	0	0	0	0	0	0	0	0	
MIF2	10	0	0	0	0	0	0	0	0	0	0	0	0	0	2	0	0	0	0	0	0	0	0	0	0	0	0	0	0	0	
MIF2	11	0	0	0	0	0	0	0	0	0	0	0	0	0	2	0	0	0	0	0	0	0	0	0	0	0	0	0	0	0	
MIF2	12	0	0	0	0	0	0	0	0	0	0	0	0	0	0	0	0	0	0	0	0	0	0	0	0	0	0	0	0	0	
MIF2	13	0	0	0	0	0	0	0	0	0	0	0	0	0	0	0	0	0	0	0	0	0	0	0	0	0	0	0	0	0	
MIF2	14	0	0	0	0	0	0	0	0	0	0	0	0	0	0	0	0	0	0	0	0	0	0	0	0	0	0	0	0	0	
MIF2	15	0	0	0	0	0	0	0	0	0	0	0	0	0	0	0	0	0	0	0	0	0	0	0	0	0	0	0	0	0	
MIF2	16	0	0	0	0	0	0	0	0	0	0	0	0	0	0	0	0	0	0	0	0	0	0	0	0	0	0	0	0	0	
MIF2	17	0	0	0	0	0	0	0	0	0	0	0	0	0	0	0	0	0	0	0	0	0	0	0	0	0	0	0	0	0	
MIF2	18	0	0	0	0	0	0	0	0	0	0	0	0	0	0	0	0	0	0	0	0	0	0	0	0	0	0	0	0	0	
MIF2	19	0	0	0	0	0	0	2	0	0	0	0	0	0	0	5	0	0	2	18	0	2	0	0	0	6	6	0	0	0	
MIF2	20	0	0	0	0	0	0	2	0	0	0	0	0	0	0	5	0	0	2	18	0	2	0	0	0	6	6	0	0	0	
MIF2	21	0	0	0	0	0	0	2	0	0	0	0	0	0	0	5	0	0	2	18	0	2	0	0	0	6	6	0	0	0	
MIF2	22	0	0	0	0	0	0	2	0	0	0	0	0	0	0	5	0	0	2	18	0	2	0	0	0	6	6	0	0	0	
MIF2	23	0	0	0	0	0	0	2	0	0	0	0	0	0	0	5	0	0	2	18	0	2	0	0	0	6	6	0	0	0	
MIF2	24	0	0	0	0	0	0	2	0	0	0	0	0	0	0	5	0	0	2	18	0	2	0	0	0	10	8	0	0	0	
MIF2	25	0	0	0	0	0	0	2	0	0	0	0	0	0	0	5	0	0	2	18	0	2	0	0	0	10	8	0	0	0	
MIF2	26	0	0	0	0	0	0	2	0	0	0	0	0	0	0	5	0	0	2	18	0	2	0	0	0	10	8	0	0	0	
MIF2	27	0	0	0	0	0	0	2	0	0	0	0	0	0	0	5	0	0	2	18	0	2	0	0	0	10	8	0	0	0	
MIF2	28	0	0	0	0	0	0	2	0	0	0	0	0	0	0	5	0	0	2	18	0	2	0	0	0	10	8	0	0	0	
MIF2	29	0	0	0	0	0	0	2	0	0	0	0	0	0	0	5	0	0	2	18	0	2	0	0	0	10	8	0	0	0	
MIF2	30	0	0	0	0	0	0	2	0	0	0	0	0	0	0	5	0	0	2	18	0	2	0	0	0	10	8	0	0	0	
MIF2	31	0	0	0	0	0	0	2	0	0	0	0	0	0	0	5	0	0	2	18	0	2	0	0	0	10	8	0	0	0	
MIF2	32	0	0	0	0	0	0	2	0	0	0	0	0	0	0	5	0	0	2	18	0	2	0	0	0	10	8	0	0	0	
MIF2	33	0	0	0	0	0	0	2	0	0	0	0	0	0	0	5	0	0	2	18	0	2	0	0	0	10	8	0	0	0	
MIF2	34	0	0	0	0	0	0	2	0	0	0	0	0	0	0	5	0	0	2	18	0	2	0	0	0	10	8	0	0	0	
MIF2	35	0	0	0	0	0	0	2	0	0	0	0	0	0	0	5	0	0	2	18	0	2	0	0	0	10	8	0	0	0	
MIF2	36	0	0	0	0	0	0	2	0	0	0	0	0	0	0	5	0	0	2	18	0	2	0	0	0	10	8	0	0	0	
MIF2	37	0	0	0	0	0	0	2	0	0	0	0	0	0	0	5	0	0	2	18	0	2	0	0	0	4	4	0	0	0	
MIF2	38	0	0	0	0	0	0	2	0	0	0	0	0	0	0	5	0	0	2	18	0	2	0	0	0	4	4	0	0	0	
MIF2	39	0	0	0	0	0	0	2	0	0	0	0	0	0	0	5	0	0	2	18	0	2	0	0	0	4	4	0	0	0	
MIF2	40	0	0	0	0	0	0	2	0	0	0	0	0	0	0	5	0	0	2	18	0	2	0	0	0	4	4	0	0	0	
MIF2	41	0	0	0	0	0	0	2	0	0	0	0	0	0	0	5	0	0	2	18	0	2	0	0	0	4	4	0	0	0	
MIF2	42	0	0	0	0	0	0	2	0	0	0	0	0	0	0	5	0	0	2	18	0	2	0	0	0	4	4	0	0	0	
MIF2	43	0	0	0	0	0	0	2	0	0	0	0	0	0	0	5	0	0	2	18	0	2	0	0	0	4	4	0	0	0	
MIF2	44	0	0	0	0	0	0	2	0	0	0	0	0	0	0	5	0	0	2	18	0	2	0	0	0	4	4	0	0	0	
MIF2	45	0	0	0	0	0	0	2	0	0	0	0	0	0	0	5	0	0	2	18	0	2	0	0	0	4	4	0	0	0	
MIF2	46	0	0	0	0	0	0	2	0	0	0	0	0	0	0	5	0	0	2	18	0	2	0	0	0	4	4	0	0	0	
MIF2	47	0	0	0	0	0	0	0	0	0	0	0	0	0	0	0	0	0	0	0	0	0	0	0	0	0	0	0	0	0	
MIF2	48	0	0	0	0	0	0	0	0	0	0	0	0	0	0	0	0	0	0	0	0	0	0	0	0	0	0	0	0	0	
MIF2	49	0	0	0	0	0	0	0	0	0	0	0	0	0	0	0	0	0	0	0	0	0	0	0	0	0	0	0	0	0	
MIF2	50	0	0	0	0	0	0	0	0	0	0	0	0	0	0	0	0	0	0	0	0	0	0	0	0	0	0	0	0	0	
MIF2	51	0	0	0	0	0	0	2	0	0	2	0	0	10	11	18	4	0	0	0	0	0	0	0	0	0	2	6	6	8	
MIF2	52	0	0	0	0	0	0	4	0	0	2	0	0	12	13	20	6	2	0	5	0	0	0	0	0	3	6	10	9	14	
MIF2	53	0	0	0	0	0	0	6	0	0	2	0	0	16	13	24	6	2	0	5	2	0	0	0	0	3	12	10	13	19	
MIF2	54	0	0	0	0	0	0	6	0	0	2	0	0	16	13	24	6	2	0	5	2	0	0	0	0	3	12	10	13	19	
MIF2	55	0	0	0	0	0	0	6	0	0	2	0	0	16	13	24	6	2	0	5	2	0	0	0	0	3	12	10	13	19	
MIF2	56	0	0	0	0	0	0	6	0	0	2	0	0	16	13	24	6	2	0	5	2	0	0	0	0	3	12	10	13	19	
MIF2	57	0	0	0	0	0	0	6	0	0	2	0	0	16	13	24	6	2	0	5	2	0	0	0	0	3	12	10	13	19	
MIF2	58	0	0	0	0	0	0	6	0	0	2	0	0	16	13	24	6	2	0	5	2	0	0	0	0	3	12	10	13	19	
MIF2	59	0	0	0	0	0	0	6	0	0	2	0	0	16	13	24	6	2	0	5	2	0	0	0	0	3	12	10	13	19	
MIF2	60	0	0	0	0	0	0	6	0	0	2	0	0	16	13	24	6	2	0	5	2	0	0	0	0	3	12	10	13	19	
MIF2	61	0	0	0	0	0	0	6	0	0	2	0	0	16	13	24	6	2	0	5	2	0	0	0	0	3	12	10	13	19	
MIF2	62	0	0	0	0	0	0	6	0	0	2	0	0	16	13	24	6	2	0	5	2	0	0	0	0	3	12	10	13	19	
MIF2	63	0	0	0	0	0	0	6	0	0	2	0	0	16	13	24	6	2	0	5	2	0	0	0	0	3	12	10	13	19	
MIF2	64	0	0	0	0	0	0	6	0	0	2	0	0	16	13	24	6	2	0	5	2	0	0	0	0	3	12	10	13	19	
MIF2	65	0	0	0	0	0	0	6	0	0	2	0	0	16	13	24	6	2	0	5	2	0	0	0	0	3	12	10	13	19	
MIF2	66	0	0	0	0	0	0	6	0	0	2	0	0	16	13	24	6	2	0	5	2	0	0	0	0	3	12	10	13	19	
MIF2	67	0	0	0	0	0	0	6	2	0	0	0	0	10	7	9	4	2	0	10	0	3	0	0	0	15	10	9	22	40	
MIF2	68	0	0	0	0	0	0	6	2	0	0	0	0	10	7	9	4	2	0	10	0	3	0	0	0	15	10	9	22	40	
MIF2	69	0	0	0	0	0	0	6	2	0	0	0	0	10	7	9	4	2	0	10	0	3	0	0	0	15	10	9	22	40	
MIF2	70	0	0	0	0	0	0	6	2	0	0	0	0	10	7	9	4	2	0	10	0	3	0	0	0	15	10	9	22	40	
MIF2	71	0	0	0	0	0	0	6	2	0	0	0	0	10	7	9	4	2	0	10	0	3	0	0	0	15	10	9	22	40	
MIF2	72	0	0	0	0	0	0	6	2	0	0	0	0	10	7	9	4	2	0	10	0	3	0	0	0	15	10	9	22	40	
MIF2	73	0	0	0	0	0	0	6	2	0	0	0	0	10	7	9	4	2	0	10	0	3	0	0	0	15	10	9	22	40	
MIF2	74	0	0	0	0	0	0	6	2	0	0	0	0	10	7	9	4	2	0	10	0	3	0	0	0	15	10	9	22	40	
MIF2	75	0	0	0	0	0	0	6	2	0	0	0	0	10	7	9	4	2	0	10	0	3	0	0	0	15	10	9	22	40	
MIF2	76	0	0	0	0	0	0	6	2	0	0	0	0	10	7	9	4	2	0	10	0	3	0	0	0	15	10	9	22	40	
MIF2	77	0	0	0	0	0	0	6	2	0	0	0	0	10	7	9	4	2	0	10	0	3	0	0	0	15	10	9	22	40	
MIF2	78	0	0	0	0	0	0	4	4	0	0	0	0	11	7	11	4	2	2	5	0	3	0	0	0	11	2	3	4	2	
MIF2	79	0	0	0	0	0	0	4	4	0	0	0	0	11	7	11	4	2	2	5	0	3	0	0	0	11	2	3	4	2	
MIF2	80	0	0	0	0	0	0	4	4	0	0	0	0	11	7	11	4	2	2	5	0	3	0	0	0	11	2	3	4	2	
MIF2	81	0	0	0	0	0	0	4	4	0	0	0	0	11	7	11	4	2	2	5	0	3	0	0	0	11	2	3	4	2	
MIF2	82	0	0	0	0	0	0	4	4	0	0	0	0	11	7	11	4	2	2	5	0	3	0	0	0	11	2	3	4	2	
MIF2	83	0	0	0	0	0	0	4	4	0	0	0	0	11	7	11	4	2	2	5	0	3	0	0	0	11	2	3	4	2	
MIF2	84	0	0	0	0	0	0	4	4	0	0	0	0	11	7	11	4	2	2	5	0	3	0	0	0	11	2	3	4	2	
MIF2	85	0	0	0	0	0	0	4	4	0	0	0	0	11	7	11	4	2	2	5	0	3	0	0	0	11	2	3	4	2	
MIF2	86	0	0	0	0	0	0	4	4	0	0	0	0	11	7	11	4	2	2	5	0	3	0	0	0	11	2	3	4	2	
MIF2	87	0	0	0	0	0	0	4	4	0	0	0	0	11	7	11	4	2	2	5	0	3	0	0	0	11	2	3	4	2	
MIF2	88	0	0	0	0	0	0	4	4	0	0	0	0	11	7	11	4	2	2	5	0	3	0	0	0	11	2	3	4	2	
MIF2	89	0	0	0	0	0	0	4	4	0	0	0	0	11	7	11	4	2	2	5	0	3	0	0	0	11	2	3	4	2	
MIF2	90	0	0	0	0	0	0	4	4	0	0	0	0	11	7	11	4	2	2	5	0	3	0	0	0	11	2	3	4	2	
MIF2	91	0	0	0	0	0	0	2	2	0	0	0	0	6	4	4	2	2	2	0	0	0	0	0	0	0	0	0	0	0	
MIF2	92	0	0	0	0	0	0	2	2	0	0	0	0	6	4	4	2	2	2	0	0	0	0	0	0	0	0	0	0	0	
MIF2	93	0	0	0	0	0	0	2	2	0	0	0	0	6	4	4	2	2	2	0	0	0	0	0	0	0	0	0	0	0	
MIF2	94	0	0	0	0	0	0	2	2	0	0	0	0	6	4	4	2	2	2	0	0	0	0	0	0	0	0	0	0	0	
MIF2	95	0	0	0	0	0	0	2	2	0	0	0	0	6	4	4	2	2	2	0	0	0	0	0	0	0	0	0	0	0	
MIF2	96	0	0	0	0	0	0	2	0	0	0	0	0	4	2	4	0	2	0	0	0	0	0	0	0	2	0	0	0	0	
MIF2	97	0	0	0	0	0	0	0	0	0	0	0	0	2	0	7	0	0	0	23	0	2	0	0	0	5	3	0	0	0	
MIF2	98	0	0	0	0	0	0	0	0	0	0	0	0	2	0	7	0	0	0	23	0	2	0	0	0	5	3	0	0	0	
MIF2	99	0	0	0	0	0	0	0	0	0	0	0	0	2	0	7	0	0	0	23	0	2	0	0	0	5	3	0	0	0	
MIF2	100	0	0	0	0	0	0	0	0	0	0	0	0	2	0	7	0	0	0	23	0	2	0	0	0	5	3	0	0	0	
MIF2	101	0	0	0	0	0	0	0	0	0	0	0	0	2	0	7	0	0	0	23	0	2	0	0	0	5	3	0	0	0	
MIF2	102	0	0	0	0	0	0	0	0	0	0	0	0	2	0	7	0	0	0	23	0	2	0	0	0	5	3	0	0	0	
MIF2	103	0	0	0	0	0	0	0	0	0	0	0	0	2	0	7	0	0	0	23	0	2	0	0	0	5	3	0	0	0	
MIF2	104	0	0	0	0	0	0	0	0	0	0	0	0	2	0	7	0	0	0	23	0	2	0	0	0	5	3	0	0	0	
MIF2	105	0	0	0	0	0	0	0	0	0	0	0	0	2	0	7	0	0	0	23	0	2	0	0	0	5	3	0	0	0	
MIF2	106	0	0	0	0	0	0	0	0	0	0	0	0	2	0	7	0	0	0	23	0	2	0	0	0	5	3	0	0	0	
MIF2	107	0	0	0	0	0	0	0	0	0	0	0	0	2	0	7	0	0	0	23	0	2	0	0	0	5	3	0	0	0	
MIF2	108	0	0	0	0	0	0	0	0	0	0	0	0	2	0	7	0	0	0	23	0	2	0	0	0	5	3	0	0	0	
MIF2	109	0	0	0	0	0	0	0	0	0	0	0	0	2	0	7	0	0	0	23	0	2	0	0	0	5	3	0	0	0	
MIF2	110	0	0	0	0	0	0	0	0	0	0	0	0	2	0	7	0	0	0	23	0	2	0	0	0	5	3	0	0	0	
MIF2	111	0	0	0	0	0	0	0	0	0	0	0	0	2	0	7	0	0	0	23	0	2	0	0	0	5	3	0	0	0	
MIF2	112	0	0	0	0	0	0	0	0	0	0	0	0	2	0	7	0	0	0	23	0	2	0	0	0	5	3	0	0	0	
MIF2	113	0	0	0	0	0	0	0	0	0	0	0	0	2	0	7	0	0	0	23	0	2	0	0	0	5	3	0	0	0	
MIF2	114	0	0	0	0	0	0	0	0	0	0	0	0	2	0	7	0	0	0	23	0	2	0	0	0	5	3	0	0	0	
MIF2	115	0	0	0	0	0	0	0	0	0	0	0	0	2	0	7	0	0	0	23	0	2	0	0	0	5	3	0	0	0	
MIF2	116	0	0	0	0	0	0	0	0	0	0	0	0	2	0	7	0	0	0	23	0	2	0	0	0	5	3	0	0	0	
MIF2	117	0	0	0	0	0	0	0	0	0	0	0	0	2	0	7	0	0	0	23	0	2	0	0	0	5	3	0	0	0	
MIF2	118	0	0	0	0	0	0	0	0	0	0	0	0	2	0	7	0	0	0	23	0	2	0	0	0	5	3	0	0	0	
MIF2	119	0	0	0	0	0	0	0	0	0	0	0	0	2	0	7	0	0	0	23	0	2	0	0	0	5	3	0	0	0	
MIF2	120	0	0	0	0	0	0	0	0	0	0	0	0	2	0	7	0	0	0	23	0	2	0	0	0	5	3	0	0	0	
MIF2	121	0	0	0	0	0	0	0	0	0	0	0	0	2	0	7	0	0	0	23	0	2	0	0	0	5	3	0	0	0	
MIF2	122	0	0	0	0	0	0	0	0	0	0	0	0	2	0	7	0	0	0	23	0	2	0	0	0	5	3	0	0	0	
MIF2	123	0	0	0	0	0	0	0	0	0	0	0	0	2	0	7	0	0	0	23	0	2	0	0	0	5	3	0	0	0	
MIF2	124	0	0	0	0	0	0	0	0	0	0	0	0	2	0	7	0	0	0	23	0	2	0	0	0	5	3	0	0	0	
MIF2	125	0	0	0	0	0	0	0	0	0	0	0	0	2	0	7	0	0	0	23	0	2	0	0	0	5	3	0	0	0	
MIF2	126	0	0	0	0	0	0	0	0	0	0	0	0	2	0	7	0	0	0	23	0	2	0	0	0	5	3	0	0	0	
MIF2	127	0	0	0	0	0	0	0	0	0	0	0	0	2	0	7	0	0	0	23	0	2	0	0	0	5	3	0	0	0	
MIF2	128	0	0	0	0	0	0	0	0	0	0	0	0	2	0	7	0	0	0	23	0	2	0	0	0	5	3	0	0	0	
MIF2	129	0	0	0	0	0	0	0	0	0	0	0	0	6	2	5	0	0	0	14	0	2	0	0	0	4	4	0	3	0	
MIF2	130	0	0	0	0	0	0	0	0	0	0	0	0	6	2	5	0	0	0	14	0	2	0	0	0	4	4	0	3	0	
MIF2	131	0	0	0	0	0	0	0	0	0	0	0	0	6	2	5	0	0	0	14	0	2	0	0	0	4	4	0	3	0	
MIF2	132	0	0	0	0	0	0	0	0	0	0	0	0	6	2	5	0	0	0	14	0	2	0	0	0	4	4	0	3	0	
MIF2	133	0	0	0	0	0	0	0	0	0	0	0	0	6	2	5	0	0	0	14	0	2	0	0	0	4	4	0	3	0	
MIF2	134	0	0	0	0	0	0	0	0	0	0	0	0	6	2	5	0	0	0	14	0	2	0	0	0	4	4	0	3	0	
MIF2	135	0	0	0	0	0	0	0	0	0	0	0	0	6	2	5	0	0	0	14	0	2	0	0	0	4	4	0	3	0	
MIF2	136	0	0	0	0	0	0	0	0	0	0	0	0	6	2	5	0	0	0	14	0	2	0	0	0	4	4	0	3	0	
MIF2	137	0	0	0	0	0	0	0	0	0	0	0	0	6	2	5	0	0	0	14	0	2	0	0	0	4	4	0	3	0	
MIF2	138	0	0	0	0	0	0	0	0	0	0	0	0	6	2	5	0	0	0	14	0	2	0	0	0	4	4	0	3	0	
MIF2	139	0	0	0	0	0	0	0	0	0	0	0	0	6	2	5	0	0	0	14	0	2	0	0	0	4	4	0	3	0	
MIF2	140	0	0	0	0	0	0	0	0	0	0	0	0	2	0	0	0	0	0	0	0	0	0	0	0	4	2	0	0	2	
MIF2	141	0	0	0	0	0	0	0	0	0	0	0	0	2	0	0	0	0	0	0	0	0	0	0	0	4	2	0	0	2	
MIF2	142	0	0	0	0	0	0	0	0	0	0	0	0	2	0	0	0	0	0	0	0	0	0	0	0	4	2	0	0	2	
MIF2	143	0	0	0	0	0	0	0	0	0	0	0	0	2	0	0	0	0	0	0	0	0	0	0	0	4	2	0	0	2	
MIF2	144	0	0	0	0	0	0	0	0	0	0	0	0	2	0	0	0	0	0	0	0	0	0	0	0	4	2	0	0	2	
MIF2	145	0	0	0	0	0	0	0	0	0	0	0	0	2	0	0	0	0	0	0	0	0	0	0	0	4	2	0	0	2	
MIF2	146	0	0	0	0	0	0	0	0	0	0	0	0	2	0	0	0	0	0	0	0	0	0	0	0	4	2	0	0	2	
MIF2	147	0	0	0	0	0	0	0	0	0	0	0	0	0	0	0	0	0	0	0	0	0	0	0	0	0	0	0	0	0	
MIF2	148	0	0	0	0	0	0	0	0	0	0	0	0	0	0	0	0	3	0	0	0	0	0	0	0	0	0	0	0	0	
MIF2	149	0	0	0	0	0	0	2	0	0	0	0	0	0	3	0	9	9	0	0	0	0	0	0	0	0	0	0	0	0	
MIF2	150	0	0	0	0	0	0	2	0	0	0	0	0	0	3	0	9	9	0	0	0	0	0	0	0	0	0	0	0	0	
MIF2	151	0	0	0	0	0	0	2	0	0	0	0	0	0	3	0	9	9	0	0	0	0	0	0	0	0	0	0	0	0	
MIF2	152	0	0	0	0	0	0	2	0	0	0	0	0	0	3	0	9	9	0	0	0	0	0	0	0	0	0	0	0	0	
MIF2	153	0	0	0	0	0	0	4	2	0	0	0	0	9	18	11	21	17	2	14	0	4	0	0	0	13	9	8	3	4	
MIF2	154	0	0	0	0	0	0	4	2	0	0	0	0	9	18	11	21	17	2	14	0	4	0	0	0	13	9	8	3	4	
MIF2	155	0	0	0	0	0	0	4	2	0	0	0	0	9	18	11	21	17	2	14	0	4	0	0	0	13	9	8	3	4	
MIF2	156	0	0	0	0	0	0	4	2	0	0	0	0	9	18	11	21	17	2	14	0	4	0	0	0	13	9	8	3	4	
MIF2	157	0	0	0	0	0	0	4	2	0	0	0	0	9	18	11	21	17	2	14	0	4	0	0	0	13	9	8	3	4	
MIF2	158	0	0	0	0	0	0	4	2	0	0	0	0	9	18	11	21	17	2	14	0	4	0	0	0	13	9	8	3	4	
MIF2	159	0	0	0	0	0	0	4	2	0	0	0	0	9	18	11	21	17	2	14	0	4	0	0	0	13	9	8	3	4	
MIF2	160	0	0	0	0	0	0	4	2	0	0	0	0	9	18	11	21	17	2	14	0	4	0	0	0	13	9	8	3	4	
MIF2	161	0	0	0	0	0	0	4	2	0	0	0	0	9	18	11	21	17	2	14	0	4	0	0	0	13	9	8	3	4	
MIF2	162	0	0	0	0	0	0	4	2	0	0	0	0	9	18	11	21	17	2	14	0	4	0	0	0	13	9	8	3	4	
MIF2	163	0	0	0	0	0	0	4	2	0	0	0	0	9	18	11	21	17	2	14	0	4	0	0	0	13	9	8	3	4	
MIF2	164	0	0	0	0	0	0	4	2	0	0	0	0	9	18	11	21	17	2	14	0	4	0	0	0	13	9	8	3	4	
MIF2	165	0	0	0	0	0	0	0	2	0	0	0	0	5	7	8	10	4	0	9	0	2	0	0	0	6	4	4	0	0	
MIF2	166	0	0	0	0	0	0	0	2	0	0	0	0	5	7	8	10	4	0	9	0	2	0	0	0	6	4	4	0	0	
MIF2	167	0	0	0	0	0	0	0	2	0	0	0	0	5	7	8	10	4	0	9	0	2	0	0	0	6	4	4	0	0	
MIF2	168	0	0	0	0	0	0	0	2	0	0	0	0	5	7	8	10	4	0	9	0	2	0	0	0	6	4	4	0	0	
MIF2	169	0	0	0	0	0	0	0	2	0	0	0	0	5	7	8	10	4	0	9	0	2	0	0	0	6	4	4	0	0	
MIF2	170	0	0	0	0	0	0	0	2	0	0	0	0	3	5	4	8	4	0	0	0	0	0	0	0	0	0	0	0	0	
MIF2	171	0	0	0	0	0	0	0	2	0	0	0	0	3	5	4	8	4	0	0	0	0	0	0	0	0	0	0	0	0	
MIF2	172	0	0	0	0	0	0	0	2	0	0	0	0	3	5	4	8	4	0	0	0	0	0	0	0	0	0	0	0	0	
MIF2	173	0	0	0	0	0	0	0	2	0	0	0	0	3	5	4	8	4	0	0	0	0	0	0	0	0	0	0	0	0	
MIF2	174	0	0	0	0	0	0	0	0	0	0	0	0	0	0	0	0	0	0	0	0	0	0	0	0	2	0	0	0	0	
MIF2	175	0	0	0	0	0	0	0	0	0	0	0	0	0	0	0	0	0	0	0	0	0	0	0	0	2	0	0	0	0	
MIF2	176	0	0	0	0	0	0	0	0	0	0	0	0	0	0	0	0	0	0	0	0	0	0	0	0	2	0	0	0	0	
MIF2	177	0	0	0	0	0	0	0	0	0	0	0	0	0	0	0	0	0	0	0	0	0	0	0	0	2	0	0	0	0	
MIF2	178	0	0	0	0	0	0	0	0	0	0	0	0	0	0	0	0	0	0	0	0	0	0	0	0	2	0	0	0	0	
MIF2	179	0	0	0	0	0	0	0	0	0	0	0	0	0	0	0	0	0	0	0	0	0	0	0	0	2	0	0	0	0	
MIF2	180	0	0	0	0	0	0	0	0	0	0	0	0	0	0	0	0	0	0	0	0	0	0	0	0	2	0	0	0	0	
MIF2	181	0	0	0	0	0	0	0	0	0	0	0	0	0	0	0	0	0	0	0	0	0	0	0	0	2	0	0	0	0	
MIF2	182	0	0	0	0	0	0	0	0	0	0	0	0	0	0	0	0	0	0	0	0	0	0	0	0	2	0	0	0	0	
MIF2	183	0	0	0	0	0	0	0	0	0	0	0	0	0	0	0	0	0	0	0	0	0	0	0	0	2	0	0	0	0	
MIF2	184	0	0	0	0	0	0	0	0	0	0	0	0	0	0	0	0	0	0	0	0	0	0	0	0	2	0	0	0	0	
MIF2	185	0	0	0	0	0	0	0	0	0	0	0	0	0	0	0	0	0	0	0	0	0	0	0	0	2	0	0	0	0	
MIF2	186	0	0	0	0	0	0	0	0	0	0	0	0	0	0	0	0	0	0	0	0	0	0	0	0	2	0	0	0	0	
MIF2	187	0	0	0	0	0	0	0	0	0	0	0	0	0	0	0	0	0	0	0	0	0	0	0	0	2	0	0	0	0	
MIF2	188	0	0	0	0	0	0	0	0	0	0	0	0	0	0	0	0	0	0	0	0	0	0	0	0	2	0	0	0	0	
MIF2	189	0	0	0	0	0	0	0	0	0	0	0	0	0	0	0	0	0	0	0	0	0	0	0	0	2	0	0	0	0	
MIF2	190	0	0	0	0	0	0	0	0	0	0	0	0	0	0	0	0	0	0	0	0	0	0	0	0	2	0	0	0	0	
MIF2	191	0	0	0	0	0	0	0	0	0	0	0	0	0	0	0	0	0	0	0	0	0	0	0	0	2	0	0	0	0	
MIF2	192	0	0	0	0	0	0	0	0	0	0	0	0	0	0	0	0	0	0	0	0	0	0	0	0	0	0	0	0	0	
MIF2	193	0	0	0	0	0	0	0	0	0	0	0	0	0	0	0	0	0	0	0	0	0	0	0	0	0	0	0	0	0	
MIF2	194	0	0	0	0	0	0	0	0	0	0	0	0	0	0	0	0	0	0	0	0	0	0	0	0	0	0	0	0	0	
MIF2	195	0	0	0	0	0	0	0	0	0	0	0	0	0	0	0	0	0	0	0	0	0	0	0	0	0	0	0	0	0	
MIF2	196	0	0	0	0	0	0	0	0	0	0	0	0	0	0	0	0	0	0	0	0	0	0	0	0	0	0	0	0	0	
MIF2	197	0	0	0	0	0	0	0	0	0	0	0	0	0	0	0	0	0	0	0	0	0	0	0	0	0	0	0	0	0	
MIF2	198	0	0	0	0	0	0	0	0	0	0	0	0	0	0	0	0	0	0	0	0	0	0	0	0	0	0	0	0	0	
MIF2	199	0	0	0	0	0	0	0	0	0	0	0	0	0	0	0	0	0	0	0	0	0	0	0	0	0	0	0	0	0	
MIF2	200	0	0	0	0	0	0	0	0	0	0	0	0	0	0	0	0	0	0	0	0	0	0	0	0	0	0	0	0	0	
MIF2	201	0	0	0	0	0	0	0	0	0	0	0	0	0	0	0	0	0	0	0	0	0	0	0	0	0	0	0	0	0	
MIF2	202	0	0	0	0	0	0	0	0	0	0	0	0	0	0	0	0	0	0	0	0	0	0	0	0	0	0	0	0	0	
MIF2	203	0	0	0	0	0	0	0	0	0	0	0	0	0	0	0	0	0	0	0	0	0	0	0	0	0	0	0	0	0	
MIF2	204	0	0	0	0	0	0	0	0	0	0	0	0	0	0	0	0	0	0	0	0	0	0	0	0	0	0	0	0	0	
MIF2	205	0	0	0	0	0	0	0	0	0	0	0	0	0	0	0	0	0	0	0	0	0	0	0	0	0	0	0	0	0	
MIF2	206	0	0	0	0	0	0	0	0	0	0	0	0	0	0	0	0	0	0	0	0	0	0	0	0	0	0	0	0	0	
MIF2	207	0	0	0	0	0	0	0	0	0	0	0	0	0	0	0	0	0	0	0	0	0	0	0	0	0	0	0	0	0	
MIF2	208	0	0	0	0	0	0	0	0	0	0	0	0	0	0	0	0	0	0	0	0	0	0	0	0	0	0	0	0	0	
MIF2	209	0	0	0	0	0	0	0	0	0	0	0	0	0	0	0	0	0	0	0	0	0	0	0	0	0	0	0	0	0	
MIF2	210	0	0	0	0	0	0	0	0	0	0	0	0	0	0	0	0	0	0	0	0	0	0	0	0	0	0	0	0	0	
MIF2	211	0	0	0	0	0	0	0	0	0	0	0	0	0	0	0	0	0	0	0	0	0	0	0	0	0	0	0	0	0	
MIF2	212	0	0	0	0	0	0	0	0	0	0	0	0	0	0	0	0	0	0	0	0	0	0	0	0	0	0	0	0	0	
MIF2	213	0	0	0	0	0	0	0	0	0	0	0	0	0	0	0	0	0	0	0	0	0	0	0	0	0	0	0	0	0	
MIF2	214	0	0	0	0	0	0	0	0	0	0	0	0	0	0	0	0	0	0	0	0	0	0	0	0	0	0	0	0	0	
MIF2	215	0	0	0	0	0	0	0	0	0	0	0	0	0	0	0	0	0	0	0	0	0	0	0	0	0	0	0	0	0	
MIF2	216	0	0	0	0	0	0	0	0	0	0	0	0	0	0	0	0	0	0	0	0	0	0	0	0	0	0	0	0	0	
MIF2	217	0	0	0	0	0	0	0	0	0	0	0	0	0	0	0	0	0	0	0	0	0	0	0	0	0	0	0	0	0	
MIF2	218	0	0	0	0	0	0	0	0	0	0	0	0	0	0	0	0	0	0	0	0	0	0	0	0	0	0	0	0	0	
MIF2	219	0	0	0	0	0	0	0	0	0	0	0	0	0	0	0	0	0	0	0	0	0	0	0	0	0	0	0	0	0	
MIF2	220	0	0	0	0	0	0	0	0	0	0	0	0	0	0	0	0	0	0	0	0	0	0	0	0	0	0	0	0	0	
MIF2	221	0	0	0	0	0	0	0	0	0	0	0	0	0	0	0	0	0	0	0	0	0	0	0	0	0	0	0	0	0	
MIF2	222	0	0	0	0	0	0	0	0	0	0	0	0	0	0	0	0	0	0	0	0	0	0	0	0	0	0	0	0	0	
MIF2	223	0	0	0	0	0	0	0	0	0	0	0	0	0	0	0	0	0	0	0	0	0	0	0	0	0	0	0	0	0	
MIF2	224	0	0	0	0	0	0	0	0	0	0	0	0	0	0	0	0	0	0	0	0	0	0	0	0	0	0	0	0	0	
MIF2	225	0	0	0	0	0	0	0	0	0	0	0	0	0	0	0	0	0	0	0	0	0	0	0	0	0	0	0	0	0	
MIF2	226	0	0	0	0	0	0	0	0	0	0	0	0	0	0	0	0	0	0	0	0	0	0	0	0	0	0	0	0	0	
MIF2	227	0	0	0	0	0	0	0	0	0	0	0	0	0	0	0	0	0	0	0	0	0	0	0	0	0	0	0	0	0	
MIF2	228	0	0	0	0	0	0	0	0	0	0	0	0	0	0	0	0	0	0	0	0	0	0	0	0	0	0	0	0	0	
MIF2	229	0	0	0	0	0	0	0	0	0	0	0	0	0	0	0	0	0	0	0	0	0	0	0	0	0	0	0	0	0	
MIF2	230	0	0	0	0	0	0	0	0	0	0	0	0	0	0	0	0	0	0	0	0	0	0	0	0	0	0	0	0	0	
MIF2	231	0	0	0	0	0	0	0	0	0	0	0	0	0	0	0	0	0	0	0	0	0	0	0	0	0	0	0	0	0	
MIF2	232	0	0	0	0	0	0	0	0	0	0	0	0	0	0	0	0	0	0	0	0	0	0	0	0	0	0	0	0	0	
MIF2	233	0	0	0	0	0	0	0	0	0	0	0	0	0	0	0	0	0	0	0	0	0	0	0	0	0	0	0	0	0	
MIF2	234	0	0	0	0	0	0	0	0	0	0	0	0	0	0	0	0	0	0	0	0	0	0	0	0	0	0	0	0	0	
MIF2	235	0	0	0	0	0	0	0	0	0	0	0	0	0	0	0	0	0	0	0	0	0	0	0	0	0	0	0	0	0	
MIF2	236	0	0	0	0	0	0	0	0	0	0	0	0	0	0	0	0	0	0	0	0	0	0	0	0	0	0	0	0	0	
MIF2	237	0	0	0	0	0	0	0	0	0	0	0	0	0	0	0	0	0	0	0	0	0	0	0	0	0	0	0	0	0	
MIF2	238	0	0	0	0	0	0	0	0	0	0	0	0	0	0	0	0	0	0	0	0	0	0	0	0	0	0	0	0	0	
MIF2	239	0	0	0	0	0	0	0	0	0	0	0	0	0	0	0	0	0	0	0	0	0	0	0	0	0	0	0	0	0	
MIF2	240	0	0	0	0	0	0	0	0	0	0	0	0	0	0	0	0	0	0	0	0	0	0	0	0	0	0	0	0	0	
MIF2	241	0	0	0	0	0	0	0	0	0	0	0	0	0	0	0	0	0	0	0	0	0	0	0	0	0	0	0	0	0	
MIF2	242	0	0	0	0	0	0	0	0	0	0	0	0	0	0	0	0	0	0	0	0	0	0	0	0	0	0	0	0	0	
MIF2	243	0	0	0	0	0	0	0	0	0	0	0	0	0	0	0	0	0	0	0	0	0	0	0	0	0	0	0	0	0	
MIF2	244	0	0	0	0	0	0	0	0	0	0	0	0	0	0	0	0	0	0	0	0	0	0	0	0	0	0	0	0	0	
MIF2	245	0	0	0	0	0	0	0	0	0	0	0	0	0	0	0	0	0	0	0	0	0	0	0	0	0	0	0	0	0	
MIF2	246	0	0	0	0	0	0	0	0	0	0	0	0	0	0	0	0	0	0	0	0	0	0	0	0	0	0	0	0	0	
MIF2	247	0	0	0	0	0	0	0	0	0	0	0	0	0	0	0	0	0	0	0	0	0	0	0	0	0	0	0	0	0	
MIF2	248	0	0	0	0	0	0	0	0	0	0	0	0	0	0	0	0	0	0	0	0	0	0	0	0	0	0	0	0	0	
MIF2	249	0	0	0	0	0	0	0	0	0	0	0	0	0	0	0	0	0	0	0	0	0	0	0	0	0	0	0	0	0	
MIF2	250	0	0	0	0	0	0	0	0	0	0	0	0	0	0	0	0	0	0	0	0	0	0	0	0	0	0	0	0	0	
MIF2	251	0	0	0	0	0	0	0	0	0	0	0	0	0	0	0	0	0	0	0	0	0	0	0	0	0	0	0	0	0	
MIF2	252	0	0	0	0	0	0	0	0	0	0	0	0	0	0	0	0	0	0	0	0	0	0	0	0	0	0	0	0	0	
MIF2	253	0	0	0	0	0	0	0	0	0	0	0	0	0	0	0	0	0	0	0	0	0	0	0	0	0	0	0	0	0	
MIF2	254	0	0	0	0	0	0	0	0	0	0	0	0	0	0	0	0	0	0	0	0	0	0	0	0	0	0	0	0	0	
MIF2	255	0	0	0	0	0	0	0	0	0	0	0	0	0	0	0	0	0	0	0	0	0	0	0	0	0	0	0	0	0	
MIF2	256	0	0	0	0	0	0	0	0	0	0	0	0	0	0	0	0	0	0	0	0	0	0	0	0	0	0	0	0	0	
MIF2	257	0	0	0	0	0	0	0	0	0	0	0	0	0	0	0	0	0	0	0	0	0	0	0	0	0	0	0	0	0	
MIF2	258	0	0	0	0	0	0	0	0	0	0	0	0	0	0	0	0	0	0	0	0	0	0	0	0	0	0	0	0	0	
MIF2	259	0	0	0	0	0	0	0	0	0	0	0	0	0	0	0	0	0	0	0	0	0	0	0	0	0	0	0	0	0	
MIF2	260	0	0	0	0	0	0	0	0	0	0	0	0	0	0	0	0	0	0	0	0	0	0	0	0	0	0	0	0	0	
MIF2	261	0	0	0	0	0	0	0	0	0	0	0	0	0	0	0	0	0	0	0	0	0	0	0	0	0	0	0	0	0	
MIF2	262	0	0	0	0	0	0	0	0	0	0	0	0	0	0	0	0	0	0	0	0	0	0	0	0	0	0	0	0	0	
MIF2	263	0	0	0	0	0	0	0	0	0	0	0	0	0	0	0	0	0	0	0	0	0	0	0	0	0	0	0	0	0	
MIF2	264	0	0	0	0	0	0	0	0	0	0	0	0	0	0	0	0	0	0	0	0	0	0	0	0	0	0	0	0	0	
MIF2	265	0	0	0	0	0	0	0	0	0	0	0	0	0	0	0	0	0	0	0	0	0	0	0	0	0	0	0	0	0	
MIF2	266	0	0	0	0	0	0	0	0	0	0	0	0	0	0	0	0	0	0	0	0	0	0	0	0	0	0	0	0	0	
MIF2	267	0	0	0	0	0	0	0	0	0	0	0	0	0	0	0	0	0	0	0	0	0	0	0	0	0	0	0	0	0	
MIF2	268	0	0	0	0	0	0	0	2	0	2	0	0	0	5	0	0	2	0	0	0	0	0	0	0	0	0	0	0	0	
MIF2	269	0	0	0	0	0	0	0	2	0	2	0	0	0	5	0	0	2	0	0	0	0	0	0	0	0	0	0	0	0	
MIF2	270	0	0	0	0	0	0	0	2	0	2	0	0	0	5	0	0	2	0	0	0	0	0	0	0	0	0	0	0	0	
MIF2	271	0	0	0	0	0	0	0	2	0	2	0	0	0	5	0	0	2	0	0	0	0	0	0	0	0	0	0	0	0	
MIF2	272	0	0	0	0	0	0	0	2	0	2	0	0	0	5	0	0	2	0	0	0	0	0	0	0	0	0	0	0	0	
MIF2	273	0	0	0	0	0	0	0	2	0	2	0	0	0	5	0	0	2	0	0	0	0	0	0	0	0	0	0	0	0	
MIF2	274	0	0	0	0	0	0	0	2	0	2	0	0	0	5	0	0	2	0	0	0	0	0	0	0	0	0	0	0	0	
MIF2	275	0	0	0	0	0	0	13	11	4	5	2	0	15	27	9	7	6	2	0	3	0	0	0	0	4	3	2	4	3	
MIF2	276	0	0	0	0	0	0	13	11	4	5	2	0	15	27	9	7	6	2	0	3	0	0	0	0	4	3	2	4	3	
MIF2	277	0	0	0	0	0	0	13	11	4	5	2	0	15	27	9	7	6	2	0	3	0	0	0	0	4	3	2	4	3	
MIF2	278	0	0	0	0	0	0	13	11	4	5	2	0	15	27	9	7	6	2	0	3	0	0	0	0	4	3	2	4	3	
MIF2	279	0	0	0	0	0	0	13	11	4	5	2	0	15	27	9	7	6	2	0	3	0	0	0	0	4	3	2	4	3	
MIF2	280	0	0	0	0	0	0	13	11	4	5	2	0	15	27	9	7	6	2	0	3	0	0	0	0	4	3	2	4	3	
MIF2	281	0	0	0	0	0	0	13	11	4	5	2	0	15	27	9	7	6	2	0	3	0	0	0	0	4	3	2	4	3	
MIF2	282	0	0	0	0	0	0	13	9	4	0	0	0	10	23	4	7	6	2	0	3	0	0	0	0	0	0	0	0	0	
MIF2	283	0	0	0	0	0	0	13	9	4	0	0	0	10	23	4	7	6	2	0	3	0	0	0	0	0	0	0	0	0	
MIF2	284	0	0	0	0	0	0	13	9	4	0	0	0	10	23	4	7	6	2	0	3	0	0	0	0	0	0	0	0	0	
MIF2	285	0	0	0	0	0	0	13	9	4	0	0	0	10	23	4	7	6	2	0	3	0	0	0	0	0	0	0	0	0	
MIF2	286	0	0	0	0	0	0	0	0	0	0	0	0	0	0	0	0	0	0	0	0	0	0	0	0	0	0	0	0	0	
MIF2	287	0	0	0	0	0	0	0	0	0	0	0	0	0	0	0	0	0	0	0	0	0	0	0	0	0	0	0	0	0	
MIF2	288	0	0	0	0	0	0	0	0	0	0	0	0	0	0	0	0	0	0	0	0	0	0	0	0	0	0	0	0	0	
MIF2	289	0	0	0	0	0	0	0	0	0	0	0	0	0	0	0	0	0	0	0	0	0	0	0	0	0	0	0	0	0	
MIF2	290	0	0	0	0	0	0	6	5	0	2	4	0	9	9	12	5	0	2	7	2	4	0	0	0	0	0	0	0	0	
MIF2	291	0	0	0	0	0	0	6	5	0	2	4	0	9	9	12	5	0	2	7	2	4	0	0	0	0	0	0	0	0	
MIF2	292	0	0	0	0	0	0	8	7	0	2	4	0	11	11	14	7	0	2	9	2	6	0	0	0	9	2	3	4	4	
MIF2	293	0	0	0	0	0	0	8	7	0	2	4	0	11	11	14	7	0	2	9	2	6	0	0	0	9	2	3	4	4	
MIF2	294	0	0	0	0	0	0	8	7	0	2	4	0	11	11	14	7	0	2	9	2	6	0	0	0	9	2	3	4	4	
MIF2	295	0	0	0	0	0	0	8	7	0	2	4	0	11	11	14	7	0	2	9	2	6	0	0	0	9	2	3	4	4	
MIF2	296	0	0	0	0	0	0	8	7	0	2	4	0	11	11	14	7	0	2	9	2	6	0	0	0	9	2	3	4	4	
MIF2	297	0	0	0	0	0	0	8	7	0	2	4	0	11	11	14	7	0	2	9	2	6	0	0	0	9	2	3	4	4	
MIF2	298	0	0	0	0	0	0	8	7	0	2	4	0	11	11	14	7	0	2	9	2	6	0	0	0	9	2	3	4	4	
MIF2	299	0	0	0	0	0	0	8	7	0	2	4	0	11	11	14	7	0	2	9	2	6	0	0	0	9	2	3	4	4	
MIF2	300	0	0	0	0	0	0	6	7	0	2	2	0	8	9	11	7	0	0	0	0	0	0	0	0	0	0	0	0	0	
MIF2	301	0	0	0	0	0	0	6	7	0	2	2	0	8	9	11	7	0	0	0	0	0	0	0	0	0	0	0	0	0	
MIF2	302	0	0	0	0	0	0	6	7	0	2	2	0	8	9	11	7	0	0	0	0	0	0	0	0	0	0	0	0	0	
MIF2	303	0	0	0	0	0	0	0	0	0	0	0	0	2	2	0	0	0	0	0	0	0	0	0	0	0	0	0	0	0	
MIF2	304	0	0	0	0	0	0	0	0	0	0	0	0	2	2	0	0	0	0	0	0	0	0	0	0	0	0	0	0	0	
MIF2	305	0	0	0	0	0	0	0	0	0	0	0	0	2	2	0	0	0	0	0	0	0	0	0	0	0	0	0	0	0	
MIF2	306	0	0	0	0	0	0	0	0	0	0	0	0	2	2	0	0	0	0	0	0	0	0	0	0	0	0	0	0	0	
MIF2	307	0	0	0	0	0	0	0	0	0	0	0	0	0	0	0	0	0	0	0	0	0	0	0	0	0	0	0	0	0	
MIF2	308	0	0	0	0	0	0	0	0	0	0	0	0	9	4	11	5	2	0	3	0	0	0	0	0	8	7	12	11	11	
MIF2	309	0	0	0	0	0	0	2	0	2	0	0	0	18	8	27	15	8	0	9	0	0	0	0	0	13	9	14	15	13	
MIF2	310	0	0	0	0	0	0	2	0	2	0	0	0	18	8	27	15	8	0	9	0	0	0	0	0	13	9	14	15	13	
MIF2	311	0	0	0	0	0	0	2	0	2	0	0	0	18	8	27	15	8	0	9	0	0	0	0	0	13	9	14	15	13	
MIF2	312	0	0	0	0	0	0	2	0	2	0	0	0	18	8	27	15	8	0	9	0	0	0	0	0	13	9	14	15	13	
MIF2	313	0	0	0	0	0	0	2	0	2	0	0	0	18	8	27	15	8	0	9	0	0	0	0	0	13	9	14	15	13	
MIF2	314	0	0	0	0	0	0	2	0	2	0	0	0	18	8	27	15	8	0	9	0	0	0	0	0	13	9	14	15	13	
MIF2	315	0	0	0	0	0	0	2	0	2	0	0	0	18	8	27	15	8	0	9	0	0	0	0	0	13	9	14	15	13	
MIF2	316	0	0	0	0	0	0	2	0	2	0	0	0	18	8	27	15	8	0	9	0	0	0	0	0	13	9	14	15	13	
MIF2	317	0	0	0	0	0	0	2	0	2	0	0	0	18	8	27	15	8	0	9	0	0	0	0	0	13	9	14	15	13	
MIF2	318	0	0	0	0	0	0	2	0	2	0	0	0	18	8	27	15	8	0	9	0	0	0	0	0	13	9	14	15	13	
MIF2	319	0	0	0	0	0	0	0	0	0	0	0	0	16	6	24	13	6	0	14	0	2	0	0	0	8	6	0	0	3	
MIF2	320	0	0	0	0	0	0	0	0	0	0	0	0	16	6	24	13	6	0	14	0	2	0	0	0	8	6	0	0	3	
MIF2	321	0	0	0	0	0	0	0	0	0	0	0	0	16	6	24	13	6	0	14	0	2	0	0	0	8	6	0	0	3	
MIF2	322	0	0	0	0	0	0	0	0	0	0	0	0	16	6	24	13	6	0	14	0	2	0	0	0	8	6	0	0	3	
MIF2	323	0	0	0	0	0	0	0	0	0	0	0	0	16	6	24	13	6	0	14	0	2	0	0	0	8	6	0	0	3	
MIF2	324	0	0	0	0	0	0	0	0	0	0	0	0	16	6	24	13	6	0	14	0	2	0	0	0	8	6	0	0	3	
MIF2	325	0	0	0	0	0	0	0	0	0	0	0	0	16	6	24	13	6	0	14	0	2	0	0	0	8	6	0	0	3	
MIF2	326	0	0	0	0	0	0	0	0	0	0	0	0	16	6	24	13	6	0	14	0	2	0	0	0	8	6	0	0	3	
MIF2	327	0	0	0	0	0	0	0	0	0	0	0	0	16	6	24	13	6	0	14	0	2	0	0	0	8	6	0	0	3	
MIF2	328	0	0	0	0	0	0	0	0	0	0	0	0	16	6	24	13	6	0	14	0	2	0	0	0	8	6	0	0	3	
MIF2	329	0	0	0	0	0	0	0	0	0	0	0	0	16	6	24	13	6	0	14	0	2	0	0	0	8	6	0	0	3	
MIF2	330	0	0	0	0	0	0	0	0	0	0	0	0	16	6	24	13	6	0	14	0	2	0	0	0	8	6	0	0	3	
MIF2	331	0	0	0	0	0	0	0	0	0	0	0	0	16	6	24	13	6	0	14	0	2	0	0	0	8	6	0	0	3	
MIF2	332	0	0	0	0	0	0	0	0	0	0	0	0	16	6	24	13	6	0	14	0	2	0	0	0	8	6	0	0	3	
MIF2	333	0	0	0	0	0	0	0	0	0	0	0	0	16	6	24	13	6	0	14	0	2	0	0	0	8	6	0	0	3	
MIF2	334	0	0	0	0	0	0	0	0	0	0	0	0	16	6	24	13	6	0	14	0	2	0	0	0	8	6	0	0	3	
MIF2	335	0	0	0	0	0	0	0	0	0	0	0	0	16	6	24	13	6	0	14	0	2	0	0	0	8	6	0	0	3	
MIF2	336	0	0	0	0	0	0	0	0	0	0	0	0	16	6	24	13	6	0	14	0	2	0	0	0	8	6	0	0	3	
MIF2	337	0	0	0	0	0	0	0	0	0	0	0	0	5	2	7	4	2	0	0	0	0	0	0	0	0	0	0	0	0	
MIF2	338	0	0	0	0	0	0	0	0	0	0	0	0	0	0	0	0	0	0	0	0	0	0	0	0	0	0	0	0	0	
MIF2	339	0	0	0	0	0	0	0	0	0	0	0	0	0	0	0	0	0	0	0	0	0	0	0	0	0	0	0	0	0	
MIF2	340	0	0	0	0	0	0	0	0	0	0	0	0	3	3	0	0	0	0	0	0	0	0	0	0	0	0	0	0	0	
MIF2	341	0	0	0	0	0	0	0	0	0	0	0	0	3	3	0	0	0	0	0	0	0	0	0	0	0	0	0	0	0	
MIF2	342	0	0	0	0	0	0	0	2	2	0	2	0	10	10	5	5	5	0	14	0	3	0	0	0	0	0	0	0	0	
MIF2	343	0	0	0	0	0	0	0	2	2	0	2	0	12	10	8	7	5	0	16	0	3	0	0	0	0	0	0	0	0	
MIF2	344	0	0	0	0	0	0	0	2	2	0	2	0	12	10	8	7	5	0	16	0	3	0	0	0	0	0	0	0	0	
MIF2	345	0	0	0	0	0	0	0	2	2	0	2	0	12	10	8	7	5	0	16	0	3	0	0	0	0	0	0	0	0	
MIF2	346	0	0	0	0	0	0	0	2	2	0	2	0	12	10	8	7	5	0	16	0	3	0	0	0	0	0	0	0	0	
MIF2	347	0	0	0	0	0	0	0	2	2	0	2	0	12	10	8	7	5	0	16	0	3	0	0	0	0	0	0	0	0	
MIF2	348	0	0	0	0	0	0	0	2	2	0	2	0	12	10	8	7	5	0	16	0	3	0	0	0	0	0	0	0	0	
MIF2	349	0	0	0	0	0	0	0	2	2	0	2	0	12	10	8	7	5	0	16	0	3	0	0	0	0	0	0	0	0	
MIF2	350	0	0	0	0	0	0	0	2	2	0	2	0	12	10	8	7	5	0	16	0	3	0	0	0	0	0	0	0	0	
MIF2	351	0	0	0	0	0	0	0	2	2	0	2	0	12	10	8	7	5	0	16	0	3	0	0	0	0	0	0	0	0	
MIF2	352	0	0	0	0	0	0	0	2	2	0	2	0	12	10	8	7	5	0	16	0	3	0	0	0	0	0	0	0	0	
MIF2	353	0	0	0	0	0	0	0	2	2	0	2	0	12	10	8	7	5	0	16	0	3	0	0	0	0	0	0	0	0	
MIF2	354	0	0	0	0	0	0	0	2	2	0	2	0	12	10	8	7	5	0	16	0	3	0	0	0	0	0	0	0	0	
MIF2	355	0	0	0	0	0	0	0	2	2	0	2	0	12	10	8	7	5	0	16	0	3	0	0	0	0	0	0	0	0	
MIF2	356	0	0	0	0	0	0	0	2	2	0	2	0	12	10	8	7	5	0	16	0	3	0	0	0	0	0	0	0	0	
MIF2	357	0	0	0	0	0	0	0	2	2	0	2	0	12	10	8	7	5	0	16	0	3	0	0	0	0	0	0	0	0	
MIF2	358	0	0	0	0	0	0	0	2	2	0	2	0	12	10	8	7	5	0	16	0	3	0	0	0	0	0	0	0	0	
MIF2	359	0	0	0	0	0	0	0	2	2	0	2	0	12	10	8	7	5	0	16	0	3	0	0	0	0	0	0	0	0	
MIF2	360	0	0	0	0	0	0	0	0	0	0	0	0	0	0	0	0	0	0	0	0	0	0	0	0	0	0	0	0	0	
MIF2	361	0	0	0	0	0	0	0	0	0	0	0	0	0	0	0	0	0	0	0	0	0	0	0	0	0	0	0	0	0	
MIF2	362	0	0	0	0	0	0	0	0	0	0	0	0	0	0	0	0	0	0	0	0	0	0	0	0	0	0	0	0	0	
MIF2	363	0	0	0	0	0	0	0	0	0	0	0	0	0	0	0	0	0	0	0	0	0	0	0	0	0	0	0	0	0	
MIF2	364	0	0	0	0	0	0	3	0	0	0	0	0	4	3	5	3	2	0	15	3	4	0	0	0	0	0	0	0	0	
MIF2	365	0	0	0	0	0	0	3	0	0	0	0	0	4	3	5	3	2	0	15	3	4	0	0	0	0	0	0	0	0	
MIF2	366	0	0	0	0	0	0	3	0	0	0	0	0	4	3	5	3	2	0	15	3	4	0	0	0	0	0	0	0	0	
MIF2	367	0	0	0	0	0	0	3	0	0	0	0	0	4	3	5	3	2	0	15	3	4	0	0	0	0	0	0	0	0	
MIF2	368	0	0	0	0	0	0	3	0	0	0	0	0	4	3	5	3	2	0	15	3	4	0	0	0	0	0	0	0	0	
MIF2	369	0	0	0	0	0	0	3	0	0	0	0	0	4	3	5	3	2	0	15	3	4	0	0	0	0	0	0	0	0	
MIF2	370	0	0	0	0	0	0	3	0	0	0	0	0	6	6	10	3	2	0	19	3	7	0	0	0	18	5	4	4	2	
MIF2	371	0	0	0	0	0	0	3	0	0	0	0	0	6	6	10	3	2	0	19	3	7	0	0	0	18	5	4	4	2	
MIF2	372	0	0	0	0	0	0	3	0	0	0	0	0	6	6	10	3	2	0	19	3	7	0	0	0	18	5	4	4	2	
MIF2	373	0	0	0	0	0	0	3	0	0	0	0	0	6	6	10	3	2	0	19	3	7	0	0	0	18	5	4	4	2	
MIF2	374	0	0	0	0	0	0	3	0	0	0	0	0	6	6	10	3	2	0	19	3	7	0	0	0	18	5	4	4	2	
MIF2	375	0	0	0	0	0	0	3	0	0	0	0	0	6	6	10	3	2	0	19	3	7	0	0	0	18	5	4	4	2	
MIF2	376	0	0	0	0	0	0	3	0	0	0	0	0	6	6	10	3	2	0	19	3	7	0	0	0	18	5	4	4	2	
MIF2	377	0	0	0	0	0	0	3	0	0	0	0	0	6	6	10	3	2	0	19	3	7	0	0	0	18	5	4	4	2	
MIF2	378	0	0	0	0	0	0	3	0	0	0	0	0	6	6	10	3	2	0	19	3	7	0	0	0	18	5	4	4	2	
MIF2	379	0	0	0	0	0	0	3	0	0	0	0	0	6	6	10	3	2	0	19	3	7	0	0	0	18	5	4	4	2	
MIF2	380	0	0	0	0	0	0	3	0	0	0	0	0	6	6	10	3	2	0	19	3	7	0	0	0	18	5	4	4	2	
MIF2	381	0	0	0	0	0	0	3	0	0	0	0	0	6	6	10	3	2	0	19	3	7	0	0	0	18	5	4	4	2	
MIF2	382	0	0	0	0	0	0	3	0	0	0	0	0	6	6	10	3	2	0	19	3	7	0	0	0	18	5	4	4	2	
MIF2	383	0	0	0	0	0	0	3	0	0	0	0	0	6	6	10	3	2	0	19	3	7	0	0	0	18	5	4	4	2	
MIF2	384	0	0	0	0	0	0	3	0	0	0	0	0	6	6	10	3	2	0	19	3	7	0	0	0	18	5	4	4	2	
MIF2	385	0	0	0	0	0	0	0	7	2	0	0	0	8	9	6	5	2	4	0	2	0	0	0	0	7	9	2	4	0	
MIF2	386	0	0	0	0	0	0	0	7	2	0	0	0	8	9	6	5	2	4	0	2	0	0	0	0	7	9	2	4	0	
MIF2	387	0	0	0	0	0	0	0	7	2	0	0	0	8	9	6	5	2	4	0	2	0	0	0	0	7	9	2	4	0	
MIF2	388	0	0	0	0	0	0	0	7	2	0	0	0	8	9	6	5	2	4	0	2	0	0	0	0	7	9	2	4	0	
MIF2	389	0	0	0	0	0	0	0	7	2	0	0	0	8	9	6	5	2	4	0	2	0	0	0	0	7	9	2	4	0	
MIF2	390	0	0	0	0	0	0	0	7	2	0	0	0	8	9	6	5	2	4	0	2	0	0	0	0	7	9	2	4	0	
MIF2	391	0	0	0	0	0	0	0	7	2	0	0	0	8	9	6	5	2	4	0	2	0	0	0	0	7	9	2	4	0	
MIF2	392	0	0	0	0	0	0	0	7	2	0	0	0	8	9	6	5	2	4	0	2	0	0	0	0	7	9	2	4	0	
MIF2	393	0	0	0	0	0	0	0	7	2	0	0	0	8	9	6	5	2	4	0	2	0	0	0	0	7	9	2	4	0	
MIF2	394	0	0	0	0	0	0	0	7	2	0	0	0	8	9	6	5	2	4	0	2	0	0	0	0	7	9	2	4	0	
MIF2	395	0	0	0	0	0	0	0	7	2	0	0	0	8	9	6	5	2	4	0	2	0	0	0	0	7	9	2	4	0	
MIF2	396	0	0	0	0	0	0	0	7	2	0	0	0	8	9	6	5	2	4	0	2	0	0	0	0	7	9	2	4	0	
MIF2	397	0	0	0	0	0	0	0	7	2	0	0	0	8	9	6	5	2	4	0	2	0	0	0	0	7	9	2	4	0	
MIF2	398	0	0	0	0	0	0	2	18	5	2	0	0	13	15	11	3	2	2	7	2	2	0	0	0	10	12	8	12	21	
MIF2	399	0	0	0	0	0	0	2	18	5	2	0	0	13	15	11	3	2	2	7	2	2	0	0	0	10	12	8	12	21	
MIF2	400	0	0	0	0	0	0	2	18	5	2	0	0	13	15	11	3	2	2	7	2	2	0	0	0	10	12	8	12	21	
MIF2	401	0	0	0	0	0	0	2	18	5	2	0	0	13	15	11	3	2	2	7	2	2	0	0	0	10	12	8	12	21	
MIF2	402	0	0	0	0	0	0	2	18	5	2	0	0	13	15	11	3	2	2	7	2	2	0	0	0	10	12	8	12	21	
MIF2	403	0	0	0	0	0	0	2	18	5	2	0	0	13	15	11	3	2	2	7	2	2	0	0	0	10	12	8	12	21	
MIF2	404	0	0	0	0	0	0	2	18	5	2	0	0	13	15	11	3	2	2	7	2	2	0	0	0	10	12	8	12	21	
MIF2	405	0	0	0	0	0	0	2	18	5	2	0	0	13	15	11	3	2	2	7	2	2	0	0	0	10	12	8	12	21	
MIF2	406	0	0	0	0	0	0	2	18	5	2	0	0	13	15	11	3	2	2	7	2	2	0	0	0	10	12	8	12	21	
MIF2	407	0	0	0	0	0	0	2	0	0	0	0	0	2	2	0	2	2	0	26	0	0	0	0	0	16	10	7	17	2	
MIF2	408	0	0	0	0	0	0	2	0	0	0	0	0	2	2	0	2	2	0	26	0	0	0	0	0	16	10	7	17	2	
MIF2	409	0	0	0	0	0	0	2	0	0	0	0	0	2	2	0	2	2	0	26	0	0	0	0	0	16	10	7	17	2	
MIF2	410	0	0	0	0	0	0	2	0	0	0	0	0	2	2	0	2	2	0	26	0	0	0	0	0	16	10	7	17	2	
MIF2	411	0	0	0	0	0	0	2	0	0	0	0	0	2	2	0	2	2	0	26	0	0	0	0	0	16	10	7	17	2	
MIF2	412	0	0	0	0	0	0	2	0	0	0	0	0	2	2	0	2	2	0	26	0	0	0	0	0	23	17	11	19	4	
MIF2	413	0	0	0	0	0	0	2	0	0	0	0	0	2	2	0	2	2	0	26	0	0	0	0	0	23	17	11	19	4	
MIF2	414	0	0	0	0	0	0	2	0	0	0	0	0	2	2	0	2	2	0	26	0	0	0	0	0	23	17	11	19	4	
MIF2	415	0	0	0	0	0	0	2	0	0	0	0	0	2	2	0	2	2	0	26	0	0	0	0	0	23	17	11	19	4	
MIF2	416	0	0	0	0	0	0	2	0	0	0	0	0	2	2	0	2	2	0	26	0	0	0	0	0	25	19	11	19	4	
MIF2	417	0	0	0	0	0	0	2	0	0	0	0	0	2	2	0	2	2	0	26	0	0	0	0	0	25	19	11	19	4	
MIF2	418	0	0	0	0	0	0	2	0	0	0	0	0	2	2	0	2	2	0	26	0	0	0	0	0	25	19	11	19	4	
MIF2	419	0	0	0	0	0	0	2	0	0	0	0	0	2	2	0	2	2	0	26	0	0	0	0	0	25	19	11	19	4	
MIF2	420	0	0	0	0	0	0	2	0	0	0	0	0	2	2	0	2	2	0	26	0	0	0	0	0	25	19	11	19	4	
MIF2	421	0	0	0	0	0	0	2	0	0	0	0	0	2	2	0	2	2	0	26	0	0	0	0	0	25	19	11	19	4	
MIF2	422	0	0	0	0	0	0	2	0	0	0	0	0	2	2	0	2	2	0	26	0	0	0	0	0	25	19	11	19	4	
MIF2	423	0	0	0	0	0	0	2	0	0	0	0	0	2	2	0	2	2	0	26	0	0	0	0	0	25	19	11	19	4	
MIF2	424	0	0	0	0	0	0	2	0	0	0	0	0	2	2	0	2	2	0	26	0	0	0	0	0	25	19	11	19	4	
MIF2	425	0	0	0	0	0	0	2	0	0	0	0	0	2	2	0	2	2	0	26	0	0	0	0	0	25	19	11	19	4	
MIF2	426	0	0	0	0	0	0	2	0	0	0	0	0	2	2	0	2	2	0	26	0	0	0	0	0	25	19	11	19	4	
MIF2	427	0	0	0	0	0	0	2	0	0	0	0	0	2	2	0	2	2	0	26	0	0	0	0	0	25	19	11	19	4	
MIF2	428	0	0	0	0	0	0	2	0	0	0	0	0	2	2	0	2	2	0	26	0	0	0	0	0	25	19	11	19	4	
MIF2	429	0	0	0	0	0	0	2	0	0	0	0	0	2	2	0	2	2	0	26	0	0	0	0	0	25	19	11	19	4	
MIF2	430	0	0	0	0	0	0	2	0	0	0	0	0	2	2	0	2	2	0	26	0	0	0	0	0	25	19	11	19	4	
MIF2	431	0	0	0	0	0	0	2	0	0	0	0	0	2	2	0	2	2	0	26	0	0	0	0	0	25	19	11	19	4	
MIF2	432	0	0	0	0	0	0	2	0	0	0	0	0	2	2	0	2	2	0	26	0	0	0	0	0	25	19	11	19	4	
MIF2	433	0	0	0	0	0	0	0	0	0	0	0	0	0	0	0	0	0	0	0	0	0	0	0	0	22	20	14	7	10	
MIF2	434	0	0	0	0	0	0	0	0	0	0	0	0	0	0	0	0	0	0	0	0	0	0	0	0	22	20	14	7	10	
MIF2	435	0	0	0	0	0	0	0	0	0	0	0	0	0	0	0	0	0	0	0	0	0	0	0	0	22	20	14	7	10	
MIF2	436	0	0	0	0	0	0	0	0	0	0	0	0	0	0	0	0	0	0	0	0	0	0	0	0	30	24	21	9	14	
MIF2	437	0	0	0	0	0	0	0	0	0	0	0	0	0	0	0	0	0	0	0	0	0	0	0	0	30	24	21	9	14	
MIF2	438	0	0	0	0	0	0	0	0	0	0	0	0	0	0	0	0	0	0	0	0	0	0	0	0	30	24	21	9	14	
MIF2	439	0	0	0	0	0	0	0	0	0	0	0	0	0	0	0	0	0	0	0	0	0	0	0	0	30	24	21	9	14	
MIF2	440	0	0	0	0	0	0	0	0	0	0	0	0	0	0	0	0	0	0	0	0	0	0	0	0	30	24	21	9	14	
MIF2	441	0	0	0	0	0	0	0	0	0	0	0	0	0	0	0	0	0	0	0	0	0	0	0	0	30	24	21	9	14	
MIF2	442	0	0	0	0	0	0	0	0	0	0	0	0	0	0	0	0	0	0	0	0	0	0	0	0	30	24	21	9	14	
MIF2	443	0	0	0	0	0	0	0	0	0	0	0	0	0	0	0	0	0	0	0	0	0	0	0	0	30	24	21	9	14	
MIF2	444	0	0	0	0	0	0	0	0	0	0	0	0	0	0	0	0	0	0	0	0	0	0	0	0	30	24	21	9	14	
MIF2	445	0	0	0	0	0	0	0	0	0	0	0	0	0	0	0	0	0	0	0	0	0	0	0	0	30	24	21	9	14	
MIF2	446	0	0	0	0	0	0	0	0	0	0	0	0	0	0	0	0	0	0	0	0	0	0	0	0	30	24	21	9	14	
MIF2	447	0	0	0	0	0	0	0	0	0	0	0	0	0	0	0	0	0	0	0	0	0	0	0	0	30	24	21	9	14	
MIF2	448	0	0	0	0	0	0	2	3	0	0	0	0	2	3	2	0	0	3	0	0	0	0	0	0	0	4	10	9	7	
MIF2	449	0	0	0	0	0	0	2	3	0	0	0	0	2	3	2	0	0	3	0	0	0	0	0	0	0	4	10	9	7	
MIF2	450	0	0	0	0	0	0	4	5	0	0	0	0	2	8	6	0	0	3	2	0	0	0	0	0	2	4	12	11	9	
MIF2	451	0	0	0	0	0	0	4	5	0	0	0	0	2	8	6	0	0	3	2	0	0	0	0	0	2	4	12	11	9	
MIF2	452	0	0	0	0	0	0	4	5	0	0	0	0	2	8	6	0	0	3	2	0	0	0	0	0	2	4	12	11	9	
MIF2	453	0	0	0	0	0	0	4	5	0	0	0	0	2	8	6	0	0	3	2	0	0	0	0	0	2	4	12	11	9	
MIF2	454	0	0	0	0	0	0	4	5	0	0	0	0	2	8	6	0	0	3	2	0	0	0	0	0	2	4	12	11	9	
MIF2	455	0	0	0	0	0	0	4	5	0	0	0	0	2	8	6	0	0	3	2	0	0	0	0	0	2	4	12	11	9	
MIF2	456	0	0	0	0	0	0	4	5	0	0	0	0	2	8	6	0	0	3	2	0	0	0	0	0	2	4	12	11	9	
MIF2	457	0	0	0	0	0	0	4	5	0	0	0	0	2	8	6	0	0	3	2	0	0	0	0	0	2	4	12	11	9	
MIF2	458	0	0	0	0	0	0	4	5	0	0	0	0	2	8	6	0	0	3	2	0	0	0	0	0	2	4	12	11	9	
MIF2	459	0	0	0	0	0	0	4	5	0	0	0	0	2	8	6	0	0	3	3	0	0	0	0	0	4	3	4	9	5	
MIF2	460	0	0	0	0	0	0	4	5	0	0	0	0	2	8	6	0	0	3	3	0	0	0	0	0	4	3	4	9	5	
MIF2	461	0	0	0	0	0	0	4	5	0	0	0	0	2	8	6	0	0	3	3	0	0	0	0	0	4	3	4	9	5	
MIF2	462	0	0	0	0	0	0	4	5	0	0	0	0	2	8	6	0	0	3	3	0	0	0	0	0	4	3	4	9	5	
MIF2	463	0	0	0	0	0	0	4	5	0	0	0	0	2	8	6	0	0	3	3	0	0	0	0	0	4	3	4	9	5	
MIF2	464	0	0	0	0	0	0	4	5	0	0	0	0	2	8	6	0	0	3	3	0	0	0	0	0	4	3	4	9	5	
MIF2	465	0	0	0	0	0	0	4	5	0	0	0	0	2	8	6	0	0	3	3	0	0	0	0	0	4	3	4	9	5	
MIF2	466	0	0	0	0	0	0	4	5	0	0	0	0	2	8	6	0	0	3	3	0	0	0	0	0	4	3	4	9	5	
MIF2	467	0	0	0	0	0	0	2	2	0	0	0	0	0	2	2	0	0	0	0	0	0	0	0	0	0	2	0	0	4	
MIF2	468	0	0	0	0	0	0	0	0	0	0	0	0	0	0	2	0	0	0	0	0	0	0	0	0	0	2	0	0	4	
MIF2	469	0	0	0	0	0	0	0	0	0	0	0	0	0	0	2	0	0	0	0	0	0	0	0	0	0	2	0	0	4	
MIF2	470	0	0	0	0	0	0	0	0	0	0	0	0	0	0	2	0	0	0	0	0	0	0	0	0	0	2	0	0	4	
MIF2	471	0	0	0	0	0	0	0	0	0	0	0	0	0	0	2	0	0	0	0	0	0	0	0	0	0	2	0	0	4	
MIF2	472	0	0	0	0	0	0	0	0	0	0	0	0	0	0	2	0	0	0	0	0	0	0	0	0	0	2	0	0	4	
MIF2	473	0	0	0	0	0	0	0	0	0	0	0	0	0	0	2	0	0	0	0	0	0	0	0	0	0	2	0	0	4	
MIF2	474	0	0	0	0	0	0	0	0	0	0	0	0	0	0	2	0	0	0	0	0	0	0	0	0	0	0	2	0	0	
MIF2	475	0	0	0	0	0	0	0	0	0	0	0	0	0	0	2	0	0	0	0	0	0	0	0	0	0	0	2	0	0	
MIF2	476	0	0	0	0	0	0	0	0	0	0	0	0	0	0	2	0	0	0	0	0	0	0	0	0	0	0	2	0	0	
MIF2	477	0	0	0	0	0	0	0	0	0	0	0	0	0	0	2	0	0	0	0	0	0	0	0	0	0	0	2	0	0	
MIF2	478	0	0	0	0	0	0	0	0	0	0	0	0	0	0	2	0	0	0	0	0	0	0	0	0	0	0	2	0	0	
MIF2	479	0	0	0	0	0	0	0	0	0	0	0	0	0	0	2	0	0	0	0	0	0	0	0	0	0	0	2	0	0	
MIF2	480	0	0	0	0	0	0	0	0	0	0	0	0	0	0	2	0	0	0	0	0	0	0	0	0	0	0	2	0	0	
MIF2	481	0	0	0	0	0	0	0	0	0	0	0	0	0	0	2	0	0	0	0	0	0	0	0	0	0	0	2	0	0	
MIF2	482	0	0	0	0	0	0	0	0	0	0	0	0	0	0	2	0	0	0	0	0	0	0	0	0	0	0	2	0	0	
MIF2	483	0	0	0	0	0	0	0	0	0	0	0	0	0	0	2	0	0	0	0	0	0	0	0	0	0	0	2	0	0	
MIF2	484	0	0	0	0	0	0	0	0	0	0	0	0	0	0	2	0	0	0	0	0	0	0	0	0	0	0	2	0	0	
MIF2	485	0	0	0	0	0	0	0	0	0	0	0	0	0	0	2	0	0	0	0	0	0	0	0	0	0	0	2	0	0	
MIF2	486	0	0	0	0	0	0	0	0	0	0	0	0	0	0	2	0	0	0	0	0	0	0	0	0	0	0	2	0	0	
MIF2	487	0	0	0	0	0	0	0	0	0	0	0	0	0	0	2	0	0	0	0	0	0	0	0	0	0	0	2	0	0	
MIF2	488	0	0	0	0	0	0	0	0	0	0	0	0	0	0	2	0	0	0	0	0	0	0	0	0	0	0	2	0	0	
MIF2	489	0	0	0	0	0	0	0	0	0	0	0	0	0	0	2	0	0	0	0	0	0	0	0	0	0	0	2	0	0	
MIF2	490	0	0	0	0	0	0	0	0	0	0	0	0	0	0	2	0	0	0	0	0	0	0	0	0	0	0	2	0	0	
MIF2	491	0	0	0	0	0	0	0	0	0	0	0	0	0	0	2	0	0	0	0	0	0	0	0	0	0	0	2	0	0	
MIF2	492	0	0	0	0	0	0	2	0	0	0	0	0	3	0	4	0	0	3	0	0	0	0	0	0	0	0	0	0	0	
MIF2	493	0	0	0	0	0	0	2	0	0	0	0	0	3	0	4	0	0	3	0	0	0	0	0	0	0	0	0	0	0	
MIF2	494	0	0	0	0	0	0	4	0	0	0	0	0	5	0	7	0	0	3	2	0	0	0	0	0	0	0	0	0	0	
MIF2	495	0	0	0	0	0	0	4	0	0	0	0	0	5	0	7	0	0	3	2	0	0	0	0	0	0	0	0	0	0	
MIF2	496	0	0	0	0	0	0	4	0	0	0	0	0	5	0	7	0	0	3	2	0	0	0	0	0	0	0	0	0	0	
MIF2	497	0	0	0	0	0	0	4	0	0	0	0	0	5	0	7	0	0	3	2	0	0	0	0	0	0	0	0	0	0	
MIF2	498	0	0	0	0	0	0	4	0	0	0	0	0	5	0	7	0	0	3	2	0	0	0	0	0	0	0	0	0	0	
MIF2	499	0	0	0	0	0	0	11	3	0	0	0	0	12	8	16	2	0	3	21	2	6	0	0	0	19	15	29	31	8	
MIF2	500	0	0	0	0	0	0	11	3	0	0	0	0	12	8	16	2	0	3	21	2	6	0	0	0	19	15	29	31	8	
MIF2	501	0	0	0	0	0	0	11	3	0	0	0	0	12	8	16	2	0	3	21	2	6	0	0	0	19	15	29	31	8	
MIF2	502	0	0	0	0	0	0	11	3	0	0	0	0	12	8	16	2	0	3	21	2	6	0	0	0	19	15	29	31	8	
MIF2	503	0	0	0	0	0	0	11	3	0	0	0	0	12	8	16	2	0	3	21	2	6	0	0	0	19	15	29	31	8	
MIF2	504	0	0	0	0	0	0	11	3	0	0	0	0	12	8	16	2	0	3	21	2	6	0	0	0	19	15	29	31	8	
MIF2	505	0	0	0	0	0	0	11	3	0	0	0	0	12	8	16	2	0	3	21	2	6	0	0	0	19	15	29	31	8	
MIF2	506	0	0	0	0	0	0	11	3	0	0	0	0	12	8	16	2	0	3	21	2	6	0	0	0	19	15	29	31	8	
MIF2	507	0	0	0	0	0	0	11	3	0	0	0	0	12	8	16	2	0	3	21	2	6	0	0	0	19	15	29	31	8	
MIF2	508	0	0	0	0	0	0	11	3	0	0	0	0	12	8	16	2	0	3	21	2	6	0	0	0	19	15	29	31	8	
MIF2	509	0	0	0	0	0	0	11	3	0	0	0	0	12	8	16	2	0	3	21	2	6	0	0	0	19	15	29	31	8	
MIF2	510	0	0	0	0	0	0	11	3	0	0	0	0	12	8	16	2	0	3	21	2	6	0	0	0	19	15	29	31	8	
MIF2	511	0	0	0	0	0	0	11	3	0	0	0	0	12	8	16	2	0	3	21	2	6	0	0	0	19	15	29	31	8	
MIF2	512	0	0	0	0	0	0	11	3	0	0	0	0	12	8	16	2	0	3	21	2	6	0	0	0	19	15	29	31	8	
MIF2	513	0	0	0	0	0	0	11	3	0	0	0	0	12	8	16	2	0	3	21	2	6	0	0	0	19	15	29	31	8	
MIF2	514	0	0	0	0	0	0	11	3	0	0	0	0	12	8	16	2	0	3	21	2	6	0	0	0	19	15	29	31	8	
MIF2	515	0	0	0	0	0	0	11	3	0	0	0	0	12	8	16	2	0	3	21	2	6	0	0	0	19	15	29	31	8	
MIF2	516	0	0	0	0	0	0	2	0	0	0	0	0	2	3	0	2	0	0	0	0	0	0	0	0	0	0	0	0	0	
MIF2	517	0	0	0	0	0	0	2	0	0	0	0	0	2	3	0	2	0	0	0	0	0	0	0	0	0	0	0	0	0	
MIF2	518	0	0	0	0	0	0	2	0	0	0	0	0	2	3	0	2	0	0	0	0	0	0	0	0	0	0	0	0	0	
MIF2	519	0	0	0	0	0	0	2	0	0	0	0	0	2	3	0	2	0	0	0	0	0	0	0	0	0	0	0	0	0	
MIF2	520	0	0	0	0	0	0	2	0	0	0	0	0	2	3	0	2	0	0	0	0	0	0	0	0	0	0	0	0	0	
MIF2	521	0	0	0	0	0	0	2	0	0	0	0	0	2	3	0	2	0	0	0	0	0	0	0	0	0	0	0	0	0	
MIF2	522	0	0	0	0	0	0	0	0	0	0	0	0	0	0	0	0	0	0	0	0	0	0	0	0	0	0	0	0	0	
MIF2	523	0	0	0	0	0	0	0	0	0	0	0	0	0	0	0	0	0	0	0	0	0	0	0	0	0	0	0	0	0	
MIF2	524	0	0	0	0	0	0	0	0	0	0	0	0	0	0	0	0	0	0	0	0	0	0	0	0	0	0	0	0	0	
MIF2	525	0	0	0	0	0	0	0	0	0	0	0	0	0	0	0	0	0	0	0	0	0	0	0	0	0	0	0	0	0	
MIF2	526	0	0	0	0	0	0	0	0	0	0	0	0	0	0	0	0	0	0	0	0	0	0	0	0	0	0	0	0	0	
MIF2	527	0	0	0	0	0	0	0	0	0	0	0	0	0	0	0	0	0	0	0	0	0	0	0	0	0	0	0	0	0	
MIF2	528	0	0	0	0	0	0	0	0	0	0	0	0	0	0	0	0	0	0	0	0	0	0	0	0	0	0	0	0	0	
MIF2	529	0	0	0	0	0	0	0	0	0	0	0	0	0	0	0	0	0	0	0	0	0	0	0	0	0	0	0	0	0	
MIF2	530	0	0	0	0	0	0	0	0	0	0	0	0	0	0	0	0	0	0	0	0	0	0	0	0	0	0	0	0	0	
MIF2	531	0	0	0	0	0	0	0	0	0	0	0	0	0	0	0	0	0	0	0	0	0	0	0	0	0	0	0	0	0	
MIF2	532	0	0	0	0	0	0	0	0	0	0	0	0	0	0	0	0	0	0	0	0	0	0	0	0	0	0	0	0	0	
MIF2	533	0	0	0	0	0	0	0	0	0	0	0	0	0	0	0	0	0	0	0	0	0	0	0	0	0	0	0	0	0	
MIF2	534	0	0	0	0	0	0	0	0	0	0	0	0	0	0	0	0	0	0	0	0	0	0	0	0	0	0	0	0	0	
MIF2	535	0	0	0	0	0	0	0	0	0	0	0	0	0	0	0	0	0	0	0	0	0	0	0	0	0	0	0	0	0	
MIF2	536	0	0	0	0	0	0	0	0	0	0	0	0	0	0	0	0	0	0	0	0	0	0	0	0	0	0	0	0	0	
MIF2	537	0	0	0	0	0	0	0	0	0	0	0	0	0	0	0	0	0	0	0	0	0	0	0	0	0	0	0	0	0	
MIF2	538	0	0	0	0	0	0	0	0	0	0	0	0	0	0	0	0	0	0	0	0	0	0	0	0	0	0	0	0	0	
MIF2	539	0	0	0	0	0	0	0	0	0	0	0	0	0	0	0	0	0	0	0	0	0	0	0	0	0	0	0	0	0	
MIF2	540	0	0	0	0	0	0	0	0	0	0	0	0	0	0	0	0	0	0	0	0	0	0	0	0	0	0	0	0	0	
MIF2	541	0	0	0	0	0	0	0	0	0	0	0	0	0	0	0	0	0	0	0	0	0	0	0	0	0	0	0	0	0	
MIF2	542	0	0	0	0	0	0	0	0	0	0	0	0	0	0	0	0	0	0	0	0	0	0	0	0	0	0	0	0	0	
MIF2	543	0	0	0	0	0	0	0	0	0	0	0	0	0	0	0	0	0	0	0	0	0	0	0	0	0	0	0	0	0	
MIF2	544	0	0	0	0	0	0	0	0	0	0	0	0	0	0	0	0	0	0	0	0	0	0	0	0	0	0	0	0	0	
MIF2	545	0	0	0	0	0	0	0	0	0	0	0	0	0	0	0	0	0	0	0	0	0	0	0	0	0	0	0	0	0	
MIF2	546	0	0	0	0	0	0	0	0	0	0	0	0	0	0	0	0	0	0	0	0	0	0	0	0	0	0	0	0	0	
MIF2	547	0	0	0	0	0	0	0	0	0	0	0	0	0	0	0	0	0	0	0	0	0	0	0	0	0	0	0	0	0	
MIF2	548	0	0	0	0	0	0	0	0	0	0	0	0	0	0	0	0	0	0	0	0	0	0	0	0	0	0	0	0	0	
MIF2	549	0	0	0	0	0	0	0	0	0	0	0	0	0	0	0	0	0	0	0	0	0	0	0	0	0	0	0	0	0	
