protein	site	PSMs_001_Stu1-3FLAG_DMSO.csv	PSMs_002_Stu1-3FLAG_Cdc200-AID.csv	PSMs_003_Stu1-3FLAG_Benomyl.csv	PSMs_004_Stu1FLAG_Bub1V5_double_step_IP.csv	PSMs_005_Stu1_TOG1del_cutout_1.csv	PSMs_006_Stu1_TOG1del_cutout_2.csv	PSMs_007_Dsn1-flag.csv	PSMs_008_Dsn1-flag_mps1-1.csv	PSMs_009_Dsn1-flag_pgal-mps1.csv	PSMs_010_Dsn1-flag_ndc80.csv	PSMs_011_Dsn1-flag_ndc80-2a.csv	PSMs_012_Dsn1-flag_ndc80-2d.csv	PSMs_013_Dsn1-flag_ndc80_cdc15-2.csv	PSMs_014_Dsn1-flag_ndc80-2a_cdc15-2.csv	PSMs_015_Dsn1-flag_ndc80-2d_cdc15-2.csv	PSMs_016_Dsn1-flag.csv	PSMs_017_Dsn1-flag_mps1-1.csv	PSMs_018_ndc80-flag.csv	PSMs_019_ndc80-3flag.csv	PSMs_020_ndc80-flag_pgal-mps1.csv	PSMs_021_ndc80-3flag_pgal-mps1.csv	PSMs_022_dad1-flag.csv	PSMs_023_dad1-flag.csv	PSMs_024_dad1-flag_pgal-mps1.csv	PSMs_025_Nitobe_SCX1_Mtw1-3FLAG.csv	PSMs_025_Nitobe_SCX2_Mtw1-3FLAG.csv	PSMs_025_Nitobe_SCX3_Mtw1-3FLAG.csv	PSMs_025_Nitobe_SCX4_Mtw1-3FLAG.csv	PSMs_025_Nitobe_SCX5_Mtw1-3FLAG.csv	
NET1	0	0	0	0	0	0	0	0	0	0	0	0	0	0	0	0	0	0	0	0	0	0	0	0	0	0	0	0	0	0	
NET1	1	0	0	0	0	0	0	0	0	0	0	0	0	0	0	0	0	0	0	0	0	0	0	0	0	0	0	0	0	0	
NET1	2	0	0	0	0	0	0	0	0	0	0	0	0	0	0	0	0	0	0	0	0	0	0	0	0	0	0	0	0	0	
NET1	3	0	0	0	0	0	0	0	0	0	0	0	0	0	0	0	0	0	0	0	0	0	0	0	0	0	0	0	0	0	
NET1	4	0	0	0	0	0	0	0	0	0	0	0	0	0	0	0	0	0	0	10	0	3	0	0	0	0	0	0	0	0	
NET1	5	0	0	0	0	0	0	0	0	0	0	0	0	0	0	0	0	0	0	10	0	3	0	0	0	0	0	0	0	0	
NET1	6	0	0	0	0	0	0	0	0	0	0	0	0	0	0	0	0	0	0	10	0	3	0	0	0	0	0	0	0	0	
NET1	7	0	0	0	0	0	0	0	0	0	0	0	0	0	0	0	0	0	0	10	0	3	0	0	0	0	0	0	0	0	
NET1	8	0	0	0	0	0	0	0	0	0	0	0	0	0	0	0	0	0	0	10	0	3	0	0	0	0	0	0	0	0	
NET1	9	0	0	0	0	0	0	0	0	0	0	0	0	0	0	0	0	0	0	10	0	3	0	0	0	0	0	0	0	0	
NET1	10	0	0	0	0	0	0	0	0	0	0	0	0	0	0	0	0	0	0	10	0	3	0	0	0	0	0	0	0	0	
NET1	11	0	0	0	0	0	0	0	0	0	0	0	0	0	0	0	0	0	0	10	0	3	0	0	0	0	0	0	0	0	
NET1	12	0	0	0	0	0	0	0	0	0	0	0	0	0	0	0	0	0	0	10	0	3	0	0	0	0	0	0	0	0	
NET1	13	0	0	0	0	0	0	0	0	0	0	0	0	0	0	0	0	0	0	10	0	3	0	0	0	0	0	0	0	0	
NET1	14	0	0	0	0	0	0	0	0	0	0	0	0	0	0	0	0	0	0	10	0	3	0	0	0	0	0	0	0	0	
NET1	15	0	0	0	0	0	0	0	0	0	0	0	0	0	0	0	0	0	0	10	0	3	0	0	0	0	0	0	0	0	
NET1	16	0	0	0	0	0	0	0	0	0	0	0	0	0	0	0	0	0	0	10	0	3	0	0	0	0	0	0	0	0	
NET1	17	0	0	0	0	0	0	0	0	0	0	0	0	0	0	0	0	0	0	10	0	3	0	0	0	0	0	0	0	0	
NET1	18	0	0	0	0	0	0	0	0	0	0	0	0	0	0	0	0	0	0	10	0	3	0	0	0	0	0	0	0	0	
NET1	19	0	0	0	0	0	0	0	0	0	0	0	0	0	0	0	0	0	0	10	0	3	0	0	0	0	0	0	0	0	
NET1	20	0	0	0	0	0	0	0	0	0	0	0	0	0	0	0	0	0	0	10	0	3	0	0	0	0	0	0	0	0	
NET1	21	0	0	0	0	0	0	0	0	0	0	0	0	0	0	0	0	0	0	10	0	3	0	0	0	0	0	0	0	0	
NET1	22	0	0	0	0	0	0	0	0	0	0	0	0	0	0	0	0	0	0	10	0	3	0	0	0	0	0	0	0	0	
NET1	23	0	0	0	0	0	0	0	0	0	0	0	0	0	0	0	0	0	0	10	0	3	0	0	0	0	0	0	0	0	
NET1	24	0	0	0	0	0	0	0	0	0	0	0	0	0	0	0	0	0	0	10	0	3	0	0	0	0	0	0	0	0	
NET1	25	0	0	0	0	0	0	0	0	0	0	0	0	0	0	0	0	0	0	10	0	3	0	0	0	0	0	0	0	0	
NET1	26	0	0	0	0	0	0	0	0	0	0	0	0	0	0	0	0	0	0	10	0	3	0	0	0	0	0	0	0	0	
NET1	27	0	0	0	0	0	0	0	0	0	0	0	0	0	0	0	0	0	0	10	0	3	0	0	0	0	0	0	0	0	
NET1	28	0	0	0	0	0	0	0	0	0	0	0	0	0	0	0	0	0	0	10	0	3	0	0	0	0	0	0	0	0	
NET1	29	0	0	0	0	0	0	0	0	0	0	0	0	0	0	0	0	0	0	10	0	3	0	0	0	0	0	0	0	0	
NET1	30	0	0	0	0	0	0	0	0	0	0	0	0	0	0	0	0	0	0	10	0	3	0	0	0	0	0	0	0	0	
NET1	31	0	0	0	0	0	0	0	0	0	0	0	0	0	0	0	0	0	0	10	0	3	0	0	0	0	0	0	0	0	
NET1	32	0	0	0	0	0	0	0	0	0	0	0	0	0	0	0	0	0	0	10	0	3	0	0	0	0	0	0	0	0	
NET1	33	0	0	0	0	0	0	0	0	0	0	0	0	0	0	0	0	0	0	10	0	3	0	0	0	0	0	0	0	0	
NET1	34	0	0	0	0	0	0	0	0	0	0	0	0	0	0	0	0	0	0	10	0	3	0	0	0	0	0	0	0	0	
NET1	35	0	0	0	0	0	0	0	0	0	0	0	0	0	0	0	0	0	0	10	0	3	0	0	0	0	0	0	0	0	
NET1	36	0	0	0	0	0	0	0	0	0	0	0	0	0	0	0	0	0	0	10	0	3	0	0	0	0	0	0	0	0	
NET1	37	0	0	0	0	0	0	0	0	0	0	0	0	0	0	0	0	0	0	10	0	3	0	0	0	0	0	0	0	0	
NET1	38	0	0	0	0	0	0	0	2	0	0	2	0	4	5	4	0	0	0	5	0	0	0	3	0	0	0	0	0	0	
NET1	39	0	0	0	0	0	0	0	2	0	0	2	0	4	5	4	0	0	0	5	0	0	0	3	0	0	0	0	0	0	
NET1	40	0	0	0	0	0	0	0	2	0	0	2	0	4	5	4	0	0	0	5	0	0	0	3	0	0	0	0	0	0	
NET1	41	0	0	0	0	0	0	0	2	0	0	2	0	4	5	4	0	0	0	5	0	0	0	3	0	0	0	0	0	0	
NET1	42	0	0	0	0	0	0	0	2	0	0	2	0	4	5	4	0	0	0	5	0	0	0	3	0	0	0	0	0	0	
NET1	43	0	0	0	0	0	0	0	2	0	0	2	0	4	5	4	0	0	0	5	0	0	0	3	0	0	0	0	0	0	
NET1	44	0	0	0	0	0	0	0	2	0	0	2	0	4	5	4	0	0	0	5	0	0	0	3	0	0	0	0	0	0	
NET1	45	0	0	0	0	0	0	0	2	0	0	2	0	4	5	4	0	0	0	5	0	0	0	3	0	0	0	0	0	0	
NET1	46	0	0	0	0	0	0	0	2	0	0	2	0	4	5	4	0	0	0	5	0	0	0	3	0	0	0	0	0	0	
NET1	47	0	0	0	0	0	0	0	2	0	0	2	0	4	5	4	0	0	0	5	0	0	0	3	0	0	0	0	0	0	
NET1	48	0	0	0	0	0	0	0	2	0	0	2	0	4	5	4	0	0	0	5	0	0	0	3	0	0	0	0	0	0	
NET1	49	0	0	0	0	0	0	0	2	0	0	2	0	4	5	4	0	0	0	5	0	0	0	3	0	0	0	0	0	0	
NET1	50	0	0	0	0	0	0	0	2	0	0	2	0	4	5	4	0	0	0	5	0	0	0	3	0	0	0	0	0	0	
NET1	51	0	0	0	0	0	0	0	2	0	0	2	0	4	5	4	0	0	0	5	0	0	0	3	0	0	0	0	0	0	
NET1	52	0	0	0	0	0	0	0	2	0	0	2	0	4	5	4	0	0	0	5	0	0	0	3	0	0	0	0	0	0	
NET1	53	0	0	0	0	0	0	0	2	0	0	2	0	4	5	4	0	0	0	5	0	0	0	3	0	0	0	0	0	0	
NET1	54	0	0	0	0	0	0	0	2	0	0	2	0	4	5	4	0	0	0	5	0	0	0	3	0	0	0	0	0	0	
NET1	55	0	0	0	0	0	0	0	2	0	0	2	0	4	5	4	0	0	0	5	0	0	0	3	0	0	0	0	0	0	
NET1	56	0	0	0	0	0	0	0	3	2	2	5	0	4	8	5	0	0	0	4	2	0	0	0	0	0	0	0	0	0	
NET1	57	0	0	0	0	0	0	0	3	2	2	5	0	4	8	5	0	0	0	4	2	0	0	0	0	0	0	0	0	0	
NET1	58	0	0	0	0	0	0	0	3	2	2	5	0	4	8	5	0	0	0	4	2	0	0	0	0	0	0	0	0	0	
NET1	59	0	0	0	0	0	0	0	3	2	2	5	0	4	8	5	0	0	0	4	2	0	0	0	0	0	0	0	0	0	
NET1	60	0	0	0	0	0	0	0	3	2	2	5	0	4	8	5	0	0	0	4	2	0	0	0	0	0	0	0	0	0	
NET1	61	0	0	0	0	0	0	0	3	2	2	5	0	4	8	5	0	0	0	4	2	0	0	0	0	0	0	0	0	0	
NET1	62	0	0	0	0	0	0	0	3	2	2	5	0	4	8	5	0	0	0	4	2	0	0	0	0	0	0	0	0	0	
NET1	63	0	0	0	0	0	0	0	3	2	2	5	0	4	8	5	0	0	0	4	2	0	0	0	0	0	0	0	0	0	
NET1	64	0	0	0	0	0	0	0	3	2	2	5	0	4	8	5	0	0	0	4	2	0	0	0	0	0	0	0	0	0	
NET1	65	0	0	0	0	0	0	0	3	2	2	5	0	4	8	5	0	0	0	4	2	0	0	0	0	0	0	0	0	0	
NET1	66	0	0	0	0	0	0	0	3	2	2	5	0	4	8	5	0	0	0	4	2	0	0	0	0	0	0	0	0	0	
NET1	67	0	0	0	0	0	0	0	3	2	2	5	0	4	8	5	0	0	0	4	2	0	0	0	0	0	0	0	0	0	
NET1	68	0	0	0	0	0	0	0	3	2	2	5	0	4	8	5	0	0	0	4	2	0	0	0	0	0	0	0	0	0	
NET1	69	0	0	0	0	0	0	0	3	2	2	5	0	4	8	5	0	0	0	4	2	0	0	0	0	0	0	0	0	0	
NET1	70	0	0	0	0	0	0	0	3	2	2	5	0	4	8	5	0	0	0	4	2	0	0	0	0	0	0	0	0	0	
NET1	71	0	0	0	0	0	0	0	0	0	0	0	0	0	0	0	0	0	0	0	0	0	0	0	0	0	0	0	0	0	
NET1	72	0	0	0	0	0	0	0	0	0	0	0	0	0	0	0	0	0	0	0	0	0	0	0	0	0	0	0	0	0	
NET1	73	0	0	0	0	0	0	0	0	0	0	0	0	0	0	0	0	0	0	0	0	0	0	0	0	0	0	0	0	0	
NET1	74	0	0	0	0	0	0	0	0	0	0	0	0	0	0	0	0	0	0	0	0	0	0	0	0	0	2	0	0	0	
NET1	75	0	0	0	0	0	0	0	0	0	0	0	0	0	0	0	0	0	0	0	0	0	0	0	0	0	2	0	0	0	
NET1	76	0	0	0	0	0	0	0	0	0	0	0	0	0	0	0	0	0	0	0	0	0	0	0	0	0	2	0	0	0	
NET1	77	0	0	0	0	0	0	0	0	0	0	0	0	0	0	0	0	0	0	0	0	0	0	0	0	0	2	0	0	0	
NET1	78	0	0	0	0	0	0	0	0	0	0	0	0	0	0	0	0	0	0	0	0	0	0	0	0	0	2	0	0	0	
NET1	79	0	0	0	0	0	0	0	0	0	0	0	0	0	0	0	0	0	0	0	0	0	0	0	0	0	2	0	0	0	
NET1	80	0	0	0	0	0	0	0	0	0	0	0	0	0	0	0	0	0	0	0	0	0	0	0	0	0	2	0	0	0	
NET1	81	0	0	0	0	0	0	0	0	0	0	0	0	0	0	0	0	0	0	0	0	0	0	0	0	0	2	0	0	0	
NET1	82	0	0	0	0	0	0	0	0	0	0	0	0	0	0	0	0	0	0	0	0	0	0	0	0	0	2	0	0	0	
NET1	83	0	0	0	0	0	0	0	0	0	0	0	0	0	0	0	0	0	0	0	0	0	0	0	0	0	2	0	0	0	
NET1	84	0	0	0	0	0	0	0	0	0	0	0	0	0	0	0	0	0	0	0	0	0	0	0	0	0	2	0	0	0	
NET1	85	0	0	0	0	0	0	0	0	0	0	0	0	0	0	0	0	0	0	0	0	0	0	0	0	0	2	0	0	0	
NET1	86	0	0	0	0	0	0	0	0	0	0	0	0	0	0	0	0	0	0	0	0	0	0	0	0	0	2	0	0	0	
NET1	87	0	0	0	0	0	0	0	0	0	0	0	0	0	0	0	0	0	0	0	0	0	0	0	0	0	2	0	0	0	
NET1	88	0	0	0	0	0	0	0	0	0	0	0	0	0	0	0	0	0	0	0	0	0	0	0	0	0	2	0	0	0	
NET1	89	0	0	0	0	0	0	0	0	0	0	0	0	0	0	0	0	0	0	0	0	0	0	0	0	0	2	0	0	0	
NET1	90	0	0	0	0	0	0	0	0	0	0	0	0	0	0	0	0	0	0	0	0	0	0	0	0	0	2	0	0	0	
NET1	91	0	0	0	0	0	0	0	0	0	0	0	0	0	0	0	0	0	0	0	0	0	0	0	0	0	2	0	0	0	
NET1	92	0	0	0	0	0	0	0	0	0	0	0	0	0	0	0	0	0	0	0	0	0	0	0	0	0	2	0	0	0	
NET1	93	0	0	0	0	0	0	0	0	0	0	0	0	0	0	0	0	0	0	0	0	0	0	0	0	0	2	0	0	0	
NET1	94	0	0	0	0	0	0	0	0	0	0	0	0	0	0	0	0	0	0	0	0	0	0	0	0	0	2	0	0	0	
NET1	95	0	0	0	0	0	0	0	0	0	0	0	0	0	0	0	0	0	0	0	0	0	0	0	0	0	0	0	0	0	
NET1	96	0	0	0	0	0	0	0	0	0	0	0	0	0	0	0	0	0	0	0	0	0	0	0	0	0	0	0	0	0	
NET1	97	0	0	0	0	0	0	0	0	0	0	0	0	0	0	0	0	0	0	0	0	0	0	0	0	0	0	0	0	0	
NET1	98	0	0	0	0	0	0	0	0	0	0	0	0	0	0	0	0	0	0	0	0	0	0	0	0	0	0	0	0	0	
NET1	99	0	0	0	0	0	0	0	0	0	0	0	0	0	0	0	0	0	0	0	0	0	0	0	0	0	0	0	0	0	
NET1	100	0	0	0	0	0	0	0	0	0	0	0	0	0	0	0	0	0	0	0	0	0	0	0	0	0	0	0	0	0	
NET1	101	0	0	0	0	0	0	0	0	0	0	0	0	0	0	0	0	0	0	0	0	0	0	0	0	0	0	0	0	0	
NET1	102	0	0	0	0	0	0	0	0	0	0	0	0	0	0	0	0	0	0	0	0	0	0	0	0	0	0	0	0	0	
NET1	103	0	0	0	0	0	0	0	0	0	0	0	0	0	0	0	0	0	0	0	0	0	0	0	0	0	0	0	0	0	
NET1	104	0	0	0	0	0	0	0	0	0	0	0	0	0	0	0	0	0	0	0	0	0	0	0	0	0	0	0	0	0	
NET1	105	0	0	0	0	0	0	0	0	0	0	0	0	0	0	0	0	0	0	0	0	0	0	0	0	0	0	0	0	0	
NET1	106	0	0	0	0	0	0	0	0	0	0	0	0	0	0	0	0	0	0	0	0	0	0	0	0	0	0	0	0	0	
NET1	107	0	0	0	0	0	0	0	0	0	0	0	0	0	0	0	0	0	0	0	0	0	0	0	0	0	0	0	0	0	
NET1	108	0	0	0	0	0	0	0	0	0	0	0	0	0	0	0	0	0	0	0	0	0	0	0	0	0	0	0	0	0	
NET1	109	0	0	0	0	0	0	0	0	0	0	0	0	0	0	0	0	0	0	0	0	0	0	0	0	0	0	0	0	0	
NET1	110	0	0	0	0	0	0	0	0	0	0	0	0	0	0	0	0	0	0	0	0	0	0	0	0	0	0	0	0	0	
NET1	111	0	0	0	0	0	0	0	0	0	0	0	0	0	0	0	0	0	0	0	0	0	0	0	0	0	0	0	0	0	
NET1	112	0	0	0	0	0	0	0	0	0	0	0	0	0	0	0	0	0	0	0	0	0	0	0	0	0	0	0	0	0	
NET1	113	0	0	0	0	0	0	0	0	0	0	0	0	0	0	0	0	0	0	0	0	0	0	0	0	0	0	0	0	0	
NET1	114	0	0	0	0	0	0	0	0	0	0	0	0	0	0	0	0	0	0	0	0	0	0	0	0	0	0	0	0	0	
NET1	115	0	0	0	0	0	0	0	0	0	0	0	0	0	0	0	0	0	0	0	0	0	0	0	0	0	0	0	0	0	
NET1	116	0	0	0	0	0	0	0	0	0	0	0	0	0	0	0	0	0	0	0	0	0	0	0	0	0	0	0	0	0	
NET1	117	0	0	0	0	0	0	0	0	0	0	0	0	0	0	0	0	0	0	0	0	0	0	0	0	0	0	0	0	0	
NET1	118	0	0	0	0	0	0	0	0	0	0	0	0	0	0	0	0	0	0	0	0	0	0	0	0	0	0	0	0	0	
NET1	119	0	0	0	0	0	0	0	0	0	0	0	0	0	0	0	0	0	0	0	0	0	0	0	0	0	0	0	0	0	
NET1	120	0	0	0	0	0	0	0	0	0	0	0	0	0	0	0	0	0	0	0	0	0	0	0	0	0	0	0	0	0	
NET1	121	0	0	0	0	0	0	0	0	0	0	0	0	0	0	0	0	0	0	0	0	0	0	0	0	0	0	0	0	0	
NET1	122	0	0	0	0	0	0	0	0	0	0	0	0	0	0	0	0	0	0	0	0	0	0	0	0	0	0	0	0	0	
NET1	123	0	0	0	0	0	0	0	0	0	0	0	0	0	0	0	0	0	0	0	0	0	0	0	0	0	0	0	0	0	
NET1	124	0	0	0	0	0	0	0	0	0	0	0	0	0	0	0	0	0	0	0	0	0	0	0	0	0	0	0	0	0	
NET1	125	0	0	0	0	0	0	0	0	0	0	0	0	0	0	0	0	0	0	0	0	0	0	0	0	0	0	0	0	0	
NET1	126	0	0	0	0	0	0	0	0	0	0	0	0	0	0	0	0	0	0	0	0	0	0	0	0	0	0	0	0	0	
NET1	127	0	0	0	0	0	0	0	2	0	0	2	0	0	0	0	0	0	0	0	0	0	0	0	0	0	0	0	0	0	
NET1	128	0	0	0	0	0	0	0	2	0	0	2	0	0	0	0	0	0	0	0	0	0	0	0	0	0	0	0	0	0	
NET1	129	0	0	0	0	0	0	0	2	0	0	2	0	0	0	0	0	0	0	0	0	0	0	0	0	0	0	0	0	0	
NET1	130	0	0	0	0	0	0	0	2	0	0	2	0	0	0	0	0	0	0	0	0	0	0	0	0	0	0	0	0	0	
NET1	131	0	0	0	0	0	0	0	2	0	0	2	0	0	0	0	0	0	0	0	0	0	0	0	0	0	0	0	0	0	
NET1	132	0	0	0	0	0	0	0	2	0	0	2	0	0	0	0	0	0	0	0	0	0	0	0	0	0	0	0	0	0	
NET1	133	0	0	0	0	0	0	0	2	0	0	2	0	0	0	0	0	0	0	0	0	0	0	0	0	0	0	0	0	0	
NET1	134	0	0	0	0	0	0	0	2	0	0	2	0	0	0	0	0	0	0	0	0	0	0	0	0	0	0	0	0	0	
NET1	135	0	0	0	0	0	0	0	2	0	0	2	0	0	0	0	0	0	0	0	0	0	0	0	0	0	0	0	0	0	
NET1	136	0	0	0	0	0	0	0	2	0	0	2	0	0	0	0	0	0	0	0	0	0	0	0	0	0	0	0	0	0	
NET1	137	0	0	0	0	0	0	2	2	0	0	0	0	0	0	0	2	0	0	16	0	2	0	0	0	0	0	0	0	0	
NET1	138	0	0	0	0	0	0	2	2	0	0	0	0	0	0	0	2	0	0	16	0	2	0	0	0	0	0	0	0	0	
NET1	139	0	0	0	0	0	0	2	2	0	0	0	0	0	0	0	2	0	0	16	0	2	0	0	0	0	0	0	0	0	
NET1	140	0	0	0	0	0	0	2	2	0	0	0	0	0	0	0	2	0	0	16	0	2	0	0	0	0	0	0	0	0	
NET1	141	0	0	0	0	0	0	2	2	0	0	0	0	0	0	0	2	0	0	19	0	2	0	0	0	0	0	0	0	0	
NET1	142	0	0	0	0	0	0	2	2	0	0	0	0	0	0	0	2	0	0	19	0	2	0	0	0	0	0	0	0	0	
NET1	143	0	0	0	0	0	0	2	2	0	0	0	0	0	0	0	2	0	0	19	0	2	0	0	0	0	0	0	0	0	
NET1	144	0	0	0	0	0	0	2	2	0	0	0	0	0	0	0	2	0	0	19	0	2	0	0	0	0	0	0	0	0	
NET1	145	0	0	0	0	0	0	2	2	0	0	0	0	0	0	0	2	0	0	19	0	2	0	0	0	0	0	0	0	0	
NET1	146	0	0	0	0	0	0	2	2	0	0	0	0	0	0	0	2	0	0	19	0	2	0	0	0	0	0	0	0	0	
NET1	147	0	0	0	0	0	0	2	2	0	0	0	0	0	0	0	2	0	0	19	0	2	0	0	0	0	0	0	0	0	
NET1	148	0	0	0	0	0	0	2	2	0	0	0	0	0	0	0	2	0	0	19	0	2	0	0	0	0	0	0	0	0	
NET1	149	0	0	0	0	0	0	2	2	0	0	0	0	0	0	0	2	0	0	19	0	2	0	0	0	0	0	0	0	0	
NET1	150	0	0	0	0	0	0	2	2	0	0	0	0	0	0	0	2	0	0	19	0	2	0	0	0	0	0	0	0	0	
NET1	151	0	0	0	0	0	0	2	2	0	0	0	0	0	0	0	2	0	0	19	0	2	0	0	0	0	0	0	0	0	
NET1	152	0	0	0	0	0	0	2	2	0	0	0	0	0	0	0	2	0	0	19	0	2	0	0	0	0	0	0	0	0	
NET1	153	0	0	0	0	0	0	2	2	0	0	0	0	0	0	0	2	0	0	19	0	2	0	0	0	0	0	0	0	0	
NET1	154	0	0	0	0	0	0	2	2	0	0	0	0	0	0	0	2	0	0	19	0	2	0	0	0	0	0	0	0	0	
NET1	155	0	0	0	0	0	0	2	2	0	0	0	0	0	0	0	2	0	0	19	0	2	0	0	0	0	0	0	0	0	
NET1	156	0	0	0	0	0	0	0	0	0	0	0	0	0	0	0	2	0	0	0	0	0	0	0	0	0	0	0	0	0	
NET1	157	0	0	0	0	0	0	0	0	0	0	0	0	0	0	0	2	0	0	0	0	0	0	0	0	0	0	0	0	0	
NET1	158	0	0	0	0	0	0	0	0	0	0	0	0	0	0	0	2	0	0	0	0	0	0	0	0	0	0	0	0	0	
NET1	159	0	0	0	0	0	0	0	2	0	0	0	0	0	2	0	2	0	0	0	0	0	0	0	0	0	0	0	0	0	
NET1	160	0	0	0	0	0	0	0	2	0	0	2	0	0	5	0	2	0	0	0	0	0	0	0	0	0	0	0	0	0	
NET1	161	0	0	0	0	0	0	0	2	0	0	2	0	0	5	0	2	0	0	0	0	0	0	0	0	0	0	0	0	0	
NET1	162	0	0	0	0	0	0	0	2	0	0	2	0	0	5	0	2	0	0	2	0	0	0	0	0	0	0	0	0	0	
NET1	163	0	0	0	0	0	0	0	2	0	0	2	0	0	5	0	2	0	0	2	0	0	0	0	0	0	0	0	0	0	
NET1	164	0	0	0	0	0	0	0	2	0	0	2	0	0	5	0	2	0	0	2	0	0	0	0	0	0	0	0	0	0	
NET1	165	0	0	0	0	0	0	0	2	0	0	2	0	0	5	0	2	0	0	2	0	0	0	0	0	0	0	0	0	0	
NET1	166	0	0	0	0	0	0	0	2	0	0	2	0	0	5	0	2	0	0	2	0	0	0	0	0	0	0	0	0	0	
NET1	167	0	0	0	0	0	0	0	2	0	0	2	0	0	5	0	2	0	0	2	0	0	0	0	0	0	0	0	0	0	
NET1	168	0	0	0	0	0	0	0	2	0	0	2	0	0	5	0	2	0	0	2	0	0	0	0	0	0	0	0	0	0	
NET1	169	0	0	0	0	0	0	0	2	0	0	2	0	0	5	0	2	0	0	2	0	0	0	0	0	0	0	0	0	0	
NET1	170	0	0	0	0	0	0	0	2	0	0	2	0	0	5	0	2	0	0	2	0	0	0	0	0	0	0	0	0	0	
NET1	171	0	0	0	0	0	0	0	2	0	0	2	0	0	5	0	2	0	0	2	0	0	0	0	0	0	0	0	0	0	
NET1	172	0	0	0	0	0	0	0	2	0	0	2	0	0	5	0	2	0	0	2	0	0	0	0	0	0	0	0	0	0	
NET1	173	0	0	0	0	0	0	0	2	0	0	2	0	0	5	0	2	0	0	2	0	0	0	0	0	0	0	0	0	0	
NET1	174	0	0	0	0	0	0	0	2	0	0	2	0	0	5	0	2	0	0	2	0	0	0	0	0	0	0	0	0	0	
NET1	175	0	0	0	0	0	0	0	2	0	0	2	0	0	5	0	2	0	0	2	0	0	0	0	0	0	0	0	0	0	
NET1	176	0	0	0	0	0	0	0	2	0	0	2	0	0	5	0	2	0	0	2	0	0	0	0	0	0	0	0	0	0	
NET1	177	0	0	0	0	0	0	0	2	0	0	2	0	0	5	0	2	0	0	2	0	0	0	0	0	0	0	0	0	0	
NET1	178	0	0	0	0	0	0	0	2	0	0	2	0	0	5	0	2	0	0	2	0	0	0	0	0	0	0	0	0	0	
NET1	179	0	0	0	0	0	0	0	2	0	0	2	0	0	5	0	2	0	0	2	0	0	0	0	0	0	0	0	0	0	
NET1	180	0	0	0	0	0	0	0	2	0	0	2	0	0	5	0	2	0	0	2	0	0	0	0	0	0	0	0	0	0	
NET1	181	0	0	0	0	0	0	0	2	0	0	2	0	0	5	0	2	0	0	2	0	0	0	0	0	0	0	0	0	0	
NET1	182	0	0	0	0	0	0	0	2	0	0	2	0	0	5	0	2	0	0	2	0	0	0	0	0	0	0	0	0	0	
NET1	183	0	0	0	0	0	0	0	2	0	0	2	0	0	5	0	2	0	0	2	0	0	0	0	0	0	0	0	0	0	
NET1	184	0	0	0	0	0	0	0	2	0	0	2	0	0	5	0	2	0	0	2	0	0	0	0	0	0	0	0	0	0	
NET1	185	0	0	0	0	0	0	0	0	0	0	0	0	2	2	0	0	2	0	0	0	0	0	0	0	0	0	0	0	0	
NET1	186	0	0	0	0	0	0	0	0	0	0	0	0	2	2	0	0	2	0	0	0	0	0	0	0	0	0	0	0	0	
NET1	187	0	0	0	0	0	0	0	0	0	0	0	0	2	2	0	0	2	0	0	0	0	0	0	0	0	0	0	0	0	
NET1	188	0	0	0	0	0	0	0	0	0	0	0	0	2	2	0	0	2	0	3	0	0	0	0	0	0	0	2	4	2	
NET1	189	0	0	0	0	0	0	0	0	0	0	0	0	2	4	0	0	2	0	3	0	0	0	0	0	0	0	2	4	2	
NET1	190	0	0	0	0	0	0	0	0	0	0	0	0	2	4	0	0	2	0	3	0	0	0	0	0	0	0	2	4	2	
NET1	191	0	0	0	0	0	0	0	0	0	0	0	0	2	4	0	0	2	0	3	0	0	0	0	0	0	0	2	4	2	
NET1	192	0	0	0	0	0	0	0	0	0	0	0	0	2	4	0	0	2	0	3	0	0	0	0	0	0	0	2	4	2	
NET1	193	0	0	0	0	0	0	0	0	0	0	0	0	2	4	0	0	2	0	3	0	0	0	0	0	0	0	2	4	2	
NET1	194	0	0	0	0	0	0	0	0	0	0	0	0	2	4	0	0	2	0	3	0	0	0	0	0	0	0	2	4	2	
NET1	195	0	0	0	0	0	0	0	0	0	0	0	0	2	4	0	0	2	0	3	0	0	0	0	0	0	0	2	4	2	
NET1	196	0	0	0	0	0	0	0	0	0	0	0	0	2	4	0	0	2	0	3	0	0	0	0	0	0	0	2	4	2	
NET1	197	0	0	0	0	0	0	0	0	0	0	0	0	2	4	0	0	2	0	3	0	0	0	0	0	0	0	2	4	2	
NET1	198	0	0	0	0	0	0	0	0	0	0	0	0	2	4	0	0	2	0	3	0	0	0	0	0	0	0	2	4	2	
NET1	199	0	0	0	0	0	0	0	0	0	0	0	0	2	4	0	0	2	0	3	0	0	0	0	0	0	0	2	4	2	
NET1	200	0	0	0	0	0	0	0	0	0	0	0	0	2	4	0	0	2	0	3	0	0	0	0	0	0	0	2	4	2	
NET1	201	0	0	0	0	0	0	0	0	0	0	0	0	2	4	0	0	2	0	3	0	0	0	0	0	0	0	2	4	2	
NET1	202	0	0	0	0	0	0	0	0	0	0	0	0	0	0	0	0	0	0	0	0	0	0	0	0	0	0	0	0	0	
NET1	203	0	0	0	0	0	0	0	0	0	0	0	0	0	0	0	0	0	0	0	0	0	0	0	0	0	0	0	0	0	
NET1	204	0	0	0	0	0	0	0	0	0	0	0	0	0	0	0	0	0	0	0	0	0	0	0	0	0	0	0	0	0	
NET1	205	0	0	0	0	0	0	0	0	0	0	0	0	0	0	0	0	0	0	0	0	0	0	0	0	0	0	0	0	0	
NET1	206	0	0	0	0	0	0	0	0	0	0	0	0	0	0	0	0	0	0	0	0	0	0	0	0	0	0	0	0	0	
NET1	207	0	0	0	0	0	0	0	0	0	0	0	0	0	0	0	0	0	0	0	0	0	0	0	0	0	0	0	0	0	
NET1	208	0	0	0	0	0	0	0	0	0	0	0	0	0	0	0	0	0	0	0	0	0	0	0	0	0	0	0	0	0	
NET1	209	0	0	0	0	0	0	0	0	0	0	0	0	0	0	0	0	0	0	0	0	0	0	0	0	0	0	0	0	0	
NET1	210	0	0	0	0	0	0	0	0	0	0	0	0	0	0	0	0	0	0	0	0	0	0	0	0	0	0	0	0	0	
NET1	211	0	0	0	0	0	0	0	0	0	0	0	0	0	0	0	0	0	0	0	0	0	0	0	0	0	0	0	0	0	
NET1	212	0	0	0	0	0	0	0	0	0	0	0	0	0	0	0	0	0	0	0	0	0	0	0	0	0	0	0	0	0	
NET1	213	0	0	0	0	0	0	0	0	0	0	0	0	0	0	0	0	0	0	0	0	0	0	0	0	0	0	0	0	0	
NET1	214	0	0	0	0	0	0	0	0	0	0	0	0	0	0	0	0	0	0	0	0	0	0	0	0	0	0	0	0	0	
NET1	215	0	0	0	0	0	0	0	0	0	0	0	0	0	0	0	0	0	0	0	0	0	0	0	0	0	0	0	0	0	
NET1	216	0	0	0	0	0	0	0	0	0	0	0	0	0	0	0	0	0	0	0	0	0	0	0	0	0	0	0	0	0	
NET1	217	0	0	0	0	0	0	2	4	0	0	6	0	8	8	6	0	0	0	2	0	0	0	0	0	0	0	0	0	0	
NET1	218	0	0	0	0	0	0	2	4	0	0	6	0	8	8	6	0	0	0	2	0	0	0	0	0	0	0	0	0	0	
NET1	219	0	0	0	0	0	0	2	4	0	0	6	0	8	8	6	0	0	0	2	0	0	0	0	0	0	0	0	0	0	
NET1	220	0	0	0	0	0	0	2	4	0	0	6	0	8	8	6	0	0	0	2	0	0	0	0	0	0	0	0	0	0	
NET1	221	0	0	0	0	0	0	2	4	0	0	6	0	8	8	6	0	0	0	2	0	0	0	0	0	0	0	0	0	0	
NET1	222	0	0	0	0	0	0	2	4	0	0	6	0	8	8	6	0	0	0	2	0	0	0	0	0	0	0	0	0	0	
NET1	223	0	0	0	0	0	0	2	4	0	0	6	0	8	8	6	0	0	0	2	0	0	0	0	0	0	0	0	0	0	
NET1	224	0	0	0	0	0	0	2	4	0	0	6	0	8	8	6	0	0	0	2	0	0	0	0	0	0	0	0	0	0	
NET1	225	0	0	0	0	0	0	2	4	0	0	6	0	8	8	6	0	0	0	2	0	0	0	0	0	0	0	0	0	0	
NET1	226	0	0	0	0	0	0	0	0	0	0	3	0	6	8	3	8	4	0	0	0	0	0	0	0	0	0	0	0	0	
NET1	227	0	0	0	0	0	0	0	0	0	0	3	0	6	8	3	8	4	0	0	0	0	0	0	0	0	0	0	0	0	
NET1	228	0	0	0	0	0	0	0	0	0	0	3	0	6	8	3	8	4	0	0	0	0	0	0	0	0	0	0	0	0	
NET1	229	0	0	0	0	0	0	0	0	0	0	3	0	6	8	3	8	4	0	0	0	0	0	0	0	0	0	0	0	0	
NET1	230	0	0	0	0	0	0	0	0	0	0	3	0	6	8	3	8	4	0	0	0	0	0	0	0	0	0	0	0	0	
NET1	231	0	0	0	0	0	0	0	0	0	0	3	0	6	8	3	8	4	0	0	0	0	0	0	0	0	0	0	0	0	
NET1	232	0	0	0	0	0	0	0	0	0	0	3	0	6	8	3	8	4	0	0	0	0	0	0	0	0	0	0	0	0	
NET1	233	0	0	0	0	0	0	0	0	0	0	3	0	6	8	3	8	4	0	0	0	0	0	0	0	0	0	0	0	0	
NET1	234	0	0	0	0	0	0	0	0	0	0	3	0	6	8	3	8	4	0	0	0	0	0	0	0	0	0	0	0	0	
NET1	235	0	0	0	0	0	0	0	0	0	0	3	0	6	8	3	8	4	0	0	0	0	0	0	0	0	0	0	0	0	
NET1	236	0	0	0	0	0	0	0	0	0	0	3	0	6	8	3	8	4	0	0	0	0	0	0	0	0	0	0	0	0	
NET1	237	0	0	0	0	0	0	0	0	0	0	3	0	6	8	3	8	4	0	0	0	0	0	0	0	0	0	0	0	0	
NET1	238	0	0	0	0	0	0	0	0	0	0	3	0	6	8	3	8	4	0	0	0	0	0	0	0	0	0	0	0	0	
NET1	239	0	0	0	0	0	0	0	0	0	0	3	0	6	8	3	8	4	0	0	0	0	0	0	0	0	0	0	0	0	
NET1	240	0	0	0	0	0	0	0	0	0	0	3	0	6	8	3	8	4	0	0	0	0	0	0	0	0	0	0	0	0	
NET1	241	0	0	0	0	0	0	0	0	0	0	3	0	6	8	3	8	4	0	0	0	0	0	0	0	0	0	0	0	0	
NET1	242	0	0	0	0	0	0	2	2	0	0	8	0	12	16	4	6	2	0	9	0	2	0	0	0	0	0	0	0	0	
NET1	243	0	0	0	0	0	0	2	2	0	0	8	0	12	16	4	6	2	0	9	0	2	0	0	0	0	0	0	0	0	
NET1	244	0	0	0	0	0	0	2	2	0	0	8	0	12	16	4	6	2	0	9	0	2	0	0	0	0	0	0	0	0	
NET1	245	0	0	0	0	0	0	2	2	0	0	8	0	12	16	4	6	2	0	9	0	2	0	0	0	0	0	0	0	0	
NET1	246	0	0	0	0	0	0	2	2	0	0	8	0	12	16	4	6	2	0	9	0	2	0	0	0	0	0	0	0	0	
NET1	247	0	0	0	0	0	0	2	2	0	0	8	0	12	16	4	6	2	0	9	0	2	0	0	0	0	0	0	0	0	
NET1	248	0	0	0	0	0	0	2	2	0	0	8	0	12	16	4	6	2	0	9	0	2	0	0	0	0	0	0	0	0	
NET1	249	0	0	0	0	0	0	2	2	0	0	8	0	12	16	4	6	2	0	9	0	2	0	0	0	0	0	0	0	0	
NET1	250	0	0	0	0	0	0	2	2	0	0	8	0	12	16	4	6	2	0	9	0	2	0	0	0	0	0	0	0	0	
NET1	251	0	0	0	0	0	0	2	2	0	0	8	0	12	16	4	6	2	0	9	0	2	0	0	0	0	0	0	0	0	
NET1	252	0	0	0	0	0	0	2	2	0	0	8	0	12	16	4	6	2	0	9	0	2	0	0	0	0	0	0	0	0	
NET1	253	0	0	0	0	0	0	2	2	0	0	8	0	12	16	4	6	2	0	9	0	2	0	0	0	0	0	0	0	0	
NET1	254	0	0	0	0	0	0	2	2	0	0	8	0	12	16	4	6	2	0	9	0	2	0	0	0	0	0	0	0	0	
NET1	255	0	0	0	0	0	0	2	2	0	0	8	0	12	16	4	6	2	0	9	0	2	0	0	0	0	0	0	0	0	
NET1	256	0	0	0	0	0	0	2	2	0	0	8	0	12	16	4	6	2	0	9	0	2	0	0	0	0	0	0	0	0	
NET1	257	0	0	0	0	0	0	0	0	0	0	0	0	0	0	0	0	0	0	0	0	0	0	0	0	0	0	0	0	0	
NET1	258	0	0	0	0	0	0	0	0	0	0	0	0	0	0	0	0	0	0	0	0	0	0	0	0	0	0	0	0	0	
NET1	259	0	0	0	0	0	0	0	0	0	0	0	0	0	0	0	0	0	0	0	0	0	0	0	0	0	0	0	0	0	
NET1	260	0	0	0	0	0	0	0	0	0	0	0	0	0	0	0	0	0	0	0	0	0	0	0	0	0	0	0	0	0	
NET1	261	0	0	0	0	0	0	0	0	0	0	0	0	0	0	0	0	0	0	0	0	0	0	0	0	0	0	0	0	0	
NET1	262	0	0	0	0	0	0	0	0	0	0	0	0	0	0	0	0	0	0	0	0	0	0	0	0	0	0	0	0	0	
NET1	263	0	0	0	0	0	0	0	0	0	0	0	0	0	0	0	0	0	0	0	0	0	0	0	0	0	0	0	0	0	
NET1	264	0	0	0	0	0	0	0	0	0	0	0	0	0	0	0	0	0	0	0	0	0	0	0	0	0	0	0	0	0	
NET1	265	0	0	0	0	0	0	0	0	0	0	0	0	0	0	0	0	0	0	0	0	0	0	0	0	0	0	0	0	0	
NET1	266	0	0	0	0	0	0	0	0	0	0	0	0	0	0	0	2	0	0	0	0	0	0	0	0	0	0	0	0	0	
NET1	267	0	0	0	0	0	0	0	0	0	0	0	0	0	0	0	2	0	0	3	0	0	0	0	0	0	0	0	0	0	
NET1	268	0	0	0	0	0	0	0	0	0	0	0	0	0	0	0	2	0	0	3	0	0	0	0	0	0	0	0	0	0	
NET1	269	2	0	0	0	0	0	3	4	0	2	3	0	0	0	0	2	2	0	5	0	0	0	0	0	0	0	0	0	0	
NET1	270	2	0	0	0	0	0	3	4	0	2	3	0	0	0	0	2	2	0	5	0	0	0	0	0	0	0	0	0	0	
NET1	271	2	0	0	0	0	0	3	4	0	2	3	0	0	0	0	2	2	0	5	0	0	0	0	0	0	0	0	0	0	
NET1	272	2	0	0	0	0	0	3	4	0	2	3	0	0	0	0	2	2	0	5	0	0	0	0	0	0	0	0	0	0	
NET1	273	2	0	0	0	0	0	3	4	0	2	3	0	0	0	0	2	2	0	5	0	0	0	0	0	0	0	0	0	0	
NET1	274	2	0	0	0	0	0	3	4	0	2	3	0	0	0	0	2	2	0	5	0	0	0	0	0	0	0	0	0	0	
NET1	275	2	0	0	0	0	0	3	4	0	2	3	0	0	0	0	2	2	0	5	0	0	0	0	0	0	0	0	0	0	
NET1	276	2	0	0	0	0	0	3	4	0	2	3	0	0	0	0	2	2	0	5	0	0	0	0	0	0	0	0	0	0	
NET1	277	2	0	0	0	0	0	3	4	0	2	3	0	0	0	0	2	2	0	5	0	0	0	0	0	0	0	0	0	0	
NET1	278	2	0	0	0	0	0	3	4	0	2	3	0	0	0	0	2	2	0	5	0	0	0	0	0	0	0	0	0	0	
NET1	279	2	0	0	0	0	0	3	4	0	2	3	0	0	0	0	2	2	0	5	0	0	0	0	0	0	0	0	0	0	
NET1	280	0	0	0	0	0	0	0	0	0	0	0	0	0	0	0	0	0	0	0	0	0	0	0	0	0	0	0	0	0	
NET1	281	0	0	0	0	0	0	0	0	0	0	0	0	0	0	0	0	0	0	0	0	0	0	0	0	0	0	0	0	0	
NET1	282	0	0	0	0	0	0	0	0	0	0	0	0	0	0	0	0	0	0	0	0	0	0	0	0	0	0	0	0	0	
NET1	283	0	0	0	0	0	0	0	0	0	0	0	0	0	0	0	0	0	0	0	0	0	0	0	0	0	0	0	0	0	
NET1	284	0	0	0	0	0	0	0	0	0	0	0	0	0	0	0	0	0	0	0	0	0	0	0	0	0	0	0	0	0	
NET1	285	0	0	0	0	0	0	0	0	0	0	0	0	0	0	0	0	0	0	0	0	0	0	0	0	0	0	0	0	0	
NET1	286	0	0	0	0	0	0	0	0	0	0	0	0	0	0	0	0	0	0	0	0	0	0	0	0	0	0	0	0	0	
NET1	287	0	0	0	0	0	0	0	0	0	0	0	0	0	0	0	0	0	0	0	0	0	0	0	0	0	0	0	0	0	
NET1	288	0	0	0	0	0	0	0	0	0	0	0	0	0	0	0	0	0	0	0	0	0	0	0	0	0	0	0	0	0	
NET1	289	0	0	0	0	0	0	0	0	0	0	0	0	0	0	0	0	0	0	0	0	0	0	0	0	0	0	0	0	0	
NET1	290	0	0	0	0	0	0	0	0	0	0	0	0	0	0	0	0	0	0	0	0	0	0	0	0	0	0	0	0	0	
NET1	291	0	0	0	0	0	0	0	0	0	0	0	0	0	0	0	0	0	0	0	0	0	0	0	0	0	0	0	0	0	
NET1	292	0	0	0	0	0	0	0	0	0	0	0	0	0	0	0	0	0	0	0	0	0	0	0	0	0	0	0	0	0	
NET1	293	0	0	0	0	0	0	0	3	0	0	0	0	3	12	2	0	0	0	4	0	2	0	0	0	0	0	0	0	0	
NET1	294	0	0	0	0	0	0	0	3	0	0	0	0	3	12	2	0	0	0	4	0	2	0	0	0	0	0	0	0	0	
NET1	295	0	0	0	0	0	0	0	3	0	0	0	0	3	12	2	0	0	0	4	0	2	0	0	0	0	0	0	0	0	
NET1	296	0	0	0	0	0	0	0	3	0	0	0	0	3	12	2	0	0	0	4	0	2	0	0	0	0	0	0	0	0	
NET1	297	0	0	0	0	0	0	0	3	0	0	0	0	3	12	2	0	0	0	4	0	2	0	0	0	0	0	0	0	0	
NET1	298	0	0	0	0	0	0	0	3	0	0	0	0	3	12	2	0	0	0	4	0	2	0	0	0	0	0	0	0	0	
NET1	299	0	0	0	0	0	0	0	3	0	0	0	0	3	12	2	0	0	0	4	0	2	0	0	0	0	0	0	0	0	
NET1	300	0	0	0	0	0	0	0	3	0	0	0	0	3	12	2	0	0	0	4	0	2	0	0	0	0	0	0	0	0	
NET1	301	0	0	0	0	0	0	0	3	0	0	0	0	3	12	2	0	0	0	4	0	2	0	0	0	0	0	0	0	0	
NET1	302	0	0	0	0	0	0	0	3	0	0	0	0	3	12	2	0	0	0	4	0	2	0	0	0	0	0	0	0	0	
NET1	303	0	0	0	0	0	0	0	3	0	0	0	0	3	12	2	0	0	0	4	0	2	0	0	0	0	0	0	0	0	
NET1	304	0	0	0	0	0	0	0	3	0	0	0	0	3	12	2	0	0	0	4	0	2	0	0	0	0	0	0	0	0	
NET1	305	0	0	0	0	0	0	0	3	0	0	0	0	3	12	2	0	0	0	4	0	2	0	0	0	0	0	0	0	0	
NET1	306	0	0	0	0	0	0	0	3	0	0	0	0	3	12	2	0	0	0	4	0	2	0	0	0	0	0	0	0	0	
NET1	307	0	0	0	0	0	0	0	3	0	0	0	0	3	12	2	0	0	0	4	0	2	0	0	0	0	0	0	0	0	
NET1	308	0	0	0	0	0	0	0	3	0	0	0	0	3	12	2	0	0	0	0	0	0	0	0	0	0	0	0	0	0	
NET1	309	0	0	0	0	0	0	0	3	0	0	0	0	3	12	2	0	0	0	0	0	0	0	0	0	0	0	0	0	0	
NET1	310	0	0	0	0	0	0	0	3	0	0	0	0	3	12	2	0	0	0	0	0	0	0	0	0	0	0	0	0	0	
NET1	311	0	0	0	0	0	0	0	3	0	0	0	0	3	12	2	0	0	0	0	0	0	0	0	0	0	0	0	0	0	
NET1	312	0	0	0	0	0	0	0	3	0	0	0	0	3	12	2	0	0	0	0	0	0	0	0	0	0	0	0	0	0	
NET1	313	0	0	0	0	0	0	0	3	0	0	0	0	3	12	2	0	0	0	0	0	0	0	0	0	0	0	0	0	0	
NET1	314	0	0	0	0	0	0	0	3	0	0	0	0	3	12	2	0	0	0	0	0	0	0	0	0	0	0	0	0	0	
NET1	315	0	0	0	0	0	0	0	0	0	0	0	0	0	0	4	0	0	0	0	0	0	0	0	0	0	0	0	0	0	
NET1	316	0	0	0	0	0	0	0	0	0	0	0	0	0	0	4	0	0	0	0	0	0	0	0	0	0	0	0	0	0	
NET1	317	0	0	0	0	0	0	0	0	0	0	0	0	0	0	4	0	0	0	0	0	0	0	0	0	0	0	0	0	0	
NET1	318	0	0	0	0	0	0	0	0	0	0	0	0	0	0	4	0	0	0	0	0	0	0	0	0	0	0	0	0	0	
NET1	319	0	0	0	0	0	0	0	0	0	0	0	0	0	0	4	0	0	0	0	0	0	0	0	0	0	0	0	0	0	
NET1	320	0	0	0	0	0	0	0	0	0	0	0	0	0	0	4	0	0	0	0	0	0	0	0	0	0	0	0	0	0	
NET1	321	0	0	0	0	0	0	0	0	0	0	0	0	0	0	4	0	0	0	0	0	0	0	0	0	0	0	0	0	0	
NET1	322	0	0	0	0	0	0	0	0	0	0	0	0	0	0	4	0	0	0	0	0	0	0	0	0	0	0	0	0	0	
NET1	323	0	0	0	0	0	0	0	0	0	0	0	0	0	0	4	0	0	0	0	0	0	0	0	0	0	0	0	0	0	
NET1	324	0	0	0	0	0	0	0	0	0	0	0	0	0	0	4	0	0	0	0	0	0	0	0	0	0	0	0	0	0	
NET1	325	0	0	0	0	0	0	0	0	0	0	0	0	0	0	4	0	0	0	0	0	0	0	0	0	0	0	0	0	0	
NET1	326	0	0	0	0	0	0	0	0	0	0	0	0	0	0	4	0	0	0	0	0	0	0	0	0	0	0	0	0	0	
NET1	327	0	0	0	0	0	0	0	0	0	0	0	0	0	0	4	0	0	0	0	0	0	0	0	0	0	0	0	0	0	
NET1	328	0	0	0	0	0	0	0	0	0	0	0	0	0	0	4	0	0	0	0	0	0	0	0	0	0	0	0	0	0	
NET1	329	0	0	0	0	0	0	0	0	0	0	0	0	0	0	4	0	0	0	0	0	0	0	0	0	0	0	0	0	0	
NET1	330	0	0	0	0	0	0	0	0	0	0	0	0	0	0	4	0	0	0	0	0	0	0	0	0	0	0	0	0	0	
NET1	331	0	0	0	0	0	0	0	0	0	0	0	0	0	0	4	0	0	0	0	0	0	0	0	0	0	0	0	0	0	
NET1	332	0	0	0	0	0	0	0	0	0	0	0	0	0	0	4	0	0	0	0	0	0	0	0	0	0	0	0	0	0	
NET1	333	0	0	0	0	0	0	0	0	0	0	0	0	0	0	4	0	0	0	0	0	0	0	0	0	0	0	0	0	0	
NET1	334	0	0	0	0	0	0	0	0	0	0	0	0	0	0	4	0	0	0	0	0	0	0	0	0	0	0	0	0	0	
NET1	335	0	0	0	0	0	0	0	0	0	0	0	0	0	0	4	0	0	0	0	0	0	0	0	0	0	0	0	0	0	
NET1	336	0	0	0	0	0	0	0	0	0	0	0	0	0	0	4	0	0	0	0	0	0	0	0	0	0	0	0	0	0	
NET1	337	0	0	0	0	0	0	0	0	0	0	0	0	0	0	4	0	0	0	0	0	0	0	0	0	0	0	0	0	0	
NET1	338	0	0	0	0	0	0	0	0	0	0	0	0	0	0	4	0	0	0	0	0	0	0	0	0	0	0	0	0	0	
NET1	339	0	0	0	0	0	0	0	0	0	0	0	0	0	0	4	0	0	0	0	0	0	0	0	0	0	0	0	0	0	
NET1	340	0	0	0	0	0	0	0	0	0	0	0	0	0	0	4	0	0	0	0	0	0	0	0	0	0	0	0	0	0	
NET1	341	0	0	0	0	0	0	0	0	0	0	0	0	0	0	4	0	0	0	0	0	0	0	0	0	0	0	0	0	0	
NET1	342	0	0	0	0	0	0	0	0	0	0	0	0	0	0	4	0	0	0	0	0	0	0	0	0	0	0	0	0	0	
NET1	343	0	0	0	0	0	0	0	0	0	0	0	0	0	0	4	0	0	0	0	0	0	0	0	0	0	0	0	0	0	
NET1	344	0	0	0	0	0	0	0	0	0	0	0	0	0	0	4	0	0	0	0	0	0	0	0	0	0	0	0	0	0	
NET1	345	0	0	0	0	0	0	0	0	0	0	0	0	0	0	4	0	0	0	0	0	0	0	0	0	0	0	0	0	0	
NET1	346	0	0	0	0	0	0	0	0	0	0	0	0	0	0	4	0	0	0	0	0	0	0	0	0	0	0	0	0	0	
NET1	347	0	0	0	0	0	0	0	0	0	0	0	0	0	0	4	0	0	0	0	0	0	0	0	0	0	0	0	0	0	
NET1	348	0	0	0	0	0	0	0	0	0	0	0	0	0	0	4	0	0	0	0	0	0	0	0	0	0	0	0	0	0	
NET1	349	0	0	0	0	0	0	0	0	0	0	0	0	0	0	4	0	0	0	0	0	0	0	0	0	0	0	0	0	0	
NET1	350	0	0	0	0	0	0	0	0	0	0	0	0	0	0	4	0	0	0	0	0	0	0	0	0	0	0	0	0	0	
NET1	351	0	0	0	0	0	0	0	0	0	0	0	0	0	0	4	0	0	0	0	0	0	0	0	0	0	0	0	0	0	
NET1	352	0	0	0	0	0	0	0	0	0	0	0	0	0	2	2	0	0	0	0	0	0	0	0	0	0	0	0	3	2	
NET1	353	0	0	0	0	0	0	0	0	0	0	0	0	0	2	2	0	0	0	0	0	0	0	0	0	0	0	0	3	2	
NET1	354	0	0	0	0	0	0	0	0	0	0	0	0	0	2	2	0	0	0	0	0	0	0	0	0	0	0	0	3	2	
NET1	355	0	0	0	0	0	0	0	0	0	0	0	0	0	2	2	0	0	0	0	0	0	0	0	0	0	0	0	3	2	
NET1	356	0	0	0	0	0	0	0	0	0	0	0	0	0	2	2	0	0	0	0	0	0	0	0	0	0	0	0	3	2	
NET1	357	0	0	0	0	0	0	0	0	0	0	0	0	0	2	2	0	0	0	0	0	0	0	0	0	0	0	0	3	2	
NET1	358	0	0	0	0	0	0	0	0	0	0	0	0	0	2	2	0	0	0	0	0	0	0	0	0	0	0	0	3	2	
NET1	359	0	0	0	0	0	0	0	0	0	0	0	0	0	2	2	0	0	0	0	0	0	0	0	0	0	0	0	3	2	
NET1	360	0	0	0	0	0	0	5	10	0	2	3	0	4	16	2	4	3	0	0	2	0	0	0	0	0	0	0	0	0	
NET1	361	0	0	0	0	0	0	5	10	0	2	3	0	4	16	2	4	3	0	0	2	0	0	0	0	0	0	0	0	0	
NET1	362	0	0	0	0	0	0	5	10	0	2	3	0	4	16	2	4	3	0	0	2	0	0	0	0	0	0	0	0	0	
NET1	363	0	0	0	0	0	0	5	10	0	2	3	0	4	16	2	4	3	0	0	2	0	0	0	0	0	0	0	0	0	
NET1	364	0	0	0	0	0	0	5	10	0	2	3	0	4	16	2	4	3	0	0	2	0	0	0	0	0	0	0	0	0	
NET1	365	0	0	0	0	0	0	5	10	0	2	3	0	4	16	2	4	3	0	0	2	0	0	0	0	0	0	0	0	0	
NET1	366	0	0	0	0	0	0	5	10	0	2	3	0	4	16	2	4	3	0	0	2	0	0	0	0	0	0	0	0	0	
NET1	367	0	0	0	0	0	0	5	10	0	2	3	0	2	16	2	4	3	0	0	2	0	0	0	0	0	0	0	0	0	
NET1	368	0	0	0	0	0	0	5	10	0	2	3	0	2	16	2	4	3	0	0	2	0	0	0	0	0	0	0	0	0	
NET1	369	0	0	0	0	0	0	5	10	0	2	3	0	2	16	2	4	3	0	0	2	0	0	0	0	0	0	0	0	0	
NET1	370	0	0	0	0	0	0	5	10	0	2	3	0	2	16	2	4	3	0	0	2	0	0	0	0	0	0	0	0	0	
NET1	371	0	0	0	0	0	0	5	10	0	2	3	0	2	16	2	4	3	0	0	2	0	0	0	0	0	0	0	0	0	
NET1	372	0	0	0	0	0	0	2	4	0	0	2	0	7	10	2	2	0	0	0	0	0	0	0	0	0	0	0	0	0	
NET1	373	0	0	0	0	0	0	2	4	0	0	2	0	7	10	2	2	0	0	0	0	0	0	0	0	0	0	0	0	0	
NET1	374	0	0	0	0	0	0	2	4	0	0	2	0	7	10	2	2	0	0	0	0	0	0	0	0	0	0	0	0	0	
NET1	375	0	0	0	0	0	0	2	4	0	0	2	0	7	10	2	2	0	0	0	0	0	0	0	0	0	0	0	0	0	
NET1	376	0	0	0	0	0	0	2	4	0	0	2	0	7	10	2	2	0	0	0	0	0	0	0	0	0	0	0	0	0	
NET1	377	0	0	0	0	0	0	2	4	0	0	2	0	7	10	2	2	0	0	0	0	0	0	0	0	0	0	0	0	0	
NET1	378	0	0	0	0	0	0	2	6	0	0	2	0	9	12	4	4	0	0	0	0	0	0	0	0	0	0	0	0	0	
NET1	379	0	0	0	0	0	0	2	6	0	0	2	0	9	12	4	4	0	0	0	0	0	0	0	0	0	0	0	0	0	
NET1	380	0	0	0	0	0	0	2	6	0	0	2	0	9	12	4	4	0	0	0	0	0	0	0	0	0	0	0	0	0	
NET1	381	0	2	0	0	0	0	2	4	0	2	4	0	6	11	2	4	0	0	3	0	0	0	0	0	0	0	0	0	0	
NET1	382	0	2	0	0	0	0	2	4	0	2	4	0	6	11	2	4	0	0	3	0	0	0	0	0	0	0	0	0	0	
NET1	383	0	2	0	0	0	0	2	4	0	2	4	0	6	11	2	4	0	0	3	0	0	0	0	0	0	0	0	0	0	
NET1	384	0	2	0	0	0	0	2	4	0	2	4	0	6	11	2	4	0	0	3	0	0	0	0	0	0	0	0	0	0	
NET1	385	0	2	0	0	0	0	2	4	0	2	4	0	6	11	2	4	0	0	3	0	0	0	0	0	0	0	0	0	0	
NET1	386	0	2	0	0	0	0	2	4	0	2	4	0	6	11	2	4	0	0	3	0	0	0	0	0	0	0	0	0	0	
NET1	387	0	2	0	0	0	0	2	4	0	2	4	0	6	11	2	4	0	0	3	0	0	0	0	0	0	0	0	0	0	
NET1	388	0	2	0	0	0	0	2	4	0	2	4	0	6	11	2	4	0	0	3	0	0	0	0	0	0	0	0	0	0	
NET1	389	0	2	0	0	0	0	2	4	0	2	4	0	6	11	2	4	0	0	3	0	0	0	0	0	0	0	0	0	0	
NET1	390	0	2	0	0	0	0	2	4	0	2	4	0	6	11	2	4	0	0	3	0	0	0	0	0	0	0	0	0	0	
NET1	391	0	2	0	0	0	0	2	4	0	2	4	0	6	11	2	4	0	0	3	0	0	0	0	0	0	0	0	0	0	
NET1	392	0	2	0	0	0	0	2	4	0	2	4	0	6	11	2	4	0	0	3	0	0	0	0	0	0	0	0	0	0	
NET1	393	0	2	0	0	0	0	2	4	0	2	4	0	6	11	2	4	0	0	3	0	0	0	0	0	0	0	0	0	0	
NET1	394	0	0	0	0	0	0	0	0	0	0	0	0	0	0	0	2	0	0	0	0	0	0	0	0	0	0	0	0	0	
NET1	395	0	0	0	0	0	0	0	0	0	0	0	0	0	0	0	2	0	0	0	0	0	0	0	0	0	0	0	0	0	
NET1	396	0	0	0	0	0	0	0	0	0	0	0	0	0	0	0	2	0	0	0	0	0	0	0	0	0	0	0	0	0	
NET1	397	0	0	0	0	0	0	0	0	0	0	0	0	0	0	0	0	0	0	0	0	0	0	0	0	0	0	0	0	0	
NET1	398	0	0	0	0	0	0	0	0	0	0	0	0	0	0	0	0	0	0	0	0	0	0	0	0	0	0	0	0	0	
NET1	399	0	0	0	0	0	0	0	0	0	0	0	0	0	0	0	0	0	0	0	0	0	0	0	0	0	0	0	0	0	
NET1	400	0	0	0	0	0	0	0	0	0	0	0	0	0	0	0	0	0	0	0	0	0	0	0	0	0	0	0	0	0	
NET1	401	0	0	0	0	0	0	0	0	0	0	0	0	0	0	0	0	0	0	0	0	0	0	0	0	0	0	0	0	0	
NET1	402	0	0	0	0	0	0	0	0	0	0	0	0	0	0	0	0	0	0	0	0	0	0	0	0	0	0	0	0	0	
NET1	403	0	0	0	0	0	0	0	0	0	0	0	0	0	0	0	0	0	0	0	0	0	0	0	0	0	0	0	0	0	
NET1	404	0	0	0	0	0	0	0	0	0	0	0	0	0	0	0	0	0	0	0	0	0	0	0	0	0	0	0	0	0	
NET1	405	0	0	0	0	0	0	0	0	0	0	0	0	0	0	0	0	0	0	0	0	0	0	0	0	0	0	0	0	0	
NET1	406	0	0	0	0	0	0	0	0	0	0	0	0	0	0	0	0	0	0	0	0	0	0	0	0	0	0	0	0	0	
NET1	407	0	0	0	0	0	0	0	0	0	0	0	0	0	0	0	0	0	0	0	0	0	0	0	0	0	0	0	0	0	
NET1	408	0	0	0	0	0	0	0	0	0	0	0	0	0	0	0	0	0	0	0	0	0	0	0	0	0	0	0	0	0	
NET1	409	0	0	0	0	0	0	0	0	0	0	0	0	0	0	0	0	0	0	0	0	0	0	0	0	0	0	0	0	0	
NET1	410	0	0	0	0	0	0	0	0	0	0	0	0	0	0	0	0	0	0	0	0	0	0	0	0	0	0	0	0	0	
NET1	411	0	0	0	0	0	0	0	0	0	0	0	0	0	0	0	0	0	0	0	0	0	0	0	0	0	0	0	0	0	
NET1	412	0	0	0	0	0	0	0	0	0	0	0	0	0	0	0	0	0	0	0	0	0	0	0	0	0	0	0	0	0	
NET1	413	0	0	0	0	0	0	0	0	0	0	0	0	0	0	0	0	0	0	0	0	0	0	0	0	0	0	0	0	0	
NET1	414	0	0	0	0	0	0	0	0	0	0	0	0	0	0	0	0	0	0	0	0	0	0	0	0	0	0	0	0	0	
NET1	415	0	0	0	0	0	0	0	0	0	0	0	0	0	0	0	0	0	0	0	0	0	0	0	0	0	0	0	0	0	
NET1	416	0	0	0	0	0	0	0	0	0	0	0	0	0	0	0	0	0	0	0	0	0	0	0	0	0	0	0	0	0	
NET1	417	0	0	0	0	0	0	0	0	0	0	0	0	0	0	0	0	0	0	0	0	0	0	0	0	0	0	0	0	0	
NET1	418	0	0	0	0	0	0	0	0	0	0	0	0	0	0	0	0	0	0	0	0	0	0	0	0	0	0	0	0	0	
NET1	419	0	0	0	0	0	0	0	0	0	0	0	0	0	0	0	0	0	0	0	0	0	0	0	0	0	0	0	0	0	
NET1	420	0	0	0	0	0	0	0	0	0	0	0	0	0	0	0	0	0	0	0	0	0	0	0	0	0	0	0	0	0	
NET1	421	0	0	0	0	0	0	0	0	0	0	0	0	0	0	0	0	0	0	0	0	0	0	0	0	0	0	0	0	0	
NET1	422	0	0	0	0	0	0	0	0	0	0	0	0	0	0	0	0	0	0	0	0	0	0	0	0	0	0	0	0	0	
NET1	423	0	0	0	0	0	0	0	0	0	0	0	0	0	0	0	0	0	0	0	0	0	0	0	0	0	0	0	0	0	
NET1	424	0	0	0	0	0	0	0	0	0	0	0	0	0	0	0	0	0	0	0	0	0	0	0	0	0	0	0	0	0	
NET1	425	0	0	0	0	0	0	0	0	0	0	0	0	0	0	0	0	0	0	0	0	0	0	0	0	0	0	0	0	0	
NET1	426	0	0	0	0	0	0	0	0	0	0	0	0	0	0	0	0	0	0	0	0	0	0	0	0	0	0	0	0	0	
NET1	427	0	0	0	0	0	0	0	0	0	0	0	0	0	0	0	0	0	0	0	0	0	0	0	0	0	0	0	0	0	
NET1	428	0	0	0	0	0	0	0	0	0	0	0	0	0	0	0	0	0	0	0	0	0	0	0	0	0	0	0	0	0	
NET1	429	0	0	0	0	0	0	0	0	0	0	0	0	0	0	0	0	0	0	0	0	0	0	0	0	0	0	0	0	0	
NET1	430	0	0	0	0	0	0	0	0	0	0	0	0	0	0	0	0	0	0	0	0	0	0	0	0	0	0	0	0	0	
NET1	431	0	0	0	0	0	0	0	0	0	0	0	0	0	0	0	0	0	0	0	0	0	0	0	0	0	0	0	0	0	
NET1	432	0	0	0	0	0	0	0	0	0	0	0	0	0	0	0	0	0	0	0	0	0	0	0	0	0	0	0	0	0	
NET1	433	0	0	0	0	0	0	0	0	0	0	0	0	0	0	0	0	0	0	0	0	0	0	0	0	0	0	0	0	0	
NET1	434	0	0	0	0	0	0	0	0	0	0	0	0	0	0	0	0	0	0	0	0	0	0	0	0	0	0	0	0	0	
NET1	435	0	0	0	0	0	0	0	0	0	0	0	0	0	0	0	0	0	0	0	0	0	0	0	0	0	0	0	0	0	
NET1	436	0	0	0	0	0	0	0	0	0	0	0	0	0	0	0	0	0	0	0	0	0	0	0	0	0	0	0	0	0	
NET1	437	0	0	0	0	0	0	0	2	0	0	0	0	4	8	4	4	2	0	0	0	0	0	0	0	0	0	0	0	0	
NET1	438	0	0	0	0	0	0	0	2	0	0	0	0	4	8	4	4	2	0	0	0	0	0	0	0	0	0	0	0	0	
NET1	439	0	0	0	0	0	0	0	2	0	0	0	0	4	8	4	4	2	0	0	0	0	0	0	0	0	0	0	0	0	
NET1	440	0	0	0	0	0	0	0	2	0	0	0	0	4	8	4	4	2	0	0	0	0	0	0	0	0	0	0	0	0	
NET1	441	0	0	0	0	0	0	0	2	0	0	0	0	4	8	4	4	2	0	0	0	0	0	0	0	0	0	0	0	0	
NET1	442	0	0	0	0	0	0	0	2	0	0	0	0	4	8	4	4	2	0	0	0	0	0	0	0	0	0	0	0	0	
NET1	443	0	0	0	0	0	0	0	2	0	0	0	0	4	8	4	4	2	0	0	0	0	0	0	0	0	0	0	0	0	
NET1	444	0	0	0	0	0	0	0	2	0	0	0	0	4	8	4	4	2	0	0	0	0	0	0	0	0	0	0	0	0	
NET1	445	0	0	0	0	0	0	0	2	0	0	0	0	4	8	4	4	2	0	0	0	0	0	0	0	0	0	0	0	0	
NET1	446	0	0	0	0	0	0	0	2	0	0	0	0	4	8	4	4	2	0	0	0	0	0	0	0	0	0	0	0	0	
NET1	447	0	0	0	0	0	0	0	2	0	0	0	0	4	8	4	4	2	0	0	0	0	0	0	0	0	0	0	0	0	
NET1	448	0	0	0	0	0	0	0	2	0	0	0	0	4	8	4	4	2	0	0	0	0	0	0	0	0	0	0	0	0	
NET1	449	0	0	0	0	0	0	0	2	0	0	0	0	4	8	4	4	2	0	0	0	0	0	0	0	0	0	0	0	0	
NET1	450	0	0	0	0	0	0	0	2	0	0	0	0	4	8	4	4	2	0	0	0	0	0	0	0	0	0	0	0	0	
NET1	451	0	0	0	0	0	0	0	6	0	0	2	0	8	12	6	6	2	0	13	0	0	0	0	0	0	0	0	0	0	
NET1	452	0	0	0	0	0	0	0	6	0	0	2	0	8	12	6	6	2	0	13	0	0	0	0	0	0	0	0	0	0	
NET1	453	0	0	0	0	0	0	0	6	0	0	2	0	8	12	6	6	2	0	13	0	0	0	0	0	0	0	0	0	0	
NET1	454	0	0	0	0	0	0	0	6	0	0	2	0	8	12	6	6	2	0	13	0	0	0	0	0	0	0	0	0	0	
NET1	455	0	0	0	0	0	0	0	6	0	0	2	0	8	12	6	6	2	0	13	0	0	0	0	0	0	0	0	0	0	
NET1	456	0	0	0	0	0	0	0	6	0	0	2	0	8	12	6	6	2	0	13	0	0	0	0	0	0	0	0	0	0	
NET1	457	0	0	0	0	0	0	0	6	0	0	2	0	8	12	6	6	2	0	13	0	0	0	0	0	0	0	0	0	0	
NET1	458	0	0	0	0	0	0	0	6	0	0	2	0	8	12	6	6	2	0	13	0	0	0	0	0	0	0	0	0	0	
NET1	459	0	0	0	0	0	0	0	6	0	0	2	0	8	12	6	6	2	0	13	0	0	0	0	0	0	0	0	0	0	
NET1	460	0	0	0	0	0	0	0	6	0	0	2	0	8	12	6	6	2	0	13	0	0	0	0	0	0	0	0	0	0	
NET1	461	0	0	0	0	0	0	0	6	0	0	2	0	8	12	6	6	2	0	13	0	0	0	0	0	0	0	0	0	0	
NET1	462	0	0	0	0	0	0	0	6	0	0	2	0	8	12	6	6	2	0	13	0	0	0	0	0	0	0	0	0	0	
NET1	463	0	0	0	0	0	0	0	6	0	0	2	0	8	12	6	6	2	0	13	0	0	0	0	0	0	0	0	0	0	
NET1	464	0	0	0	0	0	0	0	6	0	0	2	0	8	12	6	6	2	0	13	0	0	0	0	0	0	0	0	0	0	
NET1	465	0	0	0	0	0	0	0	6	0	0	2	0	8	12	6	6	2	0	13	0	0	0	0	0	0	0	0	0	0	
NET1	466	0	0	0	0	0	0	0	6	0	0	2	0	8	12	6	6	2	0	13	0	0	0	0	0	0	0	0	0	0	
NET1	467	0	0	0	0	0	0	0	6	0	0	2	0	8	12	6	6	2	0	13	0	0	0	0	0	0	0	0	0	0	
NET1	468	0	0	0	0	0	0	0	6	0	0	2	0	8	12	6	6	2	0	13	0	0	0	0	0	0	0	0	0	0	
NET1	469	0	0	0	0	0	0	0	6	0	0	2	0	8	12	6	6	2	0	13	0	0	0	0	0	0	0	0	0	0	
NET1	470	0	0	0	0	0	0	0	2	0	0	0	0	0	2	0	4	2	0	0	0	0	0	0	0	0	0	0	0	0	
NET1	471	0	0	0	0	0	0	0	2	0	0	0	0	0	2	0	4	2	0	0	0	0	0	0	0	0	0	0	0	0	
NET1	472	0	0	0	0	0	0	0	2	0	0	0	0	0	2	0	4	2	0	0	0	0	0	0	0	0	0	0	0	0	
NET1	473	0	0	0	0	0	0	0	2	0	0	0	0	0	2	0	4	2	0	0	0	0	0	0	0	0	0	0	0	0	
NET1	474	0	0	0	0	0	0	0	2	0	0	0	0	0	2	0	4	2	0	0	0	0	0	0	0	0	0	0	0	0	
NET1	475	0	0	0	0	0	0	0	2	0	0	0	0	0	2	0	4	2	0	0	0	0	0	0	0	0	0	0	0	0	
NET1	476	0	0	0	0	0	0	0	2	0	0	0	0	0	2	0	4	2	0	0	0	0	0	0	0	0	0	0	0	0	
NET1	477	0	0	0	0	0	0	0	2	0	0	0	0	0	2	0	4	2	0	0	0	0	0	0	0	0	0	0	0	0	
NET1	478	0	0	0	0	0	0	2	2	0	0	0	0	2	2	0	2	2	0	0	0	0	0	0	0	0	0	0	0	0	
NET1	479	0	0	0	0	0	0	2	2	0	0	0	0	2	2	0	2	2	0	0	0	0	0	0	0	0	0	0	0	0	
NET1	480	0	0	0	0	0	0	2	2	0	0	0	0	2	2	0	2	2	0	0	0	0	0	0	0	0	0	0	0	0	
NET1	481	0	0	0	0	0	0	2	2	0	0	0	0	2	2	0	2	2	0	0	0	0	0	0	0	0	0	0	0	0	
NET1	482	0	0	0	0	0	0	2	2	0	0	0	0	2	2	0	2	2	0	0	0	0	0	0	0	0	0	0	0	0	
NET1	483	0	0	0	0	0	0	2	2	0	0	0	0	2	2	0	2	2	0	0	0	0	0	0	0	0	0	0	0	0	
NET1	484	0	0	0	0	0	0	2	2	0	0	0	0	2	2	0	2	2	0	0	0	0	0	0	0	0	0	0	0	0	
NET1	485	0	0	0	0	0	0	2	2	0	0	0	0	2	2	0	2	2	0	0	0	0	0	0	0	0	0	0	0	0	
NET1	486	0	0	0	0	0	0	2	2	0	0	0	0	2	2	0	2	2	0	0	0	0	0	0	0	0	0	0	0	0	
NET1	487	0	0	0	0	0	0	2	2	0	0	0	0	2	2	0	2	2	0	0	0	0	0	0	0	0	0	0	0	0	
NET1	488	0	0	0	0	0	0	2	2	0	0	0	0	2	2	0	2	2	0	0	0	0	0	0	0	0	0	0	0	0	
NET1	489	0	0	0	0	0	0	2	2	0	0	0	0	2	2	0	2	2	0	0	0	0	0	0	0	0	0	0	0	0	
NET1	490	0	0	0	0	0	0	2	2	0	0	0	0	2	2	0	2	2	0	0	0	0	0	0	0	0	0	0	0	0	
NET1	491	0	0	0	0	0	0	2	2	0	0	0	0	2	2	0	2	2	0	0	0	0	0	0	0	0	0	0	0	0	
NET1	492	0	0	0	0	0	0	2	2	0	0	0	0	2	2	0	2	2	0	0	0	0	0	0	0	0	0	0	0	0	
NET1	493	0	0	0	0	0	0	2	2	0	0	0	0	2	2	0	2	2	0	0	0	0	0	0	0	0	0	0	0	0	
NET1	494	0	0	0	0	0	0	2	2	0	0	0	0	2	2	0	2	2	0	0	0	0	0	0	0	0	0	0	0	0	
NET1	495	0	0	0	0	0	0	2	0	0	0	0	0	4	5	6	0	0	0	0	0	0	0	0	0	0	0	0	0	0	
NET1	496	0	0	0	0	0	0	2	2	0	0	2	0	6	8	8	2	2	0	0	0	0	0	0	0	0	0	0	0	0	
NET1	497	0	0	0	0	0	0	2	2	0	0	2	0	6	8	8	2	2	0	0	0	0	0	0	0	0	0	0	0	0	
NET1	498	0	0	0	0	0	0	2	2	0	0	2	0	6	8	8	2	2	0	0	0	0	0	0	0	0	0	0	0	0	
NET1	499	0	0	0	0	0	0	2	2	0	0	2	0	6	8	8	2	2	0	0	0	0	0	0	0	0	0	0	0	0	
NET1	500	0	0	0	0	0	0	2	2	0	0	2	0	6	8	8	2	2	0	0	0	0	0	0	0	0	0	0	0	0	
NET1	501	0	0	0	0	0	0	2	2	0	0	2	0	6	8	8	2	2	0	0	0	0	0	0	0	0	0	0	0	0	
NET1	502	0	0	0	0	0	0	2	2	0	0	2	0	6	8	8	2	2	0	0	0	0	0	0	0	0	0	0	0	0	
NET1	503	0	0	0	0	0	0	2	2	0	0	2	0	6	8	8	2	2	0	0	0	0	0	0	0	0	0	0	0	0	
NET1	504	0	0	0	0	0	0	2	2	0	0	2	0	6	8	8	2	2	0	0	0	0	0	0	0	0	0	0	0	0	
NET1	505	0	0	0	0	0	0	2	2	0	0	2	0	4	5	6	4	4	0	0	0	0	0	0	0	0	0	0	0	0	
NET1	506	0	0	0	0	0	0	2	5	0	2	3	2	5	5	4	8	6	0	3	0	2	0	0	0	0	0	0	0	0	
NET1	507	0	0	0	0	0	0	2	5	0	2	3	2	5	5	4	8	6	0	3	0	2	0	0	0	0	0	0	0	0	
NET1	508	0	0	0	0	0	0	2	5	0	2	3	2	5	5	4	8	6	0	3	0	2	0	0	0	0	0	0	0	0	
NET1	509	0	0	0	0	0	0	2	5	0	2	3	2	5	5	4	8	6	0	3	0	2	0	0	0	0	0	0	0	0	
NET1	510	0	0	0	0	0	0	2	5	0	2	3	2	5	5	4	8	6	0	3	0	2	0	0	0	0	0	0	0	0	
NET1	511	0	0	0	0	0	0	2	5	0	2	3	2	5	5	4	8	6	0	3	0	2	0	0	0	0	0	0	0	0	
NET1	512	0	0	0	0	0	0	2	5	0	2	3	2	5	5	4	8	6	0	3	0	2	0	0	0	0	0	0	0	0	
NET1	513	0	0	0	0	0	0	2	5	0	2	3	2	5	5	4	8	6	0	3	0	2	0	0	0	0	0	0	0	0	
NET1	514	0	0	0	0	0	0	2	5	0	2	3	2	5	5	4	8	6	0	3	0	2	0	0	0	0	0	0	0	0	
NET1	515	0	0	0	0	0	0	2	5	0	2	3	2	5	5	4	8	6	0	3	0	2	0	0	0	0	0	0	0	0	
NET1	516	0	0	0	0	0	0	2	5	0	2	3	2	5	5	4	8	6	0	3	0	2	0	0	0	0	0	0	0	0	
NET1	517	0	0	0	0	0	0	2	5	0	2	3	2	5	5	4	8	6	0	3	0	2	0	0	0	0	0	0	0	0	
NET1	518	0	0	0	0	0	0	2	2	0	0	2	0	7	6	4	4	4	0	3	0	0	0	0	0	0	0	0	0	0	
NET1	519	0	0	0	0	0	0	0	2	0	0	4	0	9	5	4	0	2	0	5	0	0	0	0	0	0	0	0	0	0	
NET1	520	0	0	0	0	0	0	0	2	0	0	4	0	9	5	4	0	2	0	5	0	0	0	0	0	0	0	0	0	0	
NET1	521	0	0	0	0	0	0	0	2	0	0	4	0	9	5	4	0	2	0	5	0	0	0	0	0	0	0	0	0	0	
NET1	522	0	0	0	0	0	0	0	2	0	0	4	0	9	5	4	0	2	0	5	0	0	0	0	0	0	0	0	0	0	
NET1	523	0	0	0	0	0	0	0	2	0	0	4	0	9	5	4	0	2	0	5	0	0	0	0	0	0	0	0	0	0	
NET1	524	0	0	0	0	0	0	0	2	0	0	4	0	9	5	4	0	2	0	5	0	0	0	0	0	0	0	0	0	0	
NET1	525	0	0	0	0	0	0	0	2	0	0	4	0	9	5	4	0	2	0	5	0	0	0	0	0	0	0	0	0	0	
NET1	526	0	0	0	0	0	0	0	2	0	0	4	0	9	5	4	0	2	0	5	0	0	0	0	0	0	0	0	0	0	
NET1	527	0	0	0	0	0	0	0	2	0	0	4	0	9	5	4	0	2	0	5	0	0	0	0	0	0	0	0	0	0	
NET1	528	0	0	0	0	0	0	0	2	0	0	4	0	9	5	4	0	2	0	5	0	0	0	0	0	0	0	0	0	0	
NET1	529	0	0	0	0	0	0	0	2	0	0	4	0	9	5	4	0	2	0	5	0	0	0	0	0	0	0	0	0	0	
NET1	530	0	0	0	0	0	0	0	0	0	0	0	0	0	0	0	0	0	0	0	0	0	0	0	0	0	0	0	0	0	
NET1	531	0	0	0	0	0	0	0	0	0	0	0	0	0	0	0	0	0	0	0	0	0	0	0	0	0	0	0	0	0	
NET1	532	0	0	0	0	0	0	0	0	0	0	0	0	0	0	0	0	0	0	0	0	0	0	0	0	0	0	0	0	0	
NET1	533	0	0	0	0	0	0	0	0	0	0	0	0	0	0	0	0	0	0	0	0	0	0	0	0	0	0	0	0	0	
NET1	534	0	0	0	0	0	0	0	0	0	0	0	0	0	0	0	0	0	0	0	0	0	0	0	0	0	0	0	0	0	
NET1	535	0	0	0	0	0	0	0	0	0	0	0	0	0	0	0	0	0	0	0	0	0	0	0	0	0	0	0	0	0	
NET1	536	0	0	0	0	0	0	0	0	0	0	0	0	0	0	0	0	0	0	0	0	0	0	0	0	0	0	0	0	0	
NET1	537	0	0	0	0	0	0	0	0	0	0	0	0	0	0	0	0	0	0	0	0	0	0	0	0	0	0	0	0	0	
NET1	538	0	0	0	0	0	0	0	0	0	0	0	0	0	0	0	0	0	0	0	0	0	0	0	0	0	0	0	0	0	
NET1	539	0	0	0	0	0	0	0	0	0	0	0	0	0	0	0	0	0	0	0	0	0	0	0	0	0	0	0	0	0	
NET1	540	0	0	0	0	0	0	0	0	0	0	0	0	0	0	0	0	0	0	0	0	0	0	0	0	0	0	0	0	0	
NET1	541	0	0	0	0	0	0	0	0	0	0	0	0	0	0	0	0	0	0	0	0	0	0	0	0	0	0	0	0	0	
NET1	542	0	0	0	0	0	0	0	0	0	0	0	0	0	0	3	0	0	0	4	0	0	0	0	0	0	0	0	0	0	
NET1	543	0	0	0	0	0	0	0	0	0	0	0	0	0	0	3	0	0	0	4	0	0	0	0	0	0	0	0	0	0	
NET1	544	0	0	0	0	0	0	0	0	0	0	0	0	0	0	3	0	0	0	4	0	0	0	0	0	0	0	0	0	0	
NET1	545	0	0	0	0	0	0	0	0	0	0	0	0	0	0	3	0	0	0	4	0	0	0	0	0	0	0	0	0	0	
NET1	546	0	0	0	0	0	0	0	0	0	0	0	0	0	0	3	0	0	0	4	0	0	0	0	0	0	0	0	0	0	
NET1	547	0	0	0	0	0	0	0	0	0	0	0	0	0	0	3	0	0	0	4	0	0	0	0	0	0	0	0	0	0	
NET1	548	0	0	0	0	0	0	0	0	0	0	0	0	0	0	3	0	0	0	4	0	0	0	0	0	0	0	0	0	0	
NET1	549	0	0	0	0	0	0	0	0	0	0	0	0	0	0	3	0	0	0	4	0	0	0	0	0	0	0	0	0	0	
NET1	550	0	0	0	0	0	0	0	0	0	0	0	0	0	0	3	0	0	0	4	0	0	0	0	0	0	0	0	0	0	
NET1	551	0	0	0	0	0	0	0	0	0	0	0	0	0	0	3	0	0	0	4	0	0	0	0	0	0	0	0	0	0	
NET1	552	0	0	0	0	0	0	0	0	0	0	0	0	0	0	3	0	0	0	4	0	0	0	0	0	0	0	0	0	0	
NET1	553	0	0	0	0	0	0	0	0	0	0	0	0	0	0	3	0	0	0	4	0	0	0	0	0	0	0	0	0	0	
NET1	554	0	0	0	0	0	0	0	0	0	0	0	0	0	0	3	0	0	0	4	0	0	0	0	0	0	0	0	0	0	
NET1	555	0	0	0	0	0	0	0	0	0	0	0	0	0	0	3	0	0	0	4	0	0	0	0	0	0	0	0	0	0	
NET1	556	0	0	0	0	0	0	0	0	0	0	0	0	0	0	3	0	0	0	4	0	0	0	0	0	0	0	0	0	0	
NET1	557	0	0	0	0	0	0	0	0	0	0	0	0	0	0	3	0	0	0	4	0	0	0	0	0	0	0	0	0	0	
NET1	558	0	0	0	0	0	0	0	0	0	0	0	0	0	0	3	0	0	0	4	0	0	0	0	0	0	0	0	0	0	
NET1	559	0	0	0	0	0	0	0	0	0	0	0	0	0	0	3	0	0	0	4	0	0	0	0	0	0	0	0	0	0	
NET1	560	0	0	0	0	0	0	0	0	0	0	0	0	0	0	3	0	0	0	4	0	0	0	0	0	0	0	0	0	0	
NET1	561	0	0	0	0	0	0	0	0	0	0	0	0	0	0	0	0	0	0	0	0	0	0	0	0	0	0	0	0	0	
NET1	562	0	0	0	0	0	0	0	0	0	0	0	0	0	0	0	0	0	0	0	0	0	0	0	0	0	0	0	0	0	
NET1	563	0	0	0	0	0	0	0	0	0	0	0	0	0	0	0	0	0	0	0	0	0	0	0	0	0	0	0	0	0	
NET1	564	0	0	0	0	0	0	0	0	0	0	0	0	0	0	0	0	0	0	0	0	0	0	0	0	0	0	0	0	0	
NET1	565	0	0	0	0	0	0	0	0	0	0	0	0	0	0	0	0	0	0	0	0	0	0	0	0	0	0	0	0	0	
NET1	566	0	0	0	0	0	0	0	0	0	0	0	0	0	0	0	0	0	0	0	0	0	0	0	0	0	0	0	0	0	
NET1	567	0	0	0	0	0	0	0	0	0	0	0	0	0	0	0	0	0	0	0	0	0	0	0	0	0	0	0	0	0	
NET1	568	0	0	0	0	0	0	0	0	0	0	0	0	0	0	0	0	0	0	0	0	0	0	0	0	0	0	0	0	0	
NET1	569	0	0	0	0	0	0	0	0	0	0	0	0	0	0	0	0	0	0	0	0	0	0	0	0	0	0	0	0	0	
NET1	570	0	0	0	0	0	0	0	0	0	0	0	0	0	0	0	0	0	0	0	0	0	0	0	0	0	0	0	0	0	
NET1	571	0	0	0	0	0	0	0	0	0	0	0	0	0	0	0	0	0	0	0	0	0	0	0	0	0	0	0	0	0	
NET1	572	0	0	0	0	0	0	0	0	0	0	0	0	2	0	2	0	0	0	0	0	0	0	0	0	0	0	0	0	0	
NET1	573	0	0	0	0	0	0	0	0	0	0	0	0	2	0	2	0	0	0	0	0	0	0	0	0	0	0	0	0	0	
NET1	574	0	0	0	0	0	0	0	0	0	0	0	0	2	0	2	0	0	0	0	0	0	0	0	0	0	0	0	0	0	
NET1	575	0	0	0	0	0	0	0	0	0	0	0	0	2	0	2	0	0	0	0	0	0	0	0	0	0	0	0	0	0	
NET1	576	0	0	0	0	0	0	0	0	0	0	0	0	2	0	2	0	0	0	0	0	0	0	0	0	0	0	0	0	0	
NET1	577	0	0	0	0	0	0	0	0	0	0	0	0	2	0	2	0	0	0	0	0	0	0	0	0	0	0	0	0	0	
NET1	578	0	0	0	0	0	0	0	0	0	0	0	0	2	0	2	0	0	0	0	0	0	0	0	0	0	0	0	0	0	
NET1	579	0	0	0	0	0	0	0	0	0	0	0	0	2	0	2	0	0	0	0	0	0	0	0	0	0	0	0	0	0	
NET1	580	0	0	0	0	0	0	0	0	0	0	0	0	2	0	2	0	0	0	0	0	0	0	0	0	0	0	0	0	0	
NET1	581	0	0	0	0	0	0	0	0	0	0	0	0	2	0	2	0	0	0	0	0	0	0	0	0	0	0	0	0	0	
NET1	582	0	0	0	0	0	0	0	0	0	0	0	0	2	0	2	0	0	0	0	0	0	0	0	0	0	0	0	0	0	
NET1	583	0	0	0	0	0	0	0	0	0	0	0	0	2	0	2	0	0	0	0	0	0	0	0	0	0	0	0	0	0	
NET1	584	0	0	0	0	0	0	0	0	0	0	0	0	2	0	2	0	0	0	0	0	0	0	0	0	0	0	0	0	0	
NET1	585	0	0	0	0	0	0	0	0	0	0	0	0	2	0	2	0	0	0	0	0	0	0	0	0	0	0	0	0	0	
NET1	586	0	0	0	0	0	0	0	0	0	0	0	0	2	0	2	0	0	0	0	0	0	0	0	0	0	0	0	0	0	
NET1	587	0	0	0	0	0	0	0	0	0	0	0	0	2	0	2	0	0	0	0	0	0	0	0	0	0	0	0	0	0	
NET1	588	0	0	0	0	0	0	0	0	0	0	0	0	2	0	2	0	0	0	0	0	0	0	0	0	0	0	0	0	0	
NET1	589	0	0	0	0	0	0	0	0	0	0	0	0	2	0	2	0	0	0	0	0	0	0	0	0	0	0	0	0	0	
NET1	590	0	0	0	0	0	0	0	0	0	0	0	0	2	0	2	0	0	0	0	0	0	0	0	0	0	0	0	0	0	
NET1	591	0	0	0	0	0	0	0	0	0	0	0	0	2	0	2	0	0	0	0	0	0	0	0	0	0	0	0	0	0	
NET1	592	0	0	0	0	0	0	0	0	0	0	0	0	2	0	2	0	0	0	0	0	0	0	0	0	0	0	0	0	0	
NET1	593	0	0	0	0	0	0	0	0	0	0	0	0	2	0	2	0	0	0	0	0	0	0	0	0	0	0	0	0	0	
NET1	594	0	0	0	0	0	0	0	0	0	0	0	0	2	0	2	0	0	0	0	0	0	0	0	0	0	0	0	0	0	
NET1	595	0	0	0	0	0	0	0	0	0	0	0	0	2	0	2	0	0	0	0	0	0	0	0	0	0	0	0	0	0	
NET1	596	0	0	0	0	0	0	0	0	0	0	0	0	2	0	2	0	0	0	0	0	0	0	0	0	0	0	0	0	0	
NET1	597	0	0	0	0	0	0	0	0	0	0	0	0	2	0	2	0	0	0	0	0	0	0	0	0	0	0	0	0	0	
NET1	598	0	0	0	0	0	0	0	0	0	0	0	0	2	0	2	0	0	0	0	0	0	0	0	0	0	0	0	0	0	
NET1	599	0	0	0	0	0	0	0	0	0	0	0	0	2	0	2	0	0	0	0	0	0	0	0	0	0	0	0	0	0	
NET1	600	0	0	0	0	0	0	0	0	0	0	0	0	2	0	2	0	0	0	0	0	0	0	0	0	0	0	0	0	0	
NET1	601	0	0	0	0	0	0	0	0	0	0	0	0	2	0	2	0	0	0	0	0	0	0	0	0	0	0	0	0	0	
NET1	602	0	0	0	0	0	0	0	0	0	0	0	0	2	0	2	0	0	0	0	0	0	0	0	0	0	0	0	0	0	
NET1	603	0	0	0	0	0	0	0	0	0	0	0	0	2	0	2	0	0	0	0	0	0	0	0	0	0	0	0	0	0	
NET1	604	0	0	0	0	0	0	0	0	0	0	0	0	2	0	2	0	0	0	0	0	0	0	0	0	0	0	0	0	0	
NET1	605	0	0	0	0	0	0	0	0	0	0	0	0	2	0	2	0	0	0	0	0	0	0	0	0	0	0	0	0	0	
NET1	606	0	0	0	0	0	0	0	2	0	0	4	0	4	5	4	0	0	0	2	0	0	0	0	0	0	0	0	0	0	
NET1	607	0	0	0	0	0	0	0	2	0	0	4	0	4	5	4	0	0	0	2	0	0	0	0	0	0	0	0	0	0	
NET1	608	0	0	0	0	0	0	0	2	0	0	4	0	4	5	4	0	0	0	2	0	0	0	0	0	0	0	0	0	0	
NET1	609	0	0	0	0	0	0	0	2	0	0	4	0	4	5	4	0	0	0	2	0	0	0	0	0	0	0	0	0	0	
NET1	610	0	0	0	0	0	0	0	2	0	0	4	0	4	5	4	0	0	0	2	0	0	0	0	0	0	0	0	0	0	
NET1	611	0	0	0	0	0	0	0	2	0	0	4	0	4	5	4	0	0	0	2	0	0	0	0	0	0	0	0	0	0	
NET1	612	0	0	0	0	0	0	0	2	0	0	4	0	4	5	4	0	0	0	2	0	0	0	0	0	0	0	0	0	0	
NET1	613	0	0	0	0	0	0	0	2	0	0	4	0	4	5	4	0	0	0	2	0	0	0	0	0	0	0	0	0	0	
NET1	614	0	0	0	0	0	0	0	2	0	0	4	0	4	5	4	0	0	0	2	0	0	0	0	0	0	0	0	0	0	
NET1	615	0	0	0	0	0	0	0	2	0	0	4	0	4	5	4	0	0	0	2	0	0	0	0	0	0	0	0	0	0	
NET1	616	0	0	0	0	0	0	0	2	0	0	4	0	4	5	4	0	0	0	2	0	0	0	0	0	0	0	0	0	0	
NET1	617	0	0	0	0	0	0	0	2	0	0	4	0	4	5	4	0	0	0	2	0	0	0	0	0	0	0	0	0	0	
NET1	618	0	0	0	0	0	0	0	2	0	0	4	0	4	5	4	0	0	0	2	0	0	0	0	0	0	0	0	0	0	
NET1	619	0	0	0	0	0	0	0	0	0	0	2	0	2	3	2	0	0	0	0	0	0	0	0	0	0	0	0	0	0	
NET1	620	0	0	0	0	0	0	0	0	0	0	2	0	2	3	2	0	0	0	0	0	0	0	0	0	0	0	0	0	0	
NET1	621	0	0	0	0	0	0	0	0	0	0	2	0	2	3	2	0	0	0	0	0	0	0	0	0	0	0	0	0	0	
NET1	622	0	0	0	0	0	0	0	0	0	0	2	0	2	3	2	0	0	0	0	0	0	0	0	0	0	0	0	0	0	
NET1	623	0	0	0	0	0	0	0	0	0	0	2	0	2	3	2	0	0	0	0	0	0	0	0	0	0	0	0	0	0	
NET1	624	0	0	0	0	0	0	0	4	0	0	2	0	11	16	5	8	5	2	5	0	0	0	0	0	0	0	0	0	0	
NET1	625	0	0	0	0	0	0	0	4	0	0	2	0	11	16	5	8	5	2	5	0	0	0	0	0	0	0	0	0	0	
NET1	626	0	0	0	0	0	0	0	4	0	0	2	0	11	16	5	8	5	2	5	0	0	0	0	0	0	0	0	0	0	
NET1	627	0	0	0	0	0	0	0	4	0	0	2	0	11	16	5	8	5	2	5	0	0	0	0	0	0	0	0	0	0	
NET1	628	0	0	0	0	0	0	0	4	0	0	2	0	11	16	5	8	5	2	5	0	0	0	0	0	0	0	0	0	0	
NET1	629	0	0	0	0	0	0	0	4	0	0	2	0	11	16	5	8	5	2	5	0	0	0	0	0	0	0	0	0	0	
NET1	630	0	0	0	0	0	0	0	4	0	0	2	0	11	16	5	8	5	2	5	0	0	0	0	0	0	0	0	0	0	
NET1	631	0	0	0	0	0	0	0	4	0	0	2	0	11	16	5	8	5	2	5	0	0	0	0	0	0	0	0	0	0	
NET1	632	0	0	0	0	0	0	0	4	0	0	2	0	11	16	5	8	5	2	5	0	0	0	0	0	0	0	0	0	0	
NET1	633	0	0	0	0	0	0	0	4	0	0	2	0	11	16	5	8	5	2	5	0	0	0	0	0	0	0	0	0	0	
NET1	634	0	0	0	0	0	0	0	4	0	0	2	0	11	16	5	8	5	2	5	0	0	0	0	0	0	0	0	0	0	
NET1	635	0	0	0	0	0	0	0	4	0	0	2	0	11	16	5	8	5	2	5	0	0	0	0	0	0	0	0	0	0	
NET1	636	0	0	0	0	0	0	0	4	0	0	2	0	11	16	5	8	5	2	5	0	0	0	0	0	0	0	0	0	0	
NET1	637	0	0	0	0	0	0	0	4	0	0	2	0	11	16	5	8	5	2	5	0	0	0	0	0	0	0	0	0	0	
NET1	638	0	0	0	0	0	0	0	0	0	0	0	0	0	0	0	8	5	0	0	0	0	0	0	0	0	0	0	0	0	
NET1	639	0	0	0	0	0	0	0	0	0	0	0	0	0	0	0	8	5	0	0	0	0	0	0	0	0	0	0	0	0	
NET1	640	0	0	0	0	0	0	0	0	0	0	0	0	0	0	0	5	5	0	0	0	0	0	0	0	0	0	0	0	0	
NET1	641	0	0	0	0	0	0	0	0	0	0	0	0	0	0	0	5	5	0	0	0	0	0	0	0	0	0	0	0	0	
NET1	642	0	0	0	0	0	0	0	0	0	0	0	0	0	0	0	5	5	0	0	0	0	0	0	0	0	0	0	0	0	
NET1	643	0	0	0	0	0	0	0	0	0	0	0	0	0	4	2	2	4	0	0	0	0	0	0	0	0	0	0	0	0	
NET1	644	0	0	0	0	0	0	0	0	0	0	0	0	0	4	2	2	4	0	0	0	0	0	0	0	0	0	0	0	0	
NET1	645	0	0	0	0	0	0	0	0	0	0	0	0	0	4	2	2	4	0	0	0	0	0	0	0	0	0	0	0	0	
NET1	646	0	0	0	0	0	0	0	0	0	0	0	0	0	4	2	2	4	0	0	0	0	0	0	0	0	0	0	0	0	
NET1	647	0	0	0	0	0	0	0	0	0	0	0	0	0	4	2	2	4	0	0	0	0	0	0	0	0	0	0	0	0	
NET1	648	0	0	0	0	0	0	0	0	0	0	0	0	0	4	2	2	4	0	0	0	0	0	0	0	0	0	0	0	0	
NET1	649	0	0	0	0	0	0	0	0	0	0	0	0	0	6	4	7	4	0	2	0	0	0	0	0	0	2	0	0	4	
NET1	650	0	0	0	0	0	0	0	0	0	0	0	0	0	6	4	7	4	0	2	0	0	0	0	0	0	2	0	0	4	
NET1	651	0	0	0	0	0	0	0	0	0	0	0	0	0	6	4	7	4	0	2	0	0	0	0	0	0	2	0	0	4	
NET1	652	0	0	0	0	0	0	0	0	0	0	0	0	0	6	4	7	4	0	2	0	0	0	0	0	0	2	0	0	4	
NET1	653	0	0	0	0	0	0	0	0	0	0	0	0	0	6	4	7	4	0	2	0	0	0	0	0	0	2	0	0	4	
NET1	654	0	0	0	0	0	0	0	0	0	0	0	0	0	6	4	7	4	0	2	0	0	0	0	0	0	2	0	0	4	
NET1	655	0	0	0	0	0	0	0	0	0	0	0	0	0	6	4	7	4	0	2	0	0	0	0	0	0	2	0	0	4	
NET1	656	0	0	0	0	0	0	0	0	0	0	0	0	0	6	4	7	4	0	2	0	0	0	0	0	0	2	0	0	4	
NET1	657	0	0	0	0	0	0	0	0	0	0	0	0	0	6	4	7	4	0	2	0	0	0	0	0	0	2	0	0	4	
NET1	658	0	0	0	0	0	0	0	0	0	0	0	0	0	6	4	7	4	0	2	0	0	0	0	0	0	2	0	0	4	
NET1	659	0	0	0	0	0	0	0	0	0	0	0	0	0	6	4	7	4	0	2	0	0	0	0	0	0	2	0	0	4	
NET1	660	0	0	0	0	0	0	0	0	0	0	0	0	0	4	2	3	2	0	0	0	0	0	0	0	0	0	0	0	0	
NET1	661	0	0	0	0	0	0	0	0	0	0	0	0	0	4	2	3	2	0	0	0	0	0	0	0	0	0	0	0	0	
NET1	662	0	0	0	0	0	0	0	0	0	0	0	0	0	4	2	3	2	0	0	0	0	0	0	0	0	0	0	0	0	
NET1	663	0	0	0	0	0	0	0	0	0	0	0	0	0	4	2	3	2	0	0	0	0	0	0	0	0	0	0	0	0	
NET1	664	0	0	0	0	0	0	0	0	0	0	0	0	0	4	2	3	2	0	0	0	0	0	0	0	0	0	0	0	0	
NET1	665	0	0	0	0	0	0	0	0	0	0	0	0	0	4	2	3	2	0	0	0	0	0	0	0	0	0	0	0	0	
NET1	666	0	0	0	0	0	0	0	0	0	0	0	0	0	4	2	3	2	0	0	0	0	0	0	0	0	0	0	0	0	
NET1	667	0	0	0	0	0	0	0	0	0	0	0	0	0	4	2	3	2	0	0	0	0	0	0	0	0	0	0	0	0	
NET1	668	0	0	0	0	0	0	0	0	0	0	0	0	0	4	2	3	2	0	0	0	0	0	0	0	0	0	0	0	0	
NET1	669	0	0	0	0	0	0	0	0	0	0	0	0	0	4	2	3	2	0	0	0	0	0	0	0	0	0	0	0	0	
NET1	670	0	0	0	0	0	0	0	0	0	0	0	0	0	0	0	0	0	0	0	0	0	0	0	0	0	0	0	0	0	
NET1	671	0	0	0	0	0	0	0	0	0	0	0	0	0	0	0	0	0	0	0	0	0	0	0	0	0	0	0	0	0	
NET1	672	0	0	0	0	0	0	0	0	0	0	0	0	0	0	0	0	0	0	0	0	0	0	0	0	0	0	0	0	0	
NET1	673	0	0	0	0	0	0	0	0	0	0	0	0	0	0	0	0	0	0	0	0	0	0	0	0	0	0	0	0	0	
NET1	674	0	0	0	0	0	0	0	0	0	0	0	0	0	0	0	0	0	0	0	0	0	0	0	0	0	0	0	0	0	
NET1	675	0	0	0	0	0	0	0	0	0	0	0	0	0	0	0	0	0	0	0	0	0	0	0	0	0	0	0	0	0	
NET1	676	0	0	0	0	0	0	0	0	0	0	0	0	0	0	0	0	0	0	0	0	0	0	0	0	0	0	0	0	0	
NET1	677	0	0	0	0	0	0	0	0	0	0	0	0	0	0	0	0	0	0	0	0	0	0	0	0	0	0	0	0	0	
NET1	678	0	0	0	0	0	0	0	0	0	0	0	0	0	0	0	0	0	0	0	0	0	0	0	0	0	0	0	0	0	
NET1	679	0	0	0	0	0	0	0	0	0	0	2	0	0	0	0	0	0	0	0	0	0	0	0	0	0	0	0	0	0	
NET1	680	0	0	0	0	0	0	0	0	0	0	2	0	0	0	0	0	0	0	0	0	0	0	0	0	0	0	0	0	0	
NET1	681	0	0	0	0	0	0	0	0	0	0	2	0	0	0	0	0	0	0	0	0	0	0	0	0	0	0	0	0	0	
NET1	682	0	0	0	0	0	0	0	0	0	0	2	0	0	0	0	0	0	0	0	0	0	0	0	0	0	0	0	0	0	
NET1	683	0	0	0	0	0	0	0	2	0	0	2	0	0	0	0	0	0	0	0	0	0	0	0	0	0	2	0	0	0	
NET1	684	0	0	0	0	0	0	0	2	0	0	2	0	0	2	0	0	0	0	2	0	0	0	0	0	0	2	0	0	0	
NET1	685	0	0	0	0	0	0	0	2	0	0	2	0	0	2	0	0	0	0	2	0	0	0	0	0	0	2	0	0	0	
NET1	686	0	0	0	0	0	0	0	2	0	0	2	0	0	2	0	0	0	0	2	0	0	0	0	0	0	2	0	0	0	
NET1	687	0	0	0	0	0	0	0	2	0	0	2	0	0	2	0	0	0	0	2	0	0	0	0	0	0	2	0	0	0	
NET1	688	0	0	0	0	0	0	0	2	0	0	2	0	0	2	0	0	0	0	2	0	0	0	0	0	0	2	0	0	0	
NET1	689	0	0	0	0	0	0	0	2	0	0	2	0	0	2	0	0	0	0	2	0	0	0	0	0	0	2	0	0	0	
NET1	690	0	0	0	0	0	0	0	2	0	0	2	0	0	2	0	0	0	0	2	0	0	0	0	0	0	2	0	0	0	
NET1	691	0	0	0	0	0	0	0	2	0	0	2	0	0	2	0	0	0	0	2	0	0	0	0	0	0	2	0	0	0	
NET1	692	0	0	0	0	0	0	0	2	0	0	2	0	0	2	0	0	0	0	2	0	0	0	0	0	0	2	0	0	0	
NET1	693	0	0	0	0	0	0	0	0	0	0	0	0	0	0	0	0	0	0	0	0	0	0	0	0	0	0	0	0	0	
NET1	694	0	0	0	0	0	0	0	0	0	0	0	0	0	0	0	0	0	0	0	0	0	0	0	0	0	0	0	0	0	
NET1	695	0	0	0	0	0	0	0	0	0	0	0	0	0	0	0	0	0	0	0	0	0	0	0	0	0	0	0	0	0	
NET1	696	0	0	0	0	0	0	0	0	0	0	0	0	0	0	0	0	0	0	0	0	0	0	0	0	0	0	0	0	0	
NET1	697	0	0	0	0	0	0	0	0	0	0	0	0	0	0	0	0	0	0	0	0	0	0	0	0	0	0	0	0	0	
NET1	698	0	0	0	0	0	0	0	0	0	0	0	0	0	0	0	0	0	0	0	0	0	0	0	0	0	0	0	0	0	
NET1	699	0	0	0	0	0	0	0	0	0	0	0	0	0	0	0	0	0	0	0	0	0	0	0	0	0	0	0	0	0	
NET1	700	0	0	0	0	0	0	0	0	0	0	0	0	0	0	0	0	0	0	0	0	0	0	0	0	0	0	0	0	0	
NET1	701	0	0	0	0	0	0	0	0	0	0	0	0	0	0	0	0	0	0	0	0	0	0	0	0	0	0	0	0	0	
NET1	702	0	0	0	0	0	0	0	0	0	0	0	0	0	0	0	0	0	0	0	0	0	0	0	0	0	0	0	0	0	
NET1	703	0	0	0	0	0	0	0	0	0	0	0	0	0	0	0	0	0	0	0	0	0	0	0	0	0	0	0	0	0	
NET1	704	0	0	0	0	0	0	0	0	0	0	0	0	0	0	0	0	0	0	0	0	0	0	0	0	0	0	0	0	0	
NET1	705	0	0	0	0	0	0	0	0	0	0	0	0	0	0	0	0	0	0	0	0	0	0	0	0	0	0	0	0	0	
NET1	706	0	0	0	0	0	0	0	0	0	0	0	0	0	0	0	0	0	0	0	0	0	0	0	0	0	0	0	0	0	
NET1	707	0	0	0	0	0	0	0	0	0	0	0	0	0	0	0	0	0	0	0	0	0	0	0	0	0	0	0	0	0	
NET1	708	0	0	0	0	0	0	0	0	0	0	0	0	0	0	0	0	0	0	0	0	0	0	0	0	0	0	0	0	0	
NET1	709	0	0	0	0	0	0	0	0	0	0	0	0	0	0	0	0	0	0	0	0	0	0	0	0	0	0	0	0	0	
NET1	710	0	0	0	0	0	0	0	0	0	0	0	0	0	0	0	0	0	0	0	0	0	0	0	0	0	0	0	0	0	
NET1	711	0	0	0	0	0	0	0	0	0	0	0	0	0	0	0	0	0	0	0	0	0	0	0	0	0	0	0	0	0	
NET1	712	0	0	0	0	0	0	0	0	0	0	0	0	0	0	0	0	0	0	0	0	0	0	0	0	0	0	0	0	0	
NET1	713	0	0	0	0	0	0	0	0	0	0	0	0	0	0	0	0	0	0	0	0	0	0	0	0	0	0	0	0	0	
NET1	714	0	0	0	0	0	0	0	0	0	0	0	0	0	0	0	0	0	0	0	0	0	0	0	0	0	0	0	0	0	
NET1	715	0	0	0	0	0	0	0	0	0	0	0	0	0	0	0	0	0	0	0	0	0	0	0	0	0	0	0	0	0	
NET1	716	0	0	0	0	0	0	0	0	0	0	0	0	0	0	0	0	0	0	0	0	0	0	0	0	0	0	0	0	0	
NET1	717	0	0	0	0	0	0	0	0	0	0	0	0	0	0	0	0	0	0	0	0	0	0	0	0	0	0	0	0	0	
NET1	718	0	0	0	0	0	0	0	0	0	0	0	0	0	0	0	0	0	0	0	0	0	0	0	0	0	0	0	0	0	
NET1	719	0	0	0	0	0	0	0	0	0	0	0	0	0	0	0	0	0	0	0	0	0	0	0	0	0	0	0	0	0	
NET1	720	0	0	0	0	0	0	0	0	0	0	0	0	0	0	0	0	0	0	0	0	0	0	0	0	0	0	0	0	0	
NET1	721	0	0	0	0	0	0	0	0	0	0	0	0	0	0	0	0	0	0	0	0	0	0	0	0	0	0	0	0	0	
NET1	722	0	0	0	0	0	0	0	0	0	0	0	0	0	0	0	0	0	0	0	0	0	0	0	0	0	0	0	0	0	
NET1	723	0	0	0	0	0	0	0	0	0	0	0	0	0	0	0	0	0	0	0	0	0	0	0	0	0	0	0	0	0	
NET1	724	0	0	0	0	0	0	0	0	0	0	0	0	0	0	0	0	0	0	0	0	0	0	0	0	0	0	0	0	0	
NET1	725	0	0	0	0	0	0	0	0	0	0	0	0	0	0	0	0	0	0	0	0	0	0	0	0	0	0	0	0	0	
NET1	726	0	0	0	0	0	0	0	0	0	0	0	0	0	0	0	0	0	0	0	0	0	0	0	0	0	0	0	0	0	
NET1	727	0	0	0	0	0	0	0	0	0	0	0	0	0	0	0	0	0	0	0	0	0	0	0	0	0	0	0	0	0	
NET1	728	0	0	0	0	0	0	0	0	0	0	0	0	0	0	0	0	0	0	0	0	0	0	0	0	0	0	0	0	0	
NET1	729	0	0	0	0	0	0	0	0	0	0	0	0	0	0	0	0	0	0	0	0	0	0	0	0	0	0	0	0	0	
NET1	730	0	0	0	0	0	0	0	0	0	0	0	0	0	0	0	0	0	0	0	0	0	0	0	0	0	0	0	0	0	
NET1	731	0	0	0	0	0	0	0	0	0	0	0	0	0	0	0	0	0	0	0	0	0	0	0	0	0	0	0	0	0	
NET1	732	0	0	0	0	0	0	0	0	0	0	0	0	2	2	4	0	0	0	0	0	0	0	0	0	0	0	0	0	0	
NET1	733	0	0	0	0	0	0	0	0	0	0	0	0	2	2	4	0	0	0	0	0	0	0	0	0	0	0	0	0	0	
NET1	734	0	0	0	0	0	0	0	0	0	0	0	0	2	2	4	0	0	0	0	0	0	0	0	0	0	0	0	0	0	
NET1	735	0	0	0	0	0	0	0	0	0	0	0	0	2	2	4	0	0	0	0	0	0	0	0	0	0	0	0	0	0	
NET1	736	0	0	0	0	0	0	0	0	0	0	0	0	2	2	4	0	0	0	0	0	0	0	0	0	0	0	0	0	0	
NET1	737	0	0	0	0	0	0	0	0	0	0	0	0	2	2	4	0	0	0	0	0	0	0	0	0	0	0	0	0	0	
NET1	738	0	0	0	0	0	0	0	0	0	0	0	0	2	2	4	0	0	0	0	0	0	0	0	0	0	0	0	0	0	
NET1	739	0	0	0	0	0	0	0	0	0	0	0	0	2	2	4	0	0	0	0	0	0	0	0	0	0	0	0	0	0	
NET1	740	0	0	0	0	0	0	0	0	0	0	0	0	2	2	4	0	0	0	0	0	0	0	0	0	0	0	0	0	0	
NET1	741	0	0	0	0	0	0	0	0	0	0	0	0	2	2	4	0	0	0	0	0	0	0	0	0	0	0	0	0	0	
NET1	742	0	0	0	0	0	0	0	0	0	0	0	0	5	5	5	2	3	0	0	0	0	0	0	0	0	0	0	0	0	
NET1	743	0	0	0	0	0	0	0	0	0	0	0	0	5	5	5	2	3	0	0	0	0	0	0	0	0	0	0	0	0	
NET1	744	0	0	0	0	0	0	0	0	0	0	0	0	5	5	5	2	3	0	0	0	0	0	0	0	0	0	0	0	0	
NET1	745	0	0	0	0	0	0	0	0	0	0	0	0	5	5	5	2	3	0	0	0	0	0	0	0	0	0	0	0	0	
NET1	746	0	0	0	0	0	0	0	0	0	0	0	0	5	5	5	2	3	0	0	0	0	0	0	0	0	0	0	0	0	
NET1	747	0	0	0	0	0	0	0	0	0	0	0	0	5	5	5	2	3	0	0	0	0	0	0	0	0	0	0	0	0	
NET1	748	0	0	0	0	0	0	0	0	0	0	0	0	5	5	5	2	3	0	0	0	0	0	0	0	0	0	0	0	0	
NET1	749	0	0	0	0	0	0	0	0	0	0	0	0	5	5	5	2	3	0	0	0	0	0	0	0	0	0	0	0	0	
NET1	750	0	0	0	0	0	0	0	0	0	0	0	0	0	3	3	2	3	0	0	0	0	0	0	0	0	0	0	0	0	
NET1	751	0	0	0	0	0	0	0	0	0	0	0	0	0	3	3	2	3	0	0	0	0	0	0	0	0	0	0	0	0	
NET1	752	0	0	0	0	0	0	0	0	0	0	0	0	0	3	3	2	3	0	0	0	0	0	0	0	0	0	0	0	0	
NET1	753	0	0	0	0	0	0	0	0	0	0	0	0	0	3	3	2	3	0	0	0	0	0	0	0	0	0	0	0	0	
NET1	754	0	0	0	0	0	0	0	0	0	0	0	0	0	3	3	2	3	0	0	0	0	0	0	0	0	0	0	0	0	
NET1	755	0	0	0	0	0	0	0	0	0	0	0	0	0	3	3	2	3	0	0	0	0	0	0	0	0	0	0	0	0	
NET1	756	0	0	0	0	0	0	0	0	0	0	0	0	0	3	3	2	3	0	0	0	0	0	0	0	0	0	0	0	0	
NET1	757	0	0	0	0	0	0	0	0	0	0	0	0	0	3	3	2	3	0	0	0	0	0	0	0	0	0	0	0	0	
NET1	758	0	0	0	0	0	0	0	0	0	0	0	0	0	3	3	2	3	0	0	0	0	0	0	0	0	0	0	0	0	
NET1	759	0	0	0	0	0	0	0	0	0	0	0	0	0	3	3	2	3	0	0	0	0	0	0	0	0	0	0	0	0	
NET1	760	0	0	0	0	0	0	0	2	0	0	0	0	2	2	2	2	0	0	0	0	0	0	0	0	0	0	0	0	0	
NET1	761	0	0	0	0	0	0	0	2	0	0	0	0	2	2	2	2	0	0	0	0	0	0	0	0	0	0	0	0	0	
NET1	762	0	0	0	0	0	0	0	2	0	0	0	0	2	2	2	2	0	0	0	0	0	0	0	0	0	0	0	0	0	
NET1	763	0	0	0	0	0	0	0	2	0	0	0	0	2	2	2	2	0	0	0	0	0	0	0	0	0	0	0	0	0	
NET1	764	0	0	0	0	0	0	0	2	0	0	0	0	2	2	2	2	0	0	0	0	0	0	0	0	0	0	0	0	0	
NET1	765	0	0	0	0	0	0	0	2	0	0	0	0	2	2	2	2	0	0	0	0	0	0	0	0	0	0	0	0	0	
NET1	766	0	0	0	0	0	0	0	2	0	0	0	0	2	2	2	2	0	0	0	0	0	0	0	0	0	0	0	0	0	
NET1	767	0	0	0	0	0	0	0	2	0	0	0	0	2	2	2	2	0	0	0	0	0	0	0	0	0	0	0	0	0	
NET1	768	0	0	0	0	0	0	0	2	0	0	0	0	2	2	2	2	0	0	0	0	0	0	0	0	0	0	0	0	0	
NET1	769	0	0	0	0	0	0	0	2	0	0	0	0	2	2	2	2	0	0	0	0	0	0	0	0	0	0	0	0	0	
NET1	770	0	0	0	0	0	0	0	0	0	0	0	0	0	0	0	0	0	0	0	0	0	0	0	0	0	0	0	0	0	
NET1	771	0	0	0	0	0	0	0	0	0	0	0	0	0	0	0	0	0	0	0	0	0	0	0	0	0	0	0	0	0	
NET1	772	0	0	0	0	0	0	0	0	0	0	0	0	0	0	0	0	0	0	0	0	0	0	0	0	0	0	0	0	0	
NET1	773	0	0	0	0	0	0	0	0	0	0	0	0	0	0	0	0	0	0	0	0	0	0	0	0	0	0	0	0	0	
NET1	774	0	0	0	0	0	0	0	0	0	0	0	0	0	0	0	0	0	0	0	0	0	0	0	0	0	0	0	0	0	
NET1	775	0	0	0	0	0	0	0	0	0	0	0	0	0	0	0	0	0	0	0	0	0	0	0	0	0	0	0	0	0	
NET1	776	0	0	0	0	0	0	0	0	0	0	0	0	0	0	0	0	0	0	0	0	0	0	0	0	0	0	0	0	0	
NET1	777	0	0	0	0	0	0	0	0	0	0	0	0	0	0	0	0	0	0	0	0	0	0	0	0	0	0	0	0	0	
NET1	778	0	0	0	0	0	0	0	0	0	0	0	0	0	4	0	0	0	0	0	0	0	0	0	0	0	0	0	0	0	
NET1	779	0	0	0	0	0	0	0	0	0	0	0	0	0	6	0	0	0	0	0	0	0	0	0	0	0	0	0	0	0	
NET1	780	0	0	0	0	0	0	0	0	0	0	0	0	0	6	0	0	0	0	0	0	0	0	0	0	0	0	0	0	0	
NET1	781	0	0	0	0	0	0	0	0	0	0	0	0	0	6	0	0	0	0	0	0	0	0	0	0	0	0	0	0	0	
NET1	782	0	0	0	0	0	0	0	0	0	0	0	0	0	6	0	0	0	0	0	0	0	0	0	0	0	0	0	0	0	
NET1	783	0	0	0	0	0	0	0	0	0	0	0	0	0	6	0	0	0	0	0	0	0	0	0	0	0	0	0	0	0	
NET1	784	0	0	0	0	0	0	0	0	0	0	0	0	0	6	0	0	0	0	0	0	0	0	0	0	0	0	0	0	0	
NET1	785	0	0	0	0	0	0	0	0	0	0	0	0	0	6	0	0	0	0	0	0	0	0	0	0	0	0	0	0	0	
NET1	786	0	0	0	0	0	0	0	0	0	0	0	0	0	6	0	0	0	0	0	0	0	0	0	0	0	0	0	0	0	
NET1	787	0	0	0	0	0	0	0	0	0	0	0	0	0	6	0	0	0	0	0	0	0	0	0	0	0	0	0	0	0	
NET1	788	0	0	0	0	0	0	0	0	0	0	0	0	0	6	0	0	0	0	0	0	0	0	0	0	0	0	0	0	0	
NET1	789	0	0	0	0	0	0	0	0	0	0	0	0	0	6	0	0	0	0	0	0	0	0	0	0	0	0	0	0	0	
NET1	790	0	0	0	0	0	0	0	0	0	0	0	0	0	6	0	0	0	0	0	0	0	0	0	0	0	0	0	0	0	
NET1	791	0	0	0	0	0	0	0	0	0	0	0	0	0	4	0	0	0	0	0	0	0	0	0	0	0	0	0	0	0	
NET1	792	0	0	0	0	0	0	0	0	0	0	0	0	0	4	0	0	0	0	0	0	0	0	0	0	0	0	0	0	0	
NET1	793	0	0	0	0	0	0	0	0	0	0	0	0	0	4	0	0	0	0	0	0	0	0	0	0	0	0	0	0	0	
NET1	794	0	0	0	0	0	0	0	0	0	0	0	0	0	4	0	0	0	0	0	0	0	0	0	0	0	0	0	0	0	
NET1	795	0	0	0	0	0	0	0	0	0	0	0	0	0	4	0	0	0	0	0	0	0	0	0	0	0	0	0	0	0	
NET1	796	0	0	0	0	0	0	0	0	0	0	0	0	0	4	0	0	0	0	0	0	0	0	0	0	0	0	0	0	0	
NET1	797	0	0	0	0	0	0	0	0	0	0	0	0	0	4	0	0	0	0	0	0	0	0	0	0	0	0	0	0	0	
NET1	798	0	0	0	0	0	0	0	2	0	0	0	0	0	2	0	2	0	0	0	0	0	0	0	0	0	0	0	0	0	
NET1	799	0	0	0	0	0	0	0	2	0	0	0	0	0	2	0	2	0	0	0	0	0	0	0	0	0	0	0	0	0	
NET1	800	0	0	0	0	0	0	0	2	0	0	0	0	0	2	0	2	0	0	0	0	0	0	0	0	0	0	0	0	0	
NET1	801	0	0	0	0	0	0	0	2	0	0	0	0	0	2	0	2	0	0	0	0	0	0	0	0	0	0	0	0	0	
NET1	802	0	0	0	0	0	0	0	2	0	0	0	0	0	2	0	2	0	0	0	0	0	0	0	0	0	0	0	0	0	
NET1	803	0	0	0	0	0	0	0	2	0	0	0	0	0	2	0	2	0	0	0	0	0	0	0	0	0	0	0	0	0	
NET1	804	0	0	0	0	0	0	0	2	0	0	0	0	0	2	0	2	0	0	0	0	0	0	0	0	0	0	0	0	0	
NET1	805	0	0	0	0	0	0	0	2	0	0	0	0	0	2	0	2	0	0	0	0	0	0	0	0	0	0	0	0	0	
NET1	806	0	0	0	0	0	0	0	2	0	0	0	0	0	2	0	2	0	0	0	0	0	0	0	0	0	0	0	0	0	
NET1	807	0	0	0	0	0	0	0	2	0	0	0	0	0	2	0	2	0	0	0	0	0	0	0	0	0	0	0	0	0	
NET1	808	0	0	0	0	0	0	0	2	0	0	0	0	0	2	0	2	0	0	0	0	0	0	0	0	0	0	0	0	0	
NET1	809	0	0	0	0	0	0	0	2	0	0	0	0	0	2	0	2	0	0	0	0	0	0	0	0	0	0	0	0	0	
NET1	810	0	0	0	0	0	0	0	2	0	0	0	0	0	2	0	2	0	0	0	0	0	0	0	0	0	0	0	0	0	
NET1	811	0	0	0	0	0	0	0	2	0	0	0	0	0	2	0	2	0	0	0	0	0	0	0	0	0	0	0	0	0	
NET1	812	0	0	0	0	0	0	0	2	0	0	0	0	0	2	0	2	0	0	0	0	0	0	0	0	0	0	0	0	0	
NET1	813	0	0	0	0	0	0	0	0	0	0	0	0	0	0	0	0	0	0	0	0	0	0	0	0	0	0	0	0	0	
NET1	814	0	0	0	0	0	0	0	0	0	0	0	0	0	0	0	0	0	0	0	0	0	0	0	0	0	0	0	0	0	
NET1	815	0	0	0	0	0	0	0	0	0	0	0	0	0	0	0	0	0	0	0	0	0	0	0	0	0	0	0	0	0	
NET1	816	0	0	0	0	0	0	0	0	0	0	0	0	0	0	0	0	0	0	0	0	0	0	0	0	0	0	0	0	0	
NET1	817	0	0	0	0	0	0	0	0	0	0	0	0	0	0	0	0	0	0	0	0	0	0	0	0	0	0	0	0	0	
NET1	818	0	0	0	0	0	0	0	0	0	0	0	0	0	0	0	0	0	0	0	0	0	0	0	0	0	0	0	0	0	
NET1	819	0	0	0	0	0	0	0	0	0	0	0	0	0	0	0	0	0	0	0	0	0	0	0	0	0	0	0	0	0	
NET1	820	0	0	0	0	0	0	0	0	0	0	0	0	0	0	0	0	0	0	0	0	0	0	0	0	0	0	0	0	0	
NET1	821	0	0	0	0	0	0	0	0	0	0	0	0	0	0	0	0	0	0	0	0	0	0	0	0	0	0	0	0	0	
NET1	822	0	0	0	0	0	0	0	0	0	0	0	0	0	0	0	0	0	0	0	0	0	0	0	0	0	0	0	0	0	
NET1	823	0	0	0	0	0	0	0	0	0	0	0	0	0	0	0	0	0	0	0	0	0	0	0	0	0	0	0	0	0	
NET1	824	0	0	0	0	0	0	0	0	0	0	0	0	0	0	0	0	0	0	0	0	0	0	0	0	0	0	0	0	0	
NET1	825	0	0	0	0	0	0	0	0	0	0	0	0	0	0	0	0	0	0	0	0	0	0	0	0	0	0	0	0	0	
NET1	826	0	0	0	0	0	0	0	0	0	0	0	0	0	0	0	0	0	0	0	0	0	0	0	0	0	0	0	0	0	
NET1	827	0	0	0	0	0	0	0	0	0	0	0	0	0	0	0	0	0	0	0	0	0	0	0	0	0	0	0	0	0	
NET1	828	0	0	0	0	0	0	0	0	0	0	0	0	0	0	0	0	0	0	0	0	0	0	0	0	0	0	0	0	0	
NET1	829	0	0	0	0	0	0	0	0	0	0	0	0	0	0	0	0	0	0	0	0	0	0	0	0	0	0	0	0	0	
NET1	830	0	0	0	0	0	0	0	0	0	0	0	0	0	0	0	0	0	0	0	0	0	0	0	0	0	0	0	0	0	
NET1	831	0	0	0	0	0	0	0	0	0	0	0	0	0	0	0	0	0	0	0	0	0	0	0	0	0	0	0	0	0	
NET1	832	0	0	0	0	0	0	0	0	0	0	0	0	0	0	0	0	0	0	0	0	0	0	0	0	0	0	0	0	0	
NET1	833	0	0	0	0	0	0	0	0	0	0	0	0	0	0	0	0	0	0	0	0	0	0	0	0	0	0	0	0	0	
NET1	834	0	0	0	0	0	0	0	0	0	0	0	0	0	0	0	0	0	0	0	0	0	0	0	0	0	0	0	0	0	
NET1	835	0	0	0	0	0	0	0	0	0	0	0	0	0	0	0	0	0	0	0	0	0	0	0	0	0	0	0	0	0	
NET1	836	0	0	0	0	0	0	0	0	0	0	0	0	0	0	0	0	0	0	0	0	0	0	0	0	0	0	0	0	0	
NET1	837	0	0	0	0	0	0	0	2	2	0	2	0	4	2	4	2	4	0	0	0	0	0	0	0	2	0	0	0	0	
NET1	838	0	0	0	0	0	0	0	2	2	0	2	0	4	2	4	2	4	0	0	0	0	0	0	0	2	0	0	0	0	
NET1	839	0	0	0	0	0	0	0	2	2	0	2	0	4	2	4	2	4	0	0	0	0	0	0	0	2	0	0	0	0	
NET1	840	0	0	0	0	0	0	0	2	2	0	2	0	4	2	4	2	4	0	0	0	0	0	0	0	2	0	0	0	0	
NET1	841	0	0	0	0	0	0	0	2	2	0	2	0	4	2	4	2	4	0	0	0	0	0	0	0	2	0	0	0	0	
NET1	842	0	0	0	0	0	0	0	2	2	0	2	0	4	2	4	2	4	0	0	0	0	0	0	0	2	0	0	0	0	
NET1	843	0	0	0	0	0	0	0	2	2	0	2	0	4	2	4	2	4	0	0	0	0	0	0	0	2	0	0	0	0	
NET1	844	0	0	0	0	0	0	0	2	2	0	2	0	4	2	4	2	4	0	0	0	0	0	0	0	2	0	0	0	0	
NET1	845	0	0	0	0	0	0	0	2	2	0	2	0	4	2	4	2	4	0	0	0	0	0	0	0	2	0	0	0	0	
NET1	846	0	0	0	0	0	0	0	2	2	0	2	0	4	2	4	2	4	0	0	0	0	0	0	0	2	0	0	0	0	
NET1	847	0	0	0	0	0	0	0	2	2	0	2	0	4	2	4	2	4	0	0	0	0	0	0	0	2	0	0	0	0	
NET1	848	0	0	0	0	0	0	0	2	2	0	2	0	4	2	4	2	4	0	0	0	0	0	0	0	2	0	0	0	0	
NET1	849	0	0	0	0	0	0	0	0	0	0	0	0	0	2	0	0	2	0	0	0	0	0	0	0	0	0	0	0	0	
NET1	850	0	0	0	0	0	0	0	0	0	0	0	0	0	2	0	0	2	0	0	0	0	0	0	0	0	0	0	0	0	
NET1	851	0	0	0	0	0	0	0	0	0	0	0	0	0	2	0	0	2	0	0	0	0	0	0	0	0	0	0	0	0	
NET1	852	0	0	0	0	0	0	0	0	0	0	0	0	0	2	0	0	0	0	0	0	0	0	0	0	0	0	0	0	0	
NET1	853	0	0	0	0	0	0	0	0	0	0	0	0	0	2	0	0	0	0	0	0	0	0	0	0	0	0	0	0	0	
NET1	854	0	0	0	0	0	0	0	0	0	0	0	0	2	7	2	0	0	0	0	0	0	0	0	0	0	0	0	0	0	
NET1	855	0	0	0	0	0	0	0	0	0	0	0	0	2	7	2	0	0	0	0	0	0	0	0	0	0	0	0	0	0	
NET1	856	0	0	0	0	0	0	0	0	0	0	0	0	2	7	2	2	2	0	0	0	0	0	0	0	0	0	0	0	0	
NET1	857	0	0	0	0	0	0	0	0	0	0	0	0	2	7	2	2	2	0	0	0	0	0	0	0	0	0	0	0	0	
NET1	858	0	0	0	0	0	0	0	0	0	0	0	0	2	7	2	2	2	0	0	0	0	0	0	0	0	0	0	0	0	
NET1	859	0	0	0	0	0	0	0	0	0	0	0	0	2	7	2	2	2	0	0	0	0	0	0	0	0	0	0	0	0	
NET1	860	0	0	0	0	0	0	0	0	0	0	0	0	2	7	2	2	2	0	0	0	0	0	0	0	0	0	0	0	0	
NET1	861	0	0	0	0	0	0	0	0	0	0	0	0	2	7	2	2	2	0	0	0	0	0	0	0	0	0	0	0	0	
NET1	862	0	0	0	0	0	0	0	0	0	0	0	0	2	7	2	2	2	0	0	0	0	0	0	0	0	0	0	0	0	
NET1	863	0	0	0	0	0	0	0	0	0	0	0	0	2	7	2	2	2	0	0	0	0	0	0	0	0	0	0	0	0	
NET1	864	0	0	0	0	0	0	0	0	0	0	0	0	0	3	0	2	2	0	0	0	0	0	0	0	0	0	0	0	0	
NET1	865	0	0	0	0	0	0	0	0	0	0	0	0	0	3	0	2	2	0	0	0	0	0	0	0	0	0	0	0	0	
NET1	866	0	0	0	0	0	0	0	0	0	0	0	0	0	3	0	2	2	0	0	0	0	0	0	0	0	0	0	0	0	
NET1	867	0	0	0	0	0	0	0	0	0	0	0	0	0	0	0	2	2	0	0	0	0	0	0	0	0	0	0	0	0	
NET1	868	0	0	0	0	0	0	0	0	0	0	0	0	0	0	0	2	2	0	0	0	0	0	0	0	0	0	0	0	0	
NET1	869	0	0	0	0	0	0	0	0	0	0	0	0	0	0	0	2	2	0	0	0	0	0	0	0	0	0	0	0	0	
NET1	870	0	0	0	0	0	0	0	0	0	0	0	0	0	0	0	2	2	0	0	0	0	0	0	0	0	0	0	0	0	
NET1	871	0	0	0	0	0	0	0	0	0	0	0	0	0	0	0	2	2	0	0	0	0	0	0	0	0	0	0	0	0	
NET1	872	0	0	0	0	0	0	0	0	0	0	0	0	0	5	0	2	0	0	0	0	0	0	0	0	0	0	0	0	0	
NET1	873	0	0	0	0	0	0	0	0	0	0	0	0	0	5	0	2	0	0	0	0	0	0	0	0	0	0	0	0	0	
NET1	874	0	0	0	0	0	0	0	0	0	0	0	0	0	5	0	2	0	0	0	0	0	0	0	0	0	0	0	0	0	
NET1	875	0	0	0	0	0	0	0	0	0	0	0	0	0	5	0	2	0	0	0	0	0	0	0	0	0	0	0	0	0	
NET1	876	0	0	0	0	0	0	0	0	0	0	0	0	0	5	0	2	0	0	0	0	0	0	0	0	0	0	0	0	0	
NET1	877	0	0	0	0	0	0	0	0	0	0	0	0	0	5	0	2	0	0	3	0	0	0	0	0	0	0	0	0	0	
NET1	878	0	0	0	0	0	0	0	0	0	0	0	0	0	5	0	2	0	0	3	0	0	0	0	0	0	0	0	0	0	
NET1	879	0	0	0	0	0	0	0	0	0	0	0	0	0	5	0	2	0	0	3	0	0	0	0	0	0	0	0	0	0	
NET1	880	0	0	0	0	0	0	0	0	0	0	0	0	0	5	0	2	0	0	3	0	0	0	0	0	0	0	0	0	0	
NET1	881	0	0	0	0	0	0	0	0	0	0	0	0	0	5	0	2	0	0	3	0	0	0	0	0	0	0	0	0	0	
NET1	882	0	0	0	0	0	0	0	0	0	0	0	0	0	5	0	2	0	0	3	0	0	0	0	0	0	0	0	0	0	
NET1	883	0	0	0	0	0	0	0	0	0	0	0	0	0	5	0	2	0	0	3	0	0	0	0	0	0	0	0	0	0	
NET1	884	0	0	0	0	0	0	0	0	0	0	0	0	0	5	0	2	0	0	3	0	0	0	0	0	0	0	0	0	0	
NET1	885	0	0	0	0	0	0	0	0	0	0	0	0	0	5	0	2	0	0	3	0	0	0	0	0	0	0	0	0	0	
NET1	886	0	0	0	0	0	0	0	0	0	0	0	0	0	5	0	2	0	0	3	0	0	0	0	0	0	0	0	0	0	
NET1	887	0	0	0	0	0	0	0	0	0	0	0	0	0	5	0	2	0	0	3	0	0	0	0	0	0	0	0	0	0	
NET1	888	0	0	0	0	0	0	0	0	0	0	0	0	0	2	0	0	0	0	0	0	0	0	0	0	0	0	0	0	0	
NET1	889	0	0	0	0	0	0	0	0	0	0	0	0	0	0	0	0	0	0	0	0	0	0	0	0	0	0	0	0	0	
NET1	890	0	0	0	0	0	0	0	0	0	0	0	0	0	0	0	0	0	0	0	0	0	0	0	0	0	0	0	0	0	
NET1	891	0	0	0	0	0	0	0	0	0	0	0	0	0	0	0	0	0	0	0	0	0	0	0	0	0	0	0	0	0	
NET1	892	0	0	0	0	0	0	0	0	0	0	0	0	0	0	0	0	0	0	0	0	0	0	0	0	0	0	0	0	0	
NET1	893	0	0	0	0	0	0	0	0	0	0	0	0	0	0	0	0	0	0	0	0	0	0	0	0	0	0	0	0	0	
NET1	894	0	0	0	0	0	0	0	0	0	0	0	0	0	0	0	0	0	0	0	0	0	0	0	0	0	0	0	0	0	
NET1	895	0	0	0	0	0	0	0	0	0	0	0	0	0	0	0	0	0	0	0	0	0	0	0	0	0	0	0	0	0	
NET1	896	0	0	0	0	0	0	0	0	0	0	0	0	0	0	0	0	0	0	0	0	0	0	0	0	0	0	0	0	0	
NET1	897	0	0	0	0	0	0	0	0	0	0	0	0	0	0	0	0	0	0	0	0	0	0	0	0	0	0	0	0	0	
NET1	898	0	0	0	0	0	0	0	0	0	0	0	0	2	0	2	0	0	0	0	0	0	0	0	0	0	0	0	0	0	
NET1	899	0	0	0	0	0	0	0	0	0	0	0	0	2	0	2	0	0	0	0	0	0	0	0	0	0	0	0	0	0	
NET1	900	0	0	0	0	0	0	0	0	0	0	0	0	2	0	2	0	0	0	0	0	0	0	0	0	0	0	0	0	0	
NET1	901	0	0	0	0	0	0	0	0	0	0	0	0	2	0	2	0	0	0	0	0	0	0	0	0	0	0	0	0	0	
NET1	902	0	0	0	0	0	0	0	0	0	0	0	0	2	0	2	0	0	0	0	0	0	0	0	0	0	0	0	0	0	
NET1	903	0	0	0	0	0	0	0	0	0	0	0	0	2	0	2	0	0	0	0	0	0	0	0	0	0	0	0	0	0	
NET1	904	0	0	0	0	0	0	0	0	0	0	0	0	2	0	2	0	0	0	0	0	0	0	0	0	0	0	0	0	0	
NET1	905	0	0	0	0	0	0	0	0	0	0	0	0	2	0	2	0	0	0	0	0	0	0	0	0	0	0	0	0	0	
NET1	906	0	0	0	0	0	0	0	0	0	0	0	0	2	0	2	0	0	0	0	0	0	0	0	0	0	0	0	0	0	
NET1	907	0	0	0	0	0	0	0	0	0	0	0	0	2	0	2	0	0	0	0	0	0	0	0	0	0	0	0	0	0	
NET1	908	0	0	0	0	0	0	0	0	0	0	0	0	2	0	2	0	0	0	0	0	0	0	0	0	0	0	0	0	0	
NET1	909	0	0	0	0	0	0	0	0	0	0	0	0	2	0	2	0	0	0	0	0	0	0	0	0	0	0	0	0	0	
NET1	910	0	0	0	0	0	0	0	0	0	0	0	0	2	0	2	0	0	0	0	0	0	0	0	0	0	0	0	0	0	
NET1	911	0	0	0	0	0	0	0	0	0	0	0	0	2	0	2	0	0	0	0	0	0	0	0	0	0	0	0	0	0	
NET1	912	0	0	0	0	0	0	0	0	0	0	0	0	2	0	2	0	0	0	0	0	0	0	0	0	0	0	0	0	0	
NET1	913	0	0	0	0	0	0	0	0	0	0	0	0	0	0	0	0	0	0	0	0	0	0	0	0	0	0	0	0	0	
NET1	914	0	0	0	0	0	0	0	0	0	0	0	0	0	0	0	0	0	0	0	0	0	0	0	0	0	0	0	0	0	
NET1	915	0	0	0	0	0	0	0	0	0	0	0	0	0	0	0	0	0	0	0	0	0	0	0	0	0	0	0	0	0	
NET1	916	0	0	0	0	0	0	0	0	0	0	0	0	0	0	0	0	0	0	0	0	0	0	0	0	0	0	0	0	0	
NET1	917	0	0	0	0	0	0	0	0	0	0	0	0	0	0	0	0	0	0	0	0	0	0	0	0	0	0	0	0	0	
NET1	918	0	0	0	0	0	0	0	0	0	0	0	0	0	0	0	0	0	0	0	0	0	0	0	0	0	0	0	0	0	
NET1	919	0	0	0	0	0	0	0	0	0	0	0	0	0	0	0	0	0	0	0	0	0	0	0	0	0	0	0	0	0	
NET1	920	0	0	0	0	0	0	0	0	0	0	0	0	0	0	0	0	0	0	0	0	0	0	0	0	0	0	0	0	0	
NET1	921	0	0	0	0	0	0	0	0	0	0	0	0	0	0	0	0	0	0	0	0	0	0	0	0	0	0	0	0	0	
NET1	922	0	0	0	0	0	0	0	0	0	0	0	0	0	0	0	0	0	0	0	0	0	0	0	0	0	0	0	0	0	
NET1	923	0	0	0	0	0	0	0	0	0	0	0	0	0	0	0	0	0	0	0	0	0	0	0	0	0	0	0	0	0	
NET1	924	0	0	0	0	0	0	0	0	0	0	0	0	0	0	0	0	0	0	0	0	0	0	0	0	0	0	0	0	0	
NET1	925	0	0	0	0	0	0	0	0	0	0	0	0	0	0	0	0	0	0	0	0	0	0	0	0	0	0	0	0	0	
NET1	926	0	0	0	0	0	0	0	0	0	0	0	0	0	0	0	0	0	0	0	0	0	0	0	0	0	0	0	0	0	
NET1	927	0	0	0	0	0	0	0	0	0	0	0	0	0	0	0	0	0	0	0	0	0	0	0	0	0	0	0	0	0	
NET1	928	0	0	0	0	0	0	0	0	0	0	0	0	0	0	0	0	0	0	0	0	0	0	0	0	0	0	0	0	0	
NET1	929	0	0	0	0	0	0	0	0	0	0	0	0	0	0	0	0	0	0	0	0	0	0	0	0	0	0	0	0	0	
NET1	930	0	0	0	0	0	0	0	0	0	0	0	0	0	0	0	0	0	0	0	0	0	0	0	0	0	0	0	0	0	
NET1	931	0	0	0	0	0	0	0	0	0	0	0	0	0	0	0	0	0	0	0	0	0	0	0	0	0	0	0	0	0	
NET1	932	0	0	0	0	0	0	0	0	0	0	0	0	0	0	0	0	0	0	0	0	0	0	0	0	0	0	0	0	0	
NET1	933	0	0	0	0	0	0	0	0	0	0	0	0	0	0	0	0	0	0	0	0	0	0	0	0	0	0	0	0	0	
NET1	934	0	0	0	0	0	0	0	0	0	0	0	0	0	0	0	0	0	0	0	0	0	0	0	0	0	0	0	0	0	
NET1	935	0	0	0	0	0	0	0	0	0	0	0	0	2	0	0	0	0	0	2	0	0	0	0	0	0	0	0	0	0	
NET1	936	0	0	0	0	0	0	0	0	0	0	0	0	2	0	0	0	0	0	2	0	0	0	0	0	0	0	0	0	0	
NET1	937	0	0	0	0	0	0	0	0	0	0	0	0	2	0	0	0	0	0	2	0	0	0	0	0	0	0	0	0	0	
NET1	938	0	0	0	0	0	0	0	0	0	0	0	0	2	0	0	0	0	0	2	0	0	0	0	0	0	0	0	0	0	
NET1	939	0	0	0	0	0	0	0	0	0	0	0	0	2	0	0	0	0	0	2	0	0	0	0	0	0	0	0	0	0	
NET1	940	0	0	0	0	0	0	0	0	0	0	0	0	2	0	0	0	0	0	2	0	0	0	0	0	0	0	0	0	0	
NET1	941	0	0	0	0	0	0	0	0	0	0	0	0	2	0	0	0	0	0	2	0	0	0	0	0	0	0	0	0	0	
NET1	942	0	0	0	0	0	0	0	0	0	0	0	0	2	0	0	0	0	0	2	0	0	0	0	0	0	0	0	0	0	
NET1	943	0	0	0	0	0	0	0	0	0	0	0	0	2	0	0	0	0	0	2	0	0	0	0	0	0	0	0	0	0	
NET1	944	0	0	0	0	0	0	0	0	0	0	0	0	2	0	0	0	0	0	2	0	0	0	0	0	0	0	0	0	0	
NET1	945	0	0	0	0	0	0	0	0	0	0	0	0	2	0	0	0	0	0	2	0	0	0	0	0	0	0	0	0	0	
NET1	946	0	0	0	0	0	0	0	0	0	0	0	0	2	0	0	0	0	0	2	0	0	0	0	0	0	0	0	0	0	
NET1	947	0	0	0	0	0	0	0	0	0	0	0	0	2	0	0	0	0	0	2	0	0	0	0	0	0	0	0	0	0	
NET1	948	0	0	0	0	0	0	0	0	0	0	0	0	2	0	0	0	0	0	2	0	0	0	0	0	0	0	0	0	0	
NET1	949	0	0	0	0	0	0	0	0	0	0	0	0	2	0	0	0	0	0	2	0	0	0	0	0	0	0	0	0	0	
NET1	950	0	0	0	0	0	0	0	0	0	0	0	0	2	0	0	0	0	0	2	0	0	0	0	0	0	0	0	0	0	
NET1	951	0	0	0	0	0	0	0	0	0	0	0	0	0	0	0	0	0	0	0	0	0	0	0	0	0	0	0	0	0	
NET1	952	0	0	0	0	0	0	0	0	0	0	0	0	0	0	0	0	0	0	0	0	0	0	0	0	0	0	0	0	0	
NET1	953	0	0	0	0	0	0	0	0	0	0	0	0	0	0	0	0	0	0	0	0	0	0	0	0	0	0	0	0	0	
NET1	954	0	0	0	0	0	0	0	0	0	0	0	0	0	0	0	0	0	0	0	0	0	0	0	0	0	0	0	0	0	
NET1	955	0	0	0	0	0	0	0	0	0	0	0	0	0	0	0	0	0	0	0	0	0	0	0	0	0	0	0	0	0	
NET1	956	0	0	0	0	0	0	0	0	0	0	0	0	0	0	0	0	0	0	0	0	0	0	0	0	0	0	0	0	0	
NET1	957	0	0	0	0	0	0	0	0	0	0	0	0	0	0	0	0	0	0	0	0	0	0	0	0	0	0	0	0	0	
NET1	958	0	0	0	0	0	0	0	0	0	0	0	0	0	0	0	0	0	0	0	0	0	0	0	0	0	0	0	0	0	
NET1	959	0	0	0	0	0	0	0	0	0	0	0	0	0	0	0	0	0	0	0	0	0	0	0	0	0	0	0	0	0	
NET1	960	0	0	0	0	0	0	0	0	0	0	0	0	0	0	0	0	0	0	0	0	0	0	0	0	0	0	0	0	0	
NET1	961	0	0	0	0	0	0	0	2	0	0	3	0	2	2	3	0	0	0	0	0	0	0	0	0	0	0	0	0	0	
NET1	962	0	0	0	0	0	0	0	2	0	0	3	0	2	2	3	0	0	0	0	0	0	0	0	0	0	0	0	0	0	
NET1	963	0	0	0	0	0	0	0	2	0	0	3	0	2	2	3	0	0	0	0	0	0	0	0	0	0	0	0	0	0	
NET1	964	0	0	0	0	0	0	0	2	0	0	3	0	2	2	3	0	0	0	0	0	0	0	0	0	0	0	0	0	0	
NET1	965	0	0	0	0	0	0	0	2	0	0	3	0	2	2	3	0	0	0	0	0	0	0	0	0	0	0	0	0	0	
NET1	966	0	0	0	0	0	0	0	2	0	0	3	0	2	2	3	0	0	0	0	0	0	0	0	0	0	0	0	0	0	
NET1	967	0	0	0	0	0	0	0	2	0	0	3	0	2	2	3	0	0	0	0	0	0	0	0	0	0	0	0	0	0	
NET1	968	0	0	0	0	0	0	0	2	0	0	3	0	2	2	3	0	0	0	0	0	0	0	0	0	0	0	0	0	0	
NET1	969	0	0	0	0	0	0	0	2	0	0	3	0	2	2	3	0	0	0	0	0	0	0	0	0	0	0	0	0	0	
NET1	970	0	0	0	0	0	0	0	2	0	0	3	0	2	2	3	0	0	0	0	0	0	0	0	0	0	0	0	0	0	
NET1	971	0	0	0	0	0	0	0	2	0	0	3	0	2	2	3	0	0	0	0	0	0	0	0	0	0	0	0	0	0	
NET1	972	0	0	0	0	0	0	0	2	0	0	3	0	2	2	3	0	0	0	0	0	0	0	0	0	0	0	0	0	0	
NET1	973	0	0	0	0	0	0	0	0	0	0	0	0	0	0	0	0	0	0	0	0	0	0	0	0	0	0	0	0	0	
NET1	974	0	0	0	0	0	0	0	0	0	0	0	0	0	0	0	0	0	0	0	0	0	0	0	0	0	0	0	0	0	
NET1	975	0	0	0	0	0	0	0	0	0	0	0	0	0	0	0	0	0	0	0	0	0	0	0	0	0	0	0	0	0	
NET1	976	0	0	0	0	0	0	0	0	0	0	0	0	0	0	0	0	0	0	0	0	0	0	0	0	0	0	0	0	0	
NET1	977	0	0	0	0	0	0	0	0	0	0	0	0	0	0	0	0	0	0	0	0	0	0	0	0	0	0	0	0	0	
NET1	978	0	0	0	0	0	0	0	0	0	0	0	0	0	0	0	0	0	0	0	0	0	0	0	0	0	0	0	0	0	
NET1	979	0	0	0	0	0	0	0	0	0	0	0	0	0	0	0	0	0	0	0	0	0	0	0	0	0	0	0	0	0	
NET1	980	0	0	0	0	0	0	0	0	0	0	0	0	0	0	0	0	0	0	0	0	0	0	0	0	0	0	0	0	0	
NET1	981	0	0	0	0	0	0	0	0	0	0	0	0	0	0	0	0	0	0	0	0	0	0	0	0	0	0	0	0	0	
NET1	982	0	0	0	0	0	0	0	0	0	0	0	0	0	0	0	0	0	0	0	0	0	0	0	0	0	0	0	0	0	
NET1	983	0	0	0	0	0	0	0	0	0	0	0	0	0	0	0	0	0	0	0	0	0	0	0	0	0	0	0	0	0	
NET1	984	0	0	0	0	0	0	0	0	0	0	0	0	0	0	0	0	0	0	0	0	0	0	0	0	0	0	0	0	0	
NET1	985	0	0	0	0	0	0	0	0	0	0	0	0	0	0	0	0	0	0	0	0	0	0	0	0	0	0	0	0	0	
NET1	986	0	0	0	0	0	0	0	0	0	0	0	0	0	0	0	0	0	0	0	0	0	0	0	0	0	0	0	0	0	
NET1	987	0	0	0	0	0	0	0	0	0	0	0	0	0	0	0	0	0	0	0	0	0	0	0	0	0	0	0	0	0	
NET1	988	0	0	0	0	0	0	0	0	0	0	0	0	0	0	0	0	0	0	0	0	0	0	0	0	0	0	0	0	0	
NET1	989	0	0	0	0	0	0	0	0	0	0	0	0	0	0	0	0	0	0	0	0	0	0	0	0	0	0	0	0	0	
NET1	990	0	0	0	0	0	0	0	0	0	0	0	0	0	0	0	0	0	0	0	0	0	0	0	0	0	0	0	0	0	
NET1	991	0	0	0	0	0	0	0	0	0	0	0	0	0	0	0	0	0	0	0	0	0	0	0	0	0	0	0	0	0	
NET1	992	0	0	0	0	0	0	0	0	0	0	0	0	0	0	0	0	0	0	0	0	0	0	0	0	0	0	0	0	0	
NET1	993	0	0	0	0	0	0	0	0	0	0	0	0	0	0	0	0	0	0	0	0	0	0	0	0	0	0	0	0	0	
NET1	994	0	0	0	0	0	0	0	0	0	0	0	0	0	0	0	0	0	0	0	0	0	0	0	0	0	0	0	0	0	
NET1	995	0	0	0	0	0	0	0	0	0	0	0	0	0	0	0	0	0	0	0	0	0	0	0	0	0	0	0	0	0	
NET1	996	0	0	0	0	0	0	0	0	0	0	0	0	0	0	0	0	0	0	0	0	0	0	0	0	0	0	0	0	0	
NET1	997	0	0	0	0	0	0	0	0	0	0	0	0	0	0	0	0	0	0	0	0	0	0	0	0	0	0	0	0	0	
NET1	998	0	0	0	0	0	0	0	0	0	0	0	0	0	0	0	0	0	0	0	0	0	0	0	0	0	0	0	0	0	
NET1	999	0	0	0	0	0	0	0	0	0	0	0	0	0	0	0	0	0	0	0	0	0	0	0	0	0	0	0	0	0	
NET1	1000	0	0	0	0	0	0	0	0	0	0	0	0	0	0	0	0	0	0	0	0	0	0	0	0	0	0	0	0	0	
NET1	1001	0	0	0	0	0	0	0	0	0	0	0	0	0	0	0	0	0	0	0	0	0	0	0	0	0	0	0	0	0	
NET1	1002	0	0	0	0	0	0	0	0	0	0	0	0	0	0	0	0	0	0	0	0	0	0	0	0	0	0	0	0	0	
NET1	1003	0	0	0	0	0	0	0	0	0	0	0	0	0	0	0	0	0	0	0	0	0	0	0	0	0	0	0	0	0	
NET1	1004	0	0	0	0	0	0	0	0	0	0	0	0	0	0	0	0	0	0	0	0	0	0	0	0	0	0	0	0	0	
NET1	1005	0	0	0	0	0	0	0	0	0	0	0	0	0	0	0	0	0	0	0	0	0	0	0	0	0	0	0	0	0	
NET1	1006	0	0	0	0	0	0	0	0	0	0	0	0	0	0	0	0	0	0	0	0	0	0	0	0	0	0	0	0	0	
NET1	1007	0	0	0	0	0	0	0	0	0	0	0	0	0	0	0	0	0	0	0	0	0	0	0	0	0	0	0	0	0	
NET1	1008	0	0	0	0	0	0	0	0	0	0	0	0	0	0	0	0	0	0	0	0	0	0	0	0	0	0	0	0	0	
NET1	1009	0	0	0	0	0	0	0	0	0	0	0	0	0	0	0	0	0	0	0	0	0	0	0	0	0	0	0	0	0	
NET1	1010	0	0	0	0	0	0	0	0	0	0	0	0	0	0	0	0	0	0	0	0	0	0	0	0	0	0	0	0	0	
NET1	1011	0	0	0	0	0	0	0	0	0	0	0	0	0	0	0	0	0	0	0	0	0	0	0	0	0	0	0	0	0	
NET1	1012	0	0	0	0	0	0	0	0	0	0	0	0	0	0	0	0	0	0	0	0	0	0	0	0	0	2	2	0	0	
NET1	1013	0	0	0	0	0	0	0	0	0	0	0	0	0	0	0	0	0	0	0	0	0	0	0	0	0	2	2	0	0	
NET1	1014	0	0	0	0	0	0	0	0	0	0	0	0	0	0	0	0	0	0	0	0	0	0	0	0	0	2	2	0	0	
NET1	1015	0	0	0	0	0	0	0	0	0	0	0	0	0	0	0	0	0	0	0	0	0	0	0	0	0	2	2	0	0	
NET1	1016	0	0	0	0	0	0	0	0	0	0	0	0	0	0	0	0	0	0	0	0	0	0	0	0	0	2	2	0	0	
NET1	1017	0	0	0	0	0	0	0	0	0	0	0	0	0	0	0	0	0	0	0	0	0	0	0	0	0	2	2	0	0	
NET1	1018	0	0	0	0	0	0	0	0	0	0	0	0	0	0	0	0	0	0	0	0	0	0	0	0	0	2	2	0	0	
NET1	1019	0	0	0	0	0	0	0	0	0	0	0	0	0	0	0	0	0	0	0	0	0	0	0	0	0	2	2	0	0	
NET1	1020	0	0	0	0	0	0	0	0	0	0	0	0	0	0	0	0	0	0	0	0	0	0	0	0	0	0	0	0	0	
NET1	1021	0	0	0	0	0	0	0	0	0	0	0	0	0	0	0	0	0	0	0	0	0	0	0	0	0	0	0	0	0	
NET1	1022	0	0	0	0	0	0	0	0	0	0	0	0	0	0	0	0	0	0	0	0	0	0	0	0	0	0	0	0	0	
NET1	1023	0	0	0	0	0	0	0	0	0	0	0	0	0	0	0	0	0	0	0	0	0	0	0	0	0	0	0	0	0	
NET1	1024	0	0	0	0	0	0	0	0	0	0	5	0	7	9	4	3	2	0	0	0	0	0	0	0	0	0	0	0	0	
NET1	1025	0	0	0	0	0	0	0	0	0	0	5	0	7	9	4	3	2	0	0	0	0	0	0	0	0	0	0	0	0	
NET1	1026	0	0	0	0	0	0	0	0	0	0	5	0	7	9	4	3	2	0	0	0	0	0	0	0	0	0	0	0	0	
NET1	1027	0	0	0	0	0	0	0	0	0	0	5	0	7	9	4	3	2	0	0	0	0	0	0	0	0	0	0	0	0	
NET1	1028	0	0	0	0	0	0	2	2	0	0	5	0	12	13	7	5	4	0	0	0	0	0	0	0	0	0	0	0	0	
NET1	1029	0	0	0	0	0	0	2	2	0	0	5	0	12	13	7	5	4	0	0	0	0	0	0	0	0	0	0	0	0	
NET1	1030	0	0	0	0	0	0	2	2	0	0	5	0	12	13	7	5	4	0	0	0	0	0	0	0	0	0	0	0	0	
NET1	1031	0	0	0	0	0	0	2	2	0	0	5	0	12	13	7	5	4	0	0	0	0	0	0	0	0	0	0	0	0	
NET1	1032	0	0	0	0	0	0	2	2	0	0	5	0	12	13	7	5	4	0	0	0	0	0	0	0	0	0	0	0	0	
NET1	1033	0	0	0	0	0	0	2	2	0	0	5	0	12	13	7	5	4	0	0	0	0	0	0	0	0	0	0	0	0	
NET1	1034	0	0	0	0	0	0	2	2	0	0	5	0	12	13	7	5	4	0	0	0	0	0	0	0	0	0	0	0	0	
NET1	1035	0	0	0	0	0	0	2	2	0	0	5	0	12	13	7	5	4	0	0	0	0	0	0	0	0	0	0	0	0	
NET1	1036	0	0	0	0	0	0	2	2	0	0	5	0	12	13	7	5	4	0	0	0	0	0	0	0	0	0	0	0	0	
NET1	1037	0	0	0	0	0	0	2	2	0	0	5	0	12	13	7	5	4	0	0	0	0	0	0	0	0	0	0	0	0	
NET1	1038	0	0	0	0	0	0	2	2	0	0	5	0	10	13	7	7	4	0	0	0	0	0	0	0	0	0	0	0	0	
NET1	1039	0	0	0	0	0	0	2	3	0	0	2	0	7	14	0	8	2	0	11	0	0	0	2	0	0	0	0	0	0	
NET1	1040	0	0	0	0	0	0	2	3	0	0	2	0	7	14	0	8	2	0	11	0	0	0	2	0	0	0	0	0	0	
NET1	1041	0	0	0	0	0	0	2	3	0	0	2	0	7	14	0	8	2	0	11	0	0	0	2	0	0	0	0	0	0	
NET1	1042	0	0	0	0	0	0	2	3	0	0	2	0	7	14	0	8	2	0	11	0	0	0	2	0	0	0	0	0	0	
NET1	1043	0	0	0	0	0	0	2	3	0	0	2	0	7	14	0	8	2	0	11	0	0	0	2	0	0	0	0	0	0	
NET1	1044	0	0	0	0	0	0	2	3	0	0	2	0	7	14	0	8	2	0	11	0	0	0	2	0	0	0	0	0	0	
NET1	1045	0	0	0	0	0	0	2	3	0	0	2	0	7	14	0	8	2	0	11	0	0	0	2	0	0	0	0	0	0	
NET1	1046	0	0	0	0	0	0	2	3	0	0	2	0	7	14	0	8	2	0	11	0	0	0	2	0	0	0	0	0	0	
NET1	1047	0	0	0	0	0	0	2	3	0	0	2	0	7	14	0	8	2	0	11	0	0	0	2	0	0	0	0	0	0	
NET1	1048	0	0	0	0	0	0	2	3	0	0	2	0	7	14	0	8	2	0	11	0	0	0	2	0	0	0	0	0	0	
NET1	1049	0	0	0	0	0	0	2	3	0	0	2	0	7	14	0	8	2	0	11	0	0	0	2	0	0	0	0	0	0	
NET1	1050	0	0	0	0	0	0	2	3	0	0	2	0	7	14	0	8	2	0	11	0	0	0	2	0	0	0	0	0	0	
NET1	1051	0	0	0	0	0	0	2	3	0	0	2	0	7	14	0	8	2	0	11	0	0	0	2	0	0	0	0	0	0	
NET1	1052	0	0	0	0	0	0	2	3	0	0	2	0	7	14	0	8	2	0	11	0	0	0	2	0	0	0	0	0	0	
NET1	1053	0	0	0	0	0	0	2	3	0	0	2	0	7	14	0	8	2	0	11	0	0	0	2	0	0	0	0	0	0	
NET1	1054	0	0	0	0	0	0	2	3	0	0	2	0	7	14	0	8	2	0	11	0	0	0	2	0	0	0	0	0	0	
NET1	1055	0	0	0	0	0	0	2	3	0	0	2	0	7	14	0	8	2	0	11	0	0	0	2	0	0	0	0	0	0	
NET1	1056	0	0	0	0	0	0	2	3	0	0	2	0	7	14	0	8	2	0	11	0	0	0	2	0	0	0	0	0	0	
NET1	1057	0	0	0	0	0	0	2	3	0	0	2	0	7	14	0	8	2	0	11	0	0	0	2	0	0	0	0	0	0	
NET1	1058	0	0	0	0	0	0	2	3	0	0	2	0	7	14	0	8	2	0	11	0	0	0	2	0	0	0	0	0	0	
NET1	1059	0	0	0	0	0	0	2	3	0	0	2	0	7	14	0	8	2	0	11	0	0	0	2	0	0	0	0	0	0	
NET1	1060	0	0	0	0	0	0	2	3	0	0	2	0	7	14	0	8	2	0	11	0	0	0	2	0	0	0	0	0	0	
NET1	1061	0	0	0	0	0	0	2	3	0	0	2	0	7	14	0	8	2	0	11	0	0	0	2	0	0	0	0	0	0	
NET1	1062	0	0	0	0	0	0	0	2	0	0	3	0	2	6	2	3	0	0	0	0	0	0	0	0	0	0	0	0	0	
NET1	1063	0	0	0	0	0	0	0	2	0	0	3	0	2	6	2	3	0	0	0	0	0	0	0	0	0	0	0	0	0	
NET1	1064	0	0	0	0	0	0	0	2	0	0	6	0	6	12	7	9	0	0	3	0	0	0	0	0	0	0	0	0	0	
NET1	1065	0	0	0	0	0	0	0	2	0	0	6	0	6	12	7	9	0	0	3	0	0	0	0	0	0	0	0	0	0	
NET1	1066	0	0	0	0	0	0	0	2	0	0	6	0	6	12	7	9	0	0	3	0	0	0	0	0	0	0	0	0	0	
NET1	1067	0	0	0	0	0	0	0	2	0	0	6	0	6	12	7	9	0	0	3	0	0	0	0	0	0	0	0	0	0	
NET1	1068	0	0	0	0	0	0	0	2	0	0	6	0	6	12	7	9	0	0	3	0	0	0	0	0	0	0	0	0	0	
NET1	1069	0	0	0	0	0	0	0	2	0	0	6	0	6	12	7	9	0	0	3	0	0	0	0	0	0	0	0	0	0	
NET1	1070	0	0	0	0	0	0	0	2	0	0	6	0	6	12	7	9	0	0	3	0	0	0	0	0	0	0	0	0	0	
NET1	1071	0	0	0	0	0	0	0	2	0	0	6	0	6	12	7	9	0	0	3	0	0	0	0	0	0	0	0	0	0	
NET1	1072	0	0	0	0	0	0	0	2	0	0	6	0	6	12	7	9	0	0	3	0	0	0	0	0	0	0	0	0	0	
NET1	1073	0	0	0	0	0	0	0	2	0	0	6	0	6	12	7	9	0	0	3	0	0	0	0	0	0	0	0	0	0	
NET1	1074	0	0	0	0	0	0	0	2	0	0	6	0	6	12	7	9	0	0	3	0	0	0	0	0	0	0	0	0	0	
NET1	1075	0	0	0	0	0	0	0	2	0	0	6	0	6	12	7	9	0	0	3	0	0	0	0	0	0	0	0	0	0	
NET1	1076	0	0	0	0	0	0	0	2	0	0	6	0	6	12	7	9	0	0	3	0	0	0	0	0	0	0	0	0	0	
NET1	1077	0	0	0	0	0	0	0	2	0	0	6	0	6	12	7	9	0	0	3	0	0	0	0	0	0	0	0	0	0	
NET1	1078	0	0	0	0	0	0	0	2	0	0	4	0	15	23	13	13	0	0	4	0	0	0	0	0	0	0	0	0	2	
NET1	1079	0	0	0	0	0	0	0	2	0	0	6	0	21	27	18	13	0	0	4	0	0	0	0	0	0	0	0	0	2	
NET1	1080	0	0	0	0	0	0	0	2	0	0	6	0	21	27	18	13	0	0	4	0	0	0	0	0	0	0	0	0	2	
NET1	1081	0	0	0	0	0	0	0	2	0	0	6	0	21	27	18	13	0	0	4	0	0	0	0	0	0	0	0	0	2	
NET1	1082	0	0	0	0	0	0	0	2	0	0	6	0	21	27	18	13	0	0	4	0	0	0	0	0	0	0	0	0	2	
NET1	1083	0	0	0	0	0	0	0	2	0	0	6	0	21	27	18	13	0	0	4	0	0	0	0	0	0	0	0	0	2	
NET1	1084	0	0	0	0	0	0	0	2	0	0	6	0	21	27	18	13	0	0	4	0	0	0	0	0	0	0	0	0	2	
NET1	1085	0	0	0	0	0	0	0	2	0	0	6	0	21	27	18	13	0	0	4	0	0	0	0	0	0	0	0	0	2	
NET1	1086	0	0	0	0	0	0	0	2	0	0	6	0	21	27	18	13	0	0	4	0	0	0	0	0	0	0	0	0	2	
NET1	1087	0	0	0	0	0	0	0	2	0	0	6	0	21	27	18	13	0	0	4	0	0	0	0	0	0	0	0	0	2	
NET1	1088	0	0	0	0	0	0	0	2	0	0	6	0	21	27	18	13	0	0	4	0	0	0	0	0	0	0	0	0	2	
NET1	1089	0	0	0	0	0	0	0	2	0	0	6	0	21	27	18	13	0	0	4	0	0	0	0	0	0	0	0	0	2	
NET1	1090	0	0	0	0	0	0	0	2	0	0	6	0	21	27	18	13	0	0	4	0	0	0	0	0	0	0	0	0	2	
NET1	1091	0	0	0	0	0	0	0	2	0	0	6	0	21	27	18	13	0	0	4	0	0	0	0	0	0	0	0	0	2	
NET1	1092	0	0	0	0	0	0	0	2	0	0	6	0	21	27	18	13	0	0	4	0	0	0	0	0	0	0	0	0	2	
NET1	1093	0	0	0	0	0	0	0	0	0	0	0	0	0	0	0	2	0	0	0	0	0	0	0	0	0	0	0	0	0	
NET1	1094	0	0	0	0	0	0	0	0	0	0	0	0	0	0	0	2	0	0	0	0	0	0	0	0	0	0	0	0	0	
NET1	1095	0	0	0	0	0	0	0	0	0	0	0	0	0	0	0	2	0	0	0	0	0	0	0	0	0	0	0	0	0	
NET1	1096	0	0	0	0	0	0	0	0	0	0	0	0	0	0	0	2	0	0	0	0	0	0	0	0	0	0	0	0	0	
NET1	1097	0	0	0	0	0	0	0	0	0	0	0	0	0	0	0	2	0	0	0	0	0	0	0	0	0	0	0	0	0	
NET1	1098	0	0	0	0	0	0	0	0	0	0	0	0	0	0	0	2	0	0	0	0	0	0	0	0	0	0	0	0	0	
NET1	1099	0	0	0	0	0	0	0	0	0	0	0	0	0	0	0	2	0	0	0	0	0	0	0	0	0	0	0	0	0	
NET1	1100	0	0	0	0	0	0	0	0	0	0	0	0	0	0	0	2	0	0	0	0	0	0	0	0	0	0	0	0	0	
NET1	1101	0	0	0	0	0	0	0	0	0	0	0	0	0	0	0	2	0	0	0	0	0	0	0	0	0	0	0	0	0	
NET1	1102	0	0	0	0	0	0	0	0	0	0	0	0	0	0	0	2	0	0	0	0	0	0	0	0	0	0	0	0	0	
NET1	1103	0	0	0	0	0	0	0	0	0	0	0	0	0	0	0	2	0	0	0	0	0	0	0	0	0	0	0	0	0	
NET1	1104	0	0	0	0	0	0	0	0	0	0	0	0	0	0	0	0	0	0	0	0	0	0	0	0	0	0	0	0	0	
NET1	1105	0	0	0	0	0	0	0	0	0	0	0	0	0	0	0	0	0	0	0	0	0	0	0	0	0	0	0	0	0	
NET1	1106	0	0	0	0	0	0	0	0	0	0	0	0	0	0	0	0	0	0	0	0	0	0	0	0	0	0	0	0	0	
NET1	1107	0	0	0	0	0	0	0	0	0	0	0	0	0	0	0	0	0	0	0	0	0	0	0	0	0	0	0	0	0	
NET1	1108	0	0	0	0	0	0	0	0	0	0	0	0	0	0	0	0	0	0	0	0	0	0	0	0	0	0	0	0	0	
NET1	1109	0	0	0	0	0	0	0	0	0	0	0	0	0	0	0	0	0	0	0	0	0	0	0	0	0	0	0	0	0	
NET1	1110	0	0	0	0	0	0	0	0	0	0	0	0	0	0	0	0	0	0	0	0	0	0	0	0	0	0	0	0	0	
NET1	1111	0	0	0	0	0	0	0	0	0	0	0	0	0	0	0	0	0	0	0	0	0	0	0	0	0	0	0	0	0	
NET1	1112	0	0	0	0	0	0	0	0	0	0	0	0	0	0	0	0	0	0	0	0	0	0	0	0	0	0	0	0	0	
NET1	1113	0	0	0	0	0	0	0	0	0	0	0	0	0	0	0	0	0	0	0	0	0	0	0	0	0	0	0	0	0	
NET1	1114	0	0	0	0	0	0	0	0	0	0	0	0	0	0	0	0	0	0	0	0	0	0	0	0	0	0	0	0	0	
NET1	1115	0	0	0	0	0	0	0	0	0	0	0	0	0	0	0	0	0	0	0	0	0	0	0	0	0	0	0	0	0	
NET1	1116	0	0	0	0	0	0	0	0	0	0	0	0	0	0	0	0	0	0	0	0	0	0	0	0	0	0	0	0	0	
NET1	1117	0	0	0	0	0	0	0	0	0	0	0	0	0	0	0	0	0	0	0	0	0	0	0	0	0	0	0	0	0	
NET1	1118	0	0	0	0	0	0	0	0	0	0	0	0	0	0	0	0	0	0	0	0	0	0	0	0	0	0	0	0	0	
NET1	1119	0	0	0	0	0	0	0	0	0	0	0	0	0	0	0	0	0	0	0	0	0	0	0	0	0	0	0	0	0	
NET1	1120	0	0	0	0	0	0	0	0	0	0	0	0	0	0	0	0	0	0	0	0	0	0	0	0	0	0	0	0	0	
NET1	1121	0	0	0	0	0	0	0	0	0	0	0	0	0	0	0	0	0	0	0	0	0	0	0	0	0	0	0	0	0	
NET1	1122	0	0	0	0	0	0	0	0	0	0	0	0	0	0	0	0	0	0	0	0	0	0	0	0	0	0	0	0	0	
NET1	1123	0	0	0	0	0	0	0	0	0	0	0	0	0	0	0	0	0	0	0	0	0	0	0	0	0	0	0	0	0	
NET1	1124	0	0	0	0	0	0	0	0	0	0	0	0	0	0	0	0	0	0	0	0	0	0	0	0	0	0	0	0	0	
NET1	1125	0	0	0	0	0	0	0	0	0	0	0	0	0	0	0	0	0	0	0	0	0	0	0	0	0	0	0	0	0	
NET1	1126	0	0	0	0	0	0	0	0	0	0	0	0	0	0	0	0	0	0	0	0	0	0	0	0	0	0	0	0	0	
NET1	1127	0	0	0	0	0	0	0	0	0	0	0	0	0	0	0	0	0	0	0	0	0	0	0	0	0	0	0	0	0	
NET1	1128	0	0	0	0	0	0	0	0	0	0	0	0	0	0	0	0	0	0	0	0	0	0	0	0	0	0	0	0	0	
NET1	1129	0	0	0	0	0	0	0	0	0	0	0	0	0	0	0	0	0	0	0	0	0	0	0	0	0	0	0	0	0	
NET1	1130	0	0	0	0	0	0	0	0	0	0	0	0	0	0	0	0	0	0	0	0	0	0	0	0	0	0	0	0	0	
NET1	1131	0	0	0	0	0	0	0	0	0	0	0	0	0	0	0	0	0	0	0	0	0	0	0	0	0	0	0	0	0	
NET1	1132	0	0	0	0	0	0	0	0	0	0	0	0	0	0	0	0	0	0	0	0	0	0	0	0	0	0	0	0	0	
NET1	1133	0	0	0	0	0	0	0	0	0	0	0	0	0	0	0	0	0	0	0	0	0	0	0	0	0	0	0	0	0	
NET1	1134	0	0	0	0	0	0	0	0	0	0	0	0	0	0	0	0	0	0	0	0	0	0	0	0	0	0	0	0	0	
NET1	1135	0	0	0	0	0	0	0	0	0	0	0	0	0	0	0	0	0	0	0	0	0	0	0	0	0	0	0	0	0	
NET1	1136	0	0	0	0	0	0	0	0	0	0	0	0	0	0	0	0	0	0	0	0	0	0	0	0	0	0	0	0	0	
NET1	1137	0	0	0	0	0	0	0	0	0	0	0	0	0	0	0	0	0	0	0	0	0	0	0	0	0	0	0	0	0	
NET1	1138	0	0	0	0	0	0	0	0	0	0	0	0	0	0	0	0	0	0	0	0	0	0	0	0	0	0	0	0	0	
NET1	1139	0	0	0	0	0	0	0	0	0	0	0	0	0	0	0	0	0	0	0	0	0	0	0	0	0	0	0	0	0	
NET1	1140	0	0	0	0	0	0	0	0	0	0	0	0	0	0	0	0	0	0	0	0	0	0	0	0	0	0	0	0	0	
NET1	1141	0	0	0	0	0	0	0	0	0	0	0	0	0	0	0	0	0	0	0	0	0	0	0	0	0	0	0	0	0	
NET1	1142	0	0	0	0	0	0	0	0	0	0	0	0	0	0	0	0	0	0	0	0	0	0	0	0	0	0	0	0	0	
NET1	1143	0	0	0	0	0	0	0	0	0	0	0	0	0	0	0	0	0	0	0	0	0	0	0	0	0	0	0	0	0	
NET1	1144	0	0	0	0	0	0	0	0	0	0	0	0	0	0	0	0	0	0	0	0	0	0	0	0	0	0	0	0	0	
NET1	1145	0	0	0	0	0	0	0	0	0	0	0	0	0	0	0	0	0	0	0	0	0	0	0	0	0	0	0	0	0	
NET1	1146	0	0	0	0	0	0	0	0	0	0	0	0	0	0	0	0	0	0	0	0	0	0	0	0	0	0	0	0	0	
NET1	1147	0	0	0	0	0	0	0	0	0	0	0	0	0	0	0	0	0	0	0	0	0	0	0	0	0	0	0	0	0	
NET1	1148	0	0	0	0	0	0	0	0	0	0	0	0	0	0	0	0	0	0	0	0	0	0	0	0	0	0	0	0	0	
NET1	1149	0	0	0	0	0	0	0	0	0	0	0	0	0	0	0	0	0	0	0	0	0	0	0	0	0	0	0	0	0	
NET1	1150	0	0	0	0	0	0	0	0	0	0	0	0	0	0	0	0	0	0	0	0	0	0	0	0	0	0	0	0	0	
NET1	1151	0	0	0	0	0	0	0	0	0	0	0	0	0	0	0	0	0	0	0	0	0	0	0	0	0	0	0	0	0	
NET1	1152	0	0	0	0	0	0	0	0	0	0	0	0	0	0	0	0	0	0	0	0	0	0	0	0	0	0	0	0	0	
NET1	1153	0	0	0	0	0	0	0	0	0	0	0	0	0	0	0	0	0	0	0	0	0	0	0	0	0	0	0	0	0	
NET1	1154	0	0	0	0	0	0	0	0	0	0	0	0	0	0	0	0	0	0	0	0	0	0	0	0	0	0	0	0	0	
NET1	1155	0	0	0	0	0	0	0	0	0	0	0	0	0	0	0	0	0	0	0	0	0	0	0	0	0	0	0	0	0	
NET1	1156	0	0	0	0	0	0	0	0	0	0	0	0	0	0	0	0	0	0	0	0	0	0	0	0	0	0	0	0	0	
NET1	1157	0	0	0	0	0	0	0	0	0	0	0	0	0	0	0	0	0	0	0	0	0	0	0	0	0	0	0	0	0	
NET1	1158	0	0	0	0	0	0	0	0	0	0	0	0	0	0	0	0	0	0	0	0	0	0	0	0	0	0	0	0	0	
NET1	1159	0	0	0	0	0	0	0	0	0	0	0	0	0	0	0	0	0	0	0	0	0	0	0	0	0	0	0	0	0	
NET1	1160	0	0	0	0	0	0	0	0	0	0	0	0	0	0	0	0	0	0	0	0	0	0	0	0	0	0	0	0	0	
NET1	1161	0	0	0	0	0	0	0	0	0	0	0	0	0	0	0	0	0	0	0	0	0	0	0	0	0	0	0	0	0	
NET1	1162	0	0	0	0	0	0	0	0	0	0	0	0	0	0	0	0	0	0	0	0	0	0	0	0	0	0	0	0	0	
NET1	1163	0	0	0	0	0	0	0	0	0	0	0	0	0	0	0	0	0	0	0	0	0	0	0	0	0	0	0	0	0	
NET1	1164	0	0	0	0	0	0	0	0	0	0	0	0	0	0	0	0	0	0	0	0	0	0	0	0	0	0	0	0	0	
NET1	1165	0	0	0	0	0	0	0	0	0	0	0	0	0	0	0	0	0	0	0	0	0	0	0	0	0	0	0	0	0	
NET1	1166	0	0	0	0	0	0	0	0	0	0	0	0	0	0	0	0	0	0	0	0	0	0	0	0	0	0	0	0	0	
NET1	1167	0	0	0	0	0	0	0	0	0	0	0	0	0	0	0	0	0	0	0	0	0	0	0	0	0	0	0	0	0	
NET1	1168	0	0	0	0	0	0	0	0	0	0	0	0	0	0	0	0	0	0	0	0	0	0	0	0	0	0	0	0	0	
NET1	1169	0	0	0	0	0	0	0	0	0	0	0	0	0	0	0	0	0	0	0	0	0	0	0	0	0	0	0	0	0	
NET1	1170	0	0	0	0	0	0	0	0	0	0	0	0	0	0	0	0	0	0	0	0	0	0	0	0	0	0	0	0	0	
NET1	1171	0	0	0	0	0	0	0	0	0	0	0	0	0	0	0	0	0	0	0	0	0	0	0	0	0	0	0	0	0	
NET1	1172	0	0	0	0	0	0	0	0	0	0	0	0	0	0	0	0	0	0	0	0	0	0	0	0	0	0	0	0	0	
NET1	1173	0	0	0	0	0	0	0	0	0	0	0	0	2	2	2	0	0	0	0	0	0	0	0	0	0	0	0	0	0	
NET1	1174	0	0	0	0	0	0	0	0	0	0	0	0	2	2	2	0	0	0	0	0	0	0	0	0	0	0	0	0	0	
NET1	1175	0	0	0	0	0	0	0	0	0	0	0	0	2	2	2	0	0	0	0	0	0	0	0	0	0	0	0	0	0	
NET1	1176	0	0	0	0	0	0	0	0	0	0	0	0	2	2	2	0	0	0	0	0	0	0	0	0	0	0	0	0	0	
NET1	1177	0	0	0	0	0	0	0	0	0	0	0	0	2	2	2	0	0	0	0	0	0	0	0	0	0	0	0	0	0	
NET1	1178	0	0	0	0	0	0	0	0	0	0	0	0	2	2	2	0	0	0	0	0	0	0	0	0	0	0	0	0	0	
NET1	1179	0	0	0	0	0	0	0	0	0	0	0	0	2	2	2	0	0	0	0	0	0	0	0	0	0	0	0	0	0	
NET1	1180	0	0	0	0	0	0	0	0	0	0	0	0	2	2	2	0	0	0	0	0	0	0	0	0	0	0	0	0	0	
NET1	1181	0	0	0	0	0	0	0	0	0	0	0	0	2	2	2	0	0	0	0	0	0	0	0	0	0	0	0	0	0	
NET1	1182	0	0	0	0	0	0	0	0	0	0	0	0	2	2	2	0	0	0	0	0	0	0	0	0	0	0	0	0	0	
NET1	1183	0	0	0	0	0	0	0	0	0	0	0	0	2	2	2	0	0	0	0	0	0	0	0	0	0	0	0	0	0	
NET1	1184	0	0	0	0	0	0	0	0	0	0	0	0	2	2	2	0	0	0	0	0	0	0	0	0	0	0	0	0	0	
NET1	1185	0	0	0	0	0	0	0	0	0	0	0	0	2	2	2	0	0	0	0	0	0	0	0	0	0	0	0	0	0	
NET1	1186	0	0	0	0	0	0	0	0	0	0	0	0	2	2	2	0	0	0	0	0	0	0	0	0	0	0	0	0	0	
NET1	1187	0	0	0	0	0	0	0	0	0	0	0	0	2	2	2	0	0	0	0	0	0	0	0	0	0	0	0	0	0	
NET1	1188	0	0	0	0	0	0	0	0	0	0	0	0	0	0	0	0	0	0	0	0	0	0	0	0	0	0	0	0	0	
NET1	1189	0	0	0	0	0	0	0	0	0	0	0	0	0	0	0	0	0	0	0	0	0	0	0	0	0	0	0	0	0	
