protein	site	PSMs_001_Stu1-3FLAG_DMSO.csv	PSMs_002_Stu1-3FLAG_Cdc200-AID.csv	PSMs_003_Stu1-3FLAG_Benomyl.csv	PSMs_004_Stu1FLAG_Bub1V5_double_step_IP.csv	PSMs_005_Stu1_TOG1del_cutout_1.csv	PSMs_006_Stu1_TOG1del_cutout_2.csv	PSMs_007_Dsn1-flag.csv	PSMs_008_Dsn1-flag_mps1-1.csv	PSMs_009_Dsn1-flag_pgal-mps1.csv	PSMs_010_Dsn1-flag_ndc80.csv	PSMs_011_Dsn1-flag_ndc80-2a.csv	PSMs_012_Dsn1-flag_ndc80-2d.csv	PSMs_013_Dsn1-flag_ndc80_cdc15-2.csv	PSMs_014_Dsn1-flag_ndc80-2a_cdc15-2.csv	PSMs_015_Dsn1-flag_ndc80-2d_cdc15-2.csv	PSMs_016_Dsn1-flag.csv	PSMs_017_Dsn1-flag_mps1-1.csv	PSMs_018_ndc80-flag.csv	PSMs_019_ndc80-3flag.csv	PSMs_020_ndc80-flag_pgal-mps1.csv	PSMs_021_ndc80-3flag_pgal-mps1.csv	PSMs_022_dad1-flag.csv	PSMs_023_dad1-flag.csv	PSMs_024_dad1-flag_pgal-mps1.csv	PSMs_025_Nitobe_SCX1_Mtw1-3FLAG.csv	PSMs_025_Nitobe_SCX2_Mtw1-3FLAG.csv	PSMs_025_Nitobe_SCX3_Mtw1-3FLAG.csv	PSMs_025_Nitobe_SCX4_Mtw1-3FLAG.csv	PSMs_025_Nitobe_SCX5_Mtw1-3FLAG.csv	
NKP1	0	0	0	0	0	0	0	0	0	0	0	0	0	0	0	0	0	0	0	0	0	0	0	0	0	0	0	0	0	0	
NKP1	1	0	0	0	0	0	0	0	0	0	0	0	0	0	0	0	0	0	0	0	0	0	0	0	0	0	0	0	0	0	
NKP1	2	0	0	0	0	0	0	0	0	0	0	0	0	0	0	0	0	0	0	0	0	0	0	0	0	0	0	0	0	0	
NKP1	3	0	0	0	0	0	0	0	0	0	0	0	0	0	0	0	0	0	0	0	0	0	0	0	0	0	0	0	0	0	
NKP1	4	0	0	0	0	0	0	0	0	0	0	0	0	0	0	0	0	0	0	0	0	0	0	0	0	0	0	0	0	0	
NKP1	5	0	0	0	0	0	0	0	0	0	0	0	0	0	0	0	0	0	0	0	0	0	0	0	0	0	0	0	0	0	
NKP1	6	0	0	0	0	0	0	0	0	0	0	0	0	0	0	0	0	0	0	0	0	0	0	0	0	0	0	0	0	0	
NKP1	7	0	0	0	0	0	0	0	0	0	0	0	0	0	0	0	0	0	0	0	0	0	0	0	0	0	0	0	0	0	
NKP1	8	0	0	0	0	0	0	0	0	0	0	0	0	0	0	0	0	0	0	0	0	0	0	0	0	0	0	0	0	0	
NKP1	9	0	0	0	0	0	0	0	0	0	0	0	0	0	0	0	0	0	0	0	0	0	0	0	0	0	0	0	0	0	
NKP1	10	0	0	0	0	0	0	0	0	0	0	0	0	0	0	0	0	0	0	0	0	0	0	0	0	0	0	0	0	0	
NKP1	11	0	0	0	0	0	0	0	0	0	0	0	0	0	0	0	0	0	0	0	0	0	0	0	0	0	0	0	0	0	
NKP1	12	0	0	0	0	0	0	0	0	0	0	0	0	0	0	0	0	0	0	0	0	0	0	0	0	0	0	0	0	0	
NKP1	13	0	0	0	0	0	0	0	0	0	0	0	0	0	0	0	0	0	0	0	0	0	0	0	0	0	0	0	0	0	
NKP1	14	0	0	0	0	0	0	0	0	0	0	0	0	0	0	0	0	0	0	0	0	0	0	0	0	0	0	0	0	0	
NKP1	15	0	0	0	0	0	0	0	0	0	0	0	0	0	0	0	0	0	0	0	0	0	0	0	0	0	0	0	0	0	
NKP1	16	0	0	0	0	0	0	0	0	0	0	0	0	0	0	0	0	0	0	0	0	0	0	0	0	0	0	0	0	0	
NKP1	17	0	0	0	0	0	0	0	0	0	0	0	0	0	0	0	0	0	0	0	0	0	0	0	0	0	0	0	0	0	
NKP1	18	0	0	0	0	0	0	0	0	0	0	0	0	0	0	0	0	0	0	0	0	0	0	0	0	0	0	0	0	0	
NKP1	19	0	0	0	0	0	0	0	0	0	0	0	0	0	0	0	0	0	0	0	0	0	0	0	0	0	0	0	0	0	
NKP1	20	0	0	0	0	0	0	0	0	0	0	0	0	0	0	0	0	0	0	0	0	0	0	0	0	0	0	0	0	0	
NKP1	21	0	0	0	0	0	0	0	0	0	0	0	0	0	0	0	0	0	0	0	0	0	0	0	0	0	0	0	0	0	
NKP1	22	0	0	0	0	0	0	0	0	0	0	0	0	0	0	0	0	0	0	0	0	0	0	0	0	0	0	0	0	0	
NKP1	23	0	0	0	0	0	0	0	0	0	0	0	0	0	0	0	0	0	0	0	0	0	0	0	0	0	0	0	0	0	
NKP1	24	0	0	0	0	0	0	0	0	0	0	0	0	0	0	0	0	0	0	0	0	0	0	0	0	0	0	0	0	0	
NKP1	25	0	0	0	0	0	0	0	0	0	0	0	0	0	0	0	0	0	0	0	0	0	0	0	0	0	0	0	0	0	
NKP1	26	0	0	0	0	0	0	0	0	0	0	0	0	0	0	0	0	0	0	0	0	0	0	0	0	0	0	0	0	0	
NKP1	27	0	0	0	0	0	0	0	0	0	0	0	0	0	0	0	0	0	0	0	0	0	0	0	0	0	0	0	0	0	
NKP1	28	0	0	0	0	0	0	0	0	0	0	0	0	0	0	0	0	0	0	0	0	0	0	0	0	0	0	0	0	0	
NKP1	29	0	0	0	0	0	0	0	0	0	0	0	0	0	0	0	0	0	0	0	0	0	0	0	0	0	0	0	0	0	
NKP1	30	0	0	0	0	0	0	0	0	0	0	0	0	0	0	0	0	0	0	0	0	0	0	0	0	0	0	0	0	0	
NKP1	31	0	0	0	0	0	0	0	0	0	0	0	0	0	0	0	0	0	0	0	0	0	0	0	0	0	0	0	0	0	
NKP1	32	0	0	0	0	0	0	0	0	0	0	0	0	0	0	0	0	0	0	0	0	0	0	0	0	0	0	0	0	0	
NKP1	33	0	0	0	0	0	0	0	0	0	0	0	0	0	0	0	0	0	0	0	0	0	0	0	0	0	0	0	0	0	
NKP1	34	0	0	0	0	0	0	0	0	0	0	0	0	0	0	0	0	0	0	0	0	0	0	0	0	0	0	0	0	0	
NKP1	35	0	0	0	0	0	0	0	0	0	0	0	0	0	0	0	0	0	0	0	0	0	0	0	0	0	0	0	0	0	
NKP1	36	0	0	0	0	0	0	0	0	0	0	0	0	0	0	0	0	0	0	0	0	0	0	0	0	0	0	0	0	0	
NKP1	37	0	0	0	0	0	0	0	0	0	0	0	0	0	0	0	0	0	0	0	0	0	0	0	0	0	0	0	0	0	
NKP1	38	0	0	0	0	0	0	0	0	0	0	0	0	0	0	0	0	0	0	0	0	0	0	0	0	0	0	0	0	0	
NKP1	39	0	0	0	0	0	0	0	0	0	0	0	0	0	0	0	0	0	0	0	0	0	0	0	0	0	0	0	0	0	
NKP1	40	0	0	0	0	0	0	0	0	0	0	0	0	0	0	0	0	0	0	0	0	0	0	0	0	0	0	0	0	0	
NKP1	41	0	0	0	0	0	0	0	0	0	0	0	0	0	0	0	0	0	0	0	0	0	0	0	0	0	0	0	0	0	
NKP1	42	0	0	0	0	0	0	0	0	0	0	0	0	0	0	0	0	0	0	0	0	0	0	0	0	0	0	0	0	0	
NKP1	43	0	0	0	0	0	0	0	0	0	0	0	0	0	0	0	0	0	0	0	0	0	0	0	0	0	0	0	0	0	
NKP1	44	0	0	0	0	0	0	0	0	0	0	0	0	0	0	0	0	0	0	0	0	0	0	0	0	0	0	0	0	0	
NKP1	45	0	0	0	0	0	0	0	0	0	0	0	0	0	0	0	0	0	0	0	0	0	0	0	0	0	0	0	0	0	
NKP1	46	0	0	0	0	0	0	0	0	0	0	0	0	0	0	0	0	0	0	0	0	0	0	0	0	0	0	0	0	0	
NKP1	47	0	0	0	0	0	0	0	0	0	0	0	0	0	0	0	0	0	0	0	0	0	0	0	0	0	0	0	0	0	
NKP1	48	0	0	0	0	0	0	0	0	0	0	0	0	0	0	0	0	0	0	0	0	0	0	0	0	0	0	0	0	0	
NKP1	49	0	0	0	0	0	0	0	0	0	0	0	0	0	0	0	0	0	0	0	0	0	0	0	0	0	0	0	0	0	
NKP1	50	0	0	0	0	0	0	0	0	0	0	0	0	0	0	0	0	0	0	0	0	0	0	0	0	0	0	0	0	0	
NKP1	51	0	0	0	0	0	0	0	0	0	0	0	0	0	0	0	0	0	0	0	0	0	0	0	0	0	0	0	0	0	
NKP1	52	0	0	0	0	0	0	0	0	0	0	0	0	0	0	0	0	0	0	0	0	0	0	0	0	0	0	0	0	0	
NKP1	53	0	0	0	0	0	0	0	0	0	0	0	0	0	0	0	0	0	0	0	0	0	0	0	0	0	0	0	0	0	
NKP1	54	0	0	0	0	0	0	0	0	0	0	0	0	0	0	0	0	0	0	0	0	0	0	0	0	0	0	0	0	0	
NKP1	55	0	0	0	0	0	0	0	0	0	0	0	0	0	0	0	0	0	0	0	0	0	0	0	0	0	0	0	0	0	
NKP1	56	0	0	0	0	0	0	0	0	0	0	0	0	0	0	0	0	0	0	0	0	0	0	0	0	0	0	0	0	0	
NKP1	57	0	0	0	0	0	0	3	4	2	3	3	0	2	3	3	2	5	0	0	0	0	0	0	0	0	0	0	0	0	
NKP1	58	0	0	0	0	0	0	3	4	2	3	3	0	2	3	3	2	5	0	0	0	0	0	0	0	0	0	0	0	0	
NKP1	59	0	0	0	0	0	0	3	4	2	3	3	0	2	3	3	2	5	0	0	0	0	0	0	0	0	0	0	0	0	
NKP1	60	0	0	0	0	0	0	3	4	2	3	3	0	2	3	3	2	5	0	0	0	0	0	0	0	0	0	0	0	0	
NKP1	61	0	0	0	0	0	0	3	4	2	3	3	0	2	3	3	2	5	0	0	0	0	0	0	0	0	0	0	0	0	
NKP1	62	0	0	0	0	0	0	3	4	2	3	3	0	2	3	3	2	5	0	0	0	0	0	0	0	0	0	0	0	0	
NKP1	63	0	0	0	0	0	0	3	4	2	3	3	0	2	3	3	2	5	0	0	0	0	0	0	0	0	0	0	0	0	
NKP1	64	0	0	0	0	0	0	3	4	2	3	3	0	2	3	3	2	5	0	0	0	0	0	0	0	0	0	0	0	0	
NKP1	65	0	0	0	0	0	0	5	4	2	3	5	2	4	3	5	2	5	2	2	0	3	0	0	0	6	2	2	0	0	
NKP1	66	0	0	0	0	0	0	5	4	2	3	5	2	4	3	5	2	5	2	2	0	3	0	0	0	6	2	2	0	0	
NKP1	67	0	0	0	0	0	0	5	4	2	3	5	2	4	3	5	2	5	2	2	0	3	0	0	0	6	2	2	0	0	
NKP1	68	0	0	0	0	0	0	5	4	2	3	5	2	4	3	5	2	5	2	2	0	3	0	0	0	6	2	2	0	0	
NKP1	69	0	0	0	0	0	0	5	4	2	3	5	2	4	3	5	2	5	2	2	0	3	0	0	0	6	2	2	0	0	
NKP1	70	0	0	0	0	0	0	5	4	2	3	5	2	4	3	5	2	5	2	2	0	3	0	0	0	6	2	2	0	0	
NKP1	71	0	0	0	0	0	0	5	4	2	3	5	2	4	3	5	2	5	2	2	0	3	0	0	0	6	2	2	0	0	
NKP1	72	0	0	0	0	0	0	5	4	2	3	5	2	4	3	5	2	5	2	2	0	3	0	0	0	6	2	2	0	0	
NKP1	73	0	0	0	0	0	0	5	4	2	3	5	2	4	3	5	2	5	2	2	0	3	0	0	0	6	2	2	0	0	
NKP1	74	0	0	0	0	0	0	5	4	2	3	5	2	4	3	5	2	5	2	2	0	3	0	0	0	6	2	2	0	0	
NKP1	75	0	0	0	0	0	0	7	0	0	0	0	0	2	4	8	3	0	4	13	0	5	0	3	2	16	23	8	11	10	
NKP1	76	0	0	0	0	0	0	7	0	0	0	0	0	2	4	8	3	0	4	13	0	5	0	3	2	16	23	8	11	10	
NKP1	77	0	0	0	0	0	0	7	0	0	0	0	0	2	4	8	3	0	4	13	0	5	0	3	2	16	23	8	11	10	
NKP1	78	0	0	0	0	0	0	7	0	0	0	0	0	2	4	8	3	0	4	13	0	5	0	3	2	16	23	8	11	10	
NKP1	79	0	0	0	0	0	0	7	0	0	0	0	0	2	4	8	3	0	4	13	0	5	0	3	2	16	23	8	11	10	
NKP1	80	0	0	0	0	0	0	7	0	0	0	0	0	2	4	8	3	0	4	13	0	5	0	3	2	16	23	8	11	10	
NKP1	81	0	0	0	0	0	0	7	0	0	0	0	0	2	4	8	3	0	4	13	0	5	0	3	2	16	23	8	11	10	
NKP1	82	0	0	0	0	0	0	7	0	0	0	0	0	2	4	8	3	0	4	13	0	5	0	3	2	16	23	8	11	10	
NKP1	83	0	0	0	0	0	0	7	0	0	0	0	0	2	4	8	3	0	4	13	0	5	0	3	2	16	23	8	11	10	
NKP1	84	0	0	0	0	0	0	7	0	0	0	0	0	2	4	8	3	0	4	13	0	5	0	3	2	16	23	8	11	10	
NKP1	85	0	0	0	0	0	0	7	0	0	0	0	0	2	4	8	3	0	4	13	0	5	0	3	2	16	23	8	11	10	
NKP1	86	0	0	0	0	0	0	7	0	0	0	0	0	2	4	8	3	0	4	13	0	5	0	3	2	16	23	8	11	10	
NKP1	87	0	0	0	0	0	0	7	0	0	0	0	0	2	4	8	3	0	4	13	0	5	0	3	2	16	23	8	11	10	
NKP1	88	0	0	0	0	0	0	7	0	0	0	0	0	2	4	8	3	0	4	13	0	5	0	3	2	16	23	8	11	10	
NKP1	89	0	0	0	0	0	0	7	0	0	0	0	0	2	4	8	3	0	4	13	0	5	0	3	2	16	23	8	11	10	
NKP1	90	0	0	0	0	0	0	7	0	0	0	0	0	2	4	8	3	0	4	13	0	5	0	3	2	16	23	8	11	10	
NKP1	91	0	0	0	0	0	0	6	3	0	2	0	0	2	2	2	3	0	2	2	0	2	0	0	0	4	6	3	3	3	
NKP1	92	0	0	0	0	0	0	6	3	0	2	0	0	2	2	2	3	0	2	2	0	2	0	0	0	4	6	3	3	3	
NKP1	93	0	0	0	0	0	0	6	3	0	2	0	0	2	2	2	3	0	2	2	0	2	0	0	0	4	6	3	3	3	
NKP1	94	0	0	0	0	0	0	6	3	0	2	0	0	2	2	2	3	0	2	2	0	2	0	0	0	4	6	3	3	3	
NKP1	95	0	0	0	0	0	0	6	3	0	2	0	0	2	2	2	3	0	2	2	0	2	0	0	0	4	6	3	3	3	
NKP1	96	0	0	0	0	0	0	6	3	0	2	0	0	2	2	2	3	0	2	2	0	2	0	0	0	4	6	3	3	3	
NKP1	97	0	0	0	0	0	0	6	3	0	2	0	0	2	2	2	3	0	2	2	0	2	0	0	0	4	6	3	3	3	
NKP1	98	0	0	0	0	0	0	6	3	0	2	0	0	2	2	2	3	0	2	2	0	2	0	0	0	4	6	3	3	3	
NKP1	99	0	0	0	0	0	0	11	17	9	4	4	3	11	18	10	6	3	4	3	2	0	0	0	0	12	13	17	13	5	
NKP1	100	0	0	0	0	0	0	11	17	9	4	4	3	11	18	10	6	3	4	3	2	0	0	0	0	12	13	17	13	5	
NKP1	101	0	0	0	0	0	0	11	17	9	4	4	3	11	18	10	6	3	4	5	2	0	0	0	0	17	16	17	13	5	
NKP1	102	0	0	0	0	0	0	11	17	9	4	4	3	11	18	10	6	3	4	5	2	0	0	0	0	17	16	17	13	5	
NKP1	103	0	0	0	0	0	0	11	17	9	4	4	3	11	18	10	6	3	4	5	2	0	0	0	0	17	16	17	13	5	
NKP1	104	0	0	0	0	0	0	11	17	9	4	4	3	11	18	10	6	3	4	5	2	0	0	0	0	17	16	17	13	5	
NKP1	105	0	0	0	0	0	0	11	17	9	4	4	3	11	18	10	6	3	4	5	2	0	0	0	0	17	16	17	13	5	
NKP1	106	0	0	0	0	0	0	11	17	9	4	4	3	11	18	10	6	3	4	5	2	0	0	0	0	17	16	17	13	5	
NKP1	107	0	0	0	0	0	0	11	17	9	4	4	3	11	18	10	6	3	4	5	2	0	0	0	0	17	16	17	13	5	
NKP1	108	0	0	0	0	0	0	11	17	9	4	4	3	11	18	10	6	3	4	5	2	0	0	0	0	17	16	17	13	5	
NKP1	109	0	0	0	0	0	0	11	17	9	4	4	3	11	18	10	6	3	4	5	2	0	0	0	0	17	16	17	13	5	
NKP1	110	0	0	0	0	0	0	11	17	9	4	4	3	11	18	10	6	3	4	5	2	0	0	0	0	17	16	17	13	5	
NKP1	111	0	0	0	0	0	0	11	17	9	4	4	3	11	18	10	6	3	4	5	2	0	0	0	0	17	16	17	13	5	
NKP1	112	0	0	0	0	0	0	11	17	9	4	4	3	11	18	10	6	3	4	5	2	0	0	0	0	17	16	17	13	5	
NKP1	113	0	0	0	0	0	0	0	2	0	0	0	0	0	2	2	0	0	0	27	0	10	0	0	0	6	6	4	0	2	
NKP1	114	0	0	0	0	0	0	0	2	0	0	0	0	0	2	2	0	0	0	27	0	10	0	0	0	6	6	4	0	2	
NKP1	115	0	0	0	0	0	0	0	2	0	0	0	0	0	2	2	0	0	0	27	0	10	0	0	0	6	6	4	0	2	
NKP1	116	0	0	0	0	0	0	0	2	0	0	0	0	0	2	2	0	0	0	27	0	10	0	0	0	6	6	4	0	2	
NKP1	117	0	0	0	0	0	0	0	2	0	0	0	0	0	2	2	0	0	0	27	0	10	0	0	0	6	6	4	0	2	
NKP1	118	0	0	0	0	0	0	0	2	0	0	0	0	0	2	2	0	0	0	27	0	10	0	0	0	6	6	4	0	2	
NKP1	119	0	0	0	0	0	0	0	2	0	0	0	0	0	2	2	0	0	0	27	0	10	0	0	0	6	6	4	0	2	
NKP1	120	0	0	0	0	0	0	0	0	0	0	0	0	0	0	0	0	0	0	38	0	13	0	0	0	29	24	8	4	0	
NKP1	121	0	0	0	0	0	0	0	0	0	0	0	0	0	0	0	0	0	0	38	0	13	0	0	0	29	24	8	4	0	
NKP1	122	0	0	0	0	0	0	0	0	0	0	0	0	0	0	0	0	0	0	38	0	13	0	0	0	29	24	8	4	0	
NKP1	123	0	0	0	0	0	0	0	0	0	0	0	0	0	0	0	0	0	0	38	0	13	0	0	0	29	24	8	4	0	
NKP1	124	0	0	0	0	0	0	0	0	0	0	0	0	0	0	0	0	0	0	38	0	13	0	0	0	29	24	8	4	0	
NKP1	125	0	0	0	0	0	0	0	0	0	0	0	0	0	0	0	0	0	0	38	0	13	0	0	0	29	24	8	4	0	
NKP1	126	0	0	0	0	0	0	0	0	0	0	0	0	0	0	0	0	0	0	38	0	13	0	0	0	29	24	8	4	0	
NKP1	127	0	0	0	0	0	0	0	0	0	0	0	0	0	0	0	0	0	0	38	0	13	0	0	0	29	24	8	4	0	
NKP1	128	0	0	0	0	0	0	0	0	0	0	0	0	0	0	0	0	0	0	38	0	13	0	0	0	29	24	8	4	0	
NKP1	129	0	0	0	0	0	0	0	0	0	0	0	0	0	0	0	0	0	0	38	0	13	0	0	0	29	24	8	4	0	
NKP1	130	0	0	0	0	0	0	0	0	0	0	0	0	0	0	0	0	0	0	38	0	13	0	0	0	29	24	8	4	0	
NKP1	131	0	0	0	0	0	0	0	0	0	0	0	0	0	0	0	0	0	0	38	0	13	0	0	0	29	24	8	4	0	
NKP1	132	0	0	0	0	0	0	0	0	0	0	0	0	0	0	0	0	0	0	38	0	13	0	0	0	29	24	8	4	0	
NKP1	133	0	0	0	0	0	0	0	0	0	0	0	0	0	0	0	0	0	0	38	0	13	0	0	0	29	24	8	4	0	
NKP1	134	0	0	0	0	0	0	0	0	0	0	0	0	0	0	0	0	0	0	38	0	13	0	0	0	29	24	8	4	0	
NKP1	135	0	0	0	0	0	0	0	0	0	0	0	0	0	0	0	0	0	0	38	0	13	0	0	0	29	24	8	4	0	
NKP1	136	0	0	0	0	0	0	0	0	0	0	0	0	0	0	0	0	0	0	38	0	13	0	0	0	29	24	8	4	0	
NKP1	137	0	0	0	0	0	0	0	0	0	0	0	0	0	0	0	0	0	0	38	0	13	0	0	0	29	24	8	4	0	
NKP1	138	0	0	0	0	0	0	0	0	0	0	0	0	0	0	0	0	0	0	38	0	13	0	0	0	29	24	8	4	0	
NKP1	139	0	0	0	0	0	0	0	0	0	2	2	3	2	0	3	0	0	0	6	0	3	0	0	0	8	8	8	8	10	
NKP1	140	0	0	0	0	0	0	0	0	0	2	2	3	2	0	3	0	0	0	6	0	3	0	0	0	8	8	8	8	10	
NKP1	141	0	0	0	0	0	0	0	0	0	2	2	3	2	0	3	0	0	0	6	0	3	0	0	0	8	8	8	8	10	
NKP1	142	0	0	0	0	0	0	0	0	0	2	2	3	2	0	3	0	0	0	6	0	3	0	0	0	8	8	8	8	10	
NKP1	143	0	0	0	0	0	0	0	0	0	2	2	3	2	0	3	0	0	0	6	0	3	0	0	0	8	8	8	8	10	
NKP1	144	0	0	0	0	0	0	0	0	0	2	2	3	2	0	3	0	0	0	6	0	3	0	0	0	8	8	8	8	10	
NKP1	145	0	0	0	0	0	0	0	0	0	2	2	3	2	0	3	0	0	0	6	0	3	0	0	0	8	8	8	8	10	
NKP1	146	0	0	0	0	0	0	0	0	0	2	2	3	2	0	3	0	0	0	6	0	3	0	0	0	8	8	8	8	10	
NKP1	147	0	0	0	0	0	0	0	0	0	2	2	3	2	0	3	0	0	0	6	0	3	0	0	0	8	8	8	8	10	
NKP1	148	0	0	0	0	0	0	0	0	0	2	2	3	2	0	3	0	0	0	4	0	3	0	0	0	6	4	6	4	6	
NKP1	149	0	0	0	0	0	0	0	0	0	0	0	0	0	0	0	0	0	0	0	0	0	0	0	0	0	0	0	0	0	
NKP1	150	0	0	0	0	0	0	0	0	0	0	0	0	0	0	0	0	0	0	0	0	0	0	0	0	0	0	0	0	0	
NKP1	151	0	0	0	0	0	0	0	0	0	0	0	0	0	0	0	0	0	0	0	0	0	0	0	0	0	0	0	0	0	
NKP1	152	0	0	0	0	0	0	0	0	0	0	0	0	0	0	0	0	0	0	0	0	0	0	0	0	0	0	0	0	0	
NKP1	153	0	0	0	0	0	0	0	0	0	0	0	0	0	0	0	0	0	0	0	0	0	0	0	0	0	0	0	0	0	
NKP1	154	0	0	0	0	0	0	0	0	0	0	0	0	3	0	0	0	0	0	2	0	0	0	0	0	0	0	0	0	0	
NKP1	155	0	0	0	0	0	0	0	0	0	0	0	0	3	0	0	0	0	0	2	0	0	0	0	0	0	0	0	0	0	
NKP1	156	0	0	0	0	0	0	0	0	0	0	0	0	3	0	0	0	0	0	2	0	0	0	0	0	0	0	0	0	0	
NKP1	157	0	0	0	0	0	0	0	0	0	0	0	0	3	0	0	0	0	0	2	0	0	0	0	0	0	0	0	0	0	
NKP1	158	0	0	0	0	0	0	0	0	0	0	0	0	3	0	0	0	0	0	2	0	0	0	0	0	0	0	0	0	0	
NKP1	159	0	0	0	0	0	0	0	0	0	0	0	0	3	0	0	0	0	0	2	0	0	0	0	0	0	0	0	0	0	
NKP1	160	0	0	0	0	0	0	0	0	0	0	0	0	3	0	0	0	0	0	2	0	0	0	0	0	0	0	0	0	0	
NKP1	161	0	0	0	0	0	0	0	0	0	0	0	0	3	0	0	0	0	0	2	0	0	0	0	0	0	0	0	0	0	
NKP1	162	0	0	0	0	0	0	0	0	0	0	0	0	3	0	0	0	0	0	2	0	0	0	0	0	0	0	0	0	0	
NKP1	163	0	0	0	0	0	0	0	0	0	0	0	0	3	0	0	0	0	0	2	0	0	0	0	0	0	0	0	0	0	
NKP1	164	0	0	0	0	0	0	0	0	0	0	0	0	0	0	0	0	0	0	7	0	0	0	0	0	7	7	6	7	6	
NKP1	165	0	0	0	0	0	0	0	0	0	0	0	0	0	0	0	0	0	0	7	0	0	0	0	0	7	7	6	7	6	
NKP1	166	0	0	0	0	0	0	0	0	0	0	0	0	0	0	0	0	0	0	7	0	0	0	0	0	7	7	6	7	6	
NKP1	167	0	0	0	0	0	0	0	0	0	0	0	0	0	0	0	0	0	0	7	0	0	0	0	0	7	7	6	7	6	
NKP1	168	0	0	0	0	0	0	0	0	0	0	0	0	0	0	0	0	0	0	7	0	0	0	0	0	7	7	6	7	6	
NKP1	169	0	0	0	0	0	0	0	0	0	0	0	0	0	0	0	0	0	0	7	0	0	0	0	0	7	7	6	7	6	
NKP1	170	0	0	0	0	0	0	0	0	0	0	0	0	0	0	0	0	0	0	7	0	0	0	0	0	7	7	6	7	6	
NKP1	171	0	0	0	0	0	0	0	0	0	0	0	0	0	0	0	0	0	0	7	0	0	0	0	0	7	7	6	7	6	
NKP1	172	0	0	0	0	0	0	0	0	0	0	0	0	0	0	0	0	0	0	7	0	0	0	0	0	7	7	6	7	6	
NKP1	173	0	0	0	0	0	0	0	0	0	0	0	0	0	0	0	0	0	0	7	0	0	0	0	0	7	7	6	7	6	
NKP1	174	0	0	0	0	0	0	0	0	0	0	0	0	0	0	0	0	0	0	7	0	0	0	0	0	7	7	6	7	6	
NKP1	175	0	0	0	0	0	0	0	0	0	0	0	0	0	0	0	0	0	0	7	0	0	0	0	0	7	7	6	7	6	
NKP1	176	0	0	0	0	0	0	0	0	0	0	0	0	0	0	0	0	0	0	7	0	0	0	0	0	7	7	6	7	6	
NKP1	177	0	0	0	0	0	0	0	0	0	0	0	0	0	0	0	0	0	0	7	0	0	0	0	0	7	7	6	7	6	
NKP1	178	0	0	0	0	0	0	0	0	0	0	0	0	0	0	0	0	0	0	7	0	0	0	0	0	7	7	6	7	6	
NKP1	179	0	0	0	0	0	0	0	0	0	0	0	0	0	0	0	0	0	0	7	0	0	0	0	0	7	7	6	7	6	
NKP1	180	0	0	0	0	0	0	0	0	0	0	0	0	0	0	0	0	0	0	7	0	0	0	0	0	7	7	6	7	6	
NKP1	181	0	0	0	0	0	0	0	0	0	0	0	0	0	0	0	0	0	0	7	0	0	0	0	0	7	7	6	7	6	
NKP1	182	0	0	0	0	0	0	0	0	0	0	0	0	0	0	0	0	0	0	7	0	0	0	0	0	7	7	6	7	6	
NKP1	183	0	0	0	0	0	0	0	0	0	0	0	0	0	0	0	0	0	0	0	0	0	0	0	0	3	2	0	0	2	
NKP1	184	0	0	0	0	0	0	0	0	0	0	0	0	0	0	0	0	0	0	0	0	0	0	0	0	3	2	0	0	2	
NKP1	185	0	0	0	0	0	0	0	0	0	0	0	0	0	0	0	0	0	0	0	0	0	0	0	0	3	2	0	0	2	
NKP1	186	0	0	0	0	0	0	0	0	0	0	0	0	0	0	0	0	0	0	0	0	0	0	0	0	3	2	0	0	2	
NKP1	187	0	0	0	0	0	0	0	0	0	0	0	0	0	0	0	0	0	0	0	0	0	0	0	0	3	2	0	0	2	
NKP1	188	0	0	0	0	0	0	0	0	0	0	0	0	0	0	0	0	0	0	0	0	0	0	0	0	3	2	0	0	2	
NKP1	189	0	0	0	0	0	0	0	0	0	0	0	0	0	0	0	0	0	0	0	0	0	0	0	0	3	2	0	0	2	
NKP1	190	0	0	0	0	0	0	0	0	0	0	0	0	0	0	0	0	0	0	0	0	0	0	0	0	3	2	0	0	2	
NKP1	191	0	0	0	0	0	0	0	0	0	0	0	0	0	0	0	0	0	0	0	0	0	0	0	0	3	2	0	0	2	
NKP1	192	0	0	0	0	0	0	0	0	0	0	0	0	0	0	0	0	0	0	0	0	0	0	0	0	3	2	0	0	2	
NKP1	193	0	0	0	0	0	0	0	0	0	0	0	0	0	0	0	0	0	0	0	0	0	0	0	0	3	2	0	0	2	
NKP1	194	0	0	0	0	0	0	0	0	0	0	0	0	0	0	0	0	0	0	0	0	0	0	0	0	3	2	0	0	2	
NKP1	195	0	0	0	0	0	0	0	0	0	0	0	0	0	0	0	0	0	0	0	0	0	0	0	0	3	2	0	0	2	
NKP1	196	0	0	0	0	0	0	0	0	0	0	0	0	0	0	0	0	0	0	0	0	0	0	0	0	3	2	0	0	2	
NKP1	197	0	0	0	0	0	0	0	0	0	0	0	0	0	0	0	0	0	0	0	0	0	0	0	0	3	2	0	0	2	
NKP1	198	0	0	0	0	0	0	0	0	0	0	0	0	0	0	0	0	0	0	0	0	0	0	0	0	3	2	0	0	2	
NKP1	199	0	0	0	0	0	0	0	0	0	0	0	0	0	0	0	0	0	0	0	0	0	0	0	0	3	2	0	0	2	
NKP1	200	0	0	0	0	0	0	0	0	0	0	0	0	0	0	0	0	0	0	0	0	0	0	0	0	3	2	0	0	2	
NKP1	201	0	0	0	0	0	0	0	0	0	0	0	0	0	0	0	0	0	0	0	0	0	0	0	0	0	0	0	0	0	
NKP1	202	0	0	0	0	0	0	0	0	0	0	0	0	0	0	0	0	0	0	0	0	0	0	0	0	0	0	0	0	0	
NKP1	203	0	0	0	0	0	0	0	0	0	0	0	0	0	0	0	0	0	0	0	0	0	0	0	0	0	0	0	0	0	
NKP1	204	0	0	0	0	0	0	0	0	0	0	0	0	0	0	0	0	0	0	0	0	0	0	0	0	0	0	0	0	0	
NKP1	205	0	0	0	0	0	0	0	0	0	0	0	0	0	0	0	0	0	0	0	0	0	0	0	0	0	0	0	0	0	
NKP1	206	0	0	0	0	0	0	0	0	0	0	0	0	0	0	0	0	0	0	0	0	0	0	0	0	0	0	0	0	0	
NKP1	207	0	0	0	0	0	0	0	0	0	0	0	0	0	0	0	0	0	0	0	0	0	0	0	0	0	0	0	0	0	
NKP1	208	0	0	0	0	0	0	0	0	0	0	0	0	0	0	0	0	0	0	0	0	0	0	0	0	0	0	0	0	0	
NKP1	209	0	0	0	0	0	0	0	0	0	0	0	0	0	0	0	0	0	0	0	0	0	0	0	0	0	0	0	0	0	
NKP1	210	0	0	0	0	0	0	0	0	0	0	0	0	0	0	0	0	0	0	0	0	0	0	0	0	2	4	3	3	2	
NKP1	211	0	0	0	0	0	0	0	0	0	0	0	0	0	0	0	0	0	0	0	0	0	0	0	0	2	4	3	3	2	
NKP1	212	0	0	0	0	0	0	0	0	0	0	0	0	0	0	0	0	0	0	0	0	0	0	0	0	2	4	3	3	2	
NKP1	213	0	0	0	0	0	0	0	0	0	0	0	0	0	0	0	0	0	0	0	0	0	0	0	0	2	4	3	3	2	
NKP1	214	0	0	0	0	0	0	0	0	0	0	0	0	0	0	0	0	0	0	0	0	0	0	0	0	2	4	3	3	2	
NKP1	215	0	0	0	0	0	0	0	0	0	0	0	0	0	0	0	0	0	0	0	0	0	0	0	0	2	4	3	3	2	
NKP1	216	0	0	0	0	0	0	0	0	0	0	0	0	0	0	0	0	0	0	0	0	0	0	0	0	2	4	3	3	2	
NKP1	217	0	0	0	0	0	0	0	0	0	0	0	0	0	0	0	0	0	0	0	0	0	0	0	0	2	4	3	3	2	
NKP1	218	0	0	0	0	0	0	0	0	0	0	0	0	0	0	0	0	0	0	0	0	0	0	0	0	0	0	0	0	0	
NKP1	219	0	0	0	0	0	0	0	0	0	0	0	0	0	0	0	0	0	0	0	0	0	0	0	0	0	0	0	0	0	
NKP1	220	0	0	0	0	0	0	0	0	0	0	0	0	0	0	0	0	0	0	0	0	0	0	0	0	0	0	0	0	0	
NKP1	221	0	0	0	0	0	0	0	0	0	0	0	0	0	0	0	0	0	0	0	0	0	0	0	0	0	0	0	0	0	
NKP1	222	0	0	0	0	0	0	0	0	0	0	0	0	0	0	0	0	0	0	0	0	0	0	0	0	0	0	0	0	0	
NKP1	223	0	0	0	0	0	0	0	0	0	0	0	0	0	0	0	0	0	0	0	0	0	0	0	0	0	0	0	0	0	
NKP1	224	0	0	0	0	0	0	0	0	0	0	0	0	0	0	0	0	0	0	0	0	0	0	0	0	0	0	0	0	0	
NKP1	225	0	0	0	0	0	0	0	0	0	0	0	0	0	0	0	0	0	0	0	0	0	0	0	0	0	0	0	0	0	
NKP1	226	0	0	0	0	0	0	0	0	0	0	0	0	0	0	0	0	0	0	0	0	0	0	0	0	0	0	0	0	0	
NKP1	227	0	0	0	0	0	0	0	0	0	0	0	0	0	0	0	0	0	0	0	0	0	0	0	0	0	0	0	0	0	
NKP1	228	0	0	0	0	0	0	0	0	0	0	0	0	0	0	0	0	0	0	0	0	0	0	0	0	0	0	0	0	0	
NKP1	229	0	0	0	0	0	0	0	0	0	0	0	0	0	0	0	0	0	0	0	0	0	0	0	0	0	0	0	0	0	
NKP1	230	0	0	0	0	0	0	0	0	0	0	0	0	0	0	0	0	0	0	0	0	0	0	0	0	0	0	0	0	0	
NKP1	231	0	0	0	0	0	0	0	0	0	0	0	0	0	0	0	0	0	0	0	0	0	0	0	0	2	0	2	0	0	
NKP1	232	0	0	0	0	0	0	0	0	0	0	0	0	0	0	0	0	0	0	0	0	0	0	0	0	4	0	2	3	0	
NKP1	233	0	0	0	0	0	0	0	0	0	0	0	0	0	0	0	0	0	0	0	0	0	0	0	0	4	0	2	3	0	
NKP1	234	0	0	0	0	0	0	0	0	0	0	0	0	0	0	0	0	0	0	0	0	0	0	0	0	4	0	2	3	0	
NKP1	235	0	0	0	0	0	0	0	0	0	0	0	0	0	0	0	0	0	0	0	0	0	0	0	0	4	0	2	3	0	
NKP1	236	0	0	0	0	0	0	0	0	0	0	0	0	0	0	0	0	0	0	0	0	0	0	0	0	4	0	2	3	0	
NKP1	237	0	0	0	0	0	0	0	0	0	0	0	0	0	0	0	0	0	0	0	0	0	0	0	0	4	0	2	3	0	
NKP1	238	0	0	0	0	0	0	0	0	0	0	0	0	0	0	0	0	0	0	0	0	0	0	0	0	4	0	2	3	0	
