protein	site	PSMs_001_Stu1-3FLAG_DMSO.csv	PSMs_002_Stu1-3FLAG_Cdc200-AID.csv	PSMs_003_Stu1-3FLAG_Benomyl.csv	PSMs_004_Stu1FLAG_Bub1V5_double_step_IP.csv	PSMs_005_Stu1_TOG1del_cutout_1.csv	PSMs_006_Stu1_TOG1del_cutout_2.csv	PSMs_007_Dsn1-flag.csv	PSMs_008_Dsn1-flag_mps1-1.csv	PSMs_009_Dsn1-flag_pgal-mps1.csv	PSMs_010_Dsn1-flag_ndc80.csv	PSMs_011_Dsn1-flag_ndc80-2a.csv	PSMs_012_Dsn1-flag_ndc80-2d.csv	PSMs_013_Dsn1-flag_ndc80_cdc15-2.csv	PSMs_014_Dsn1-flag_ndc80-2a_cdc15-2.csv	PSMs_015_Dsn1-flag_ndc80-2d_cdc15-2.csv	PSMs_016_Dsn1-flag.csv	PSMs_017_Dsn1-flag_mps1-1.csv	PSMs_018_ndc80-flag.csv	PSMs_019_ndc80-3flag.csv	PSMs_020_ndc80-flag_pgal-mps1.csv	PSMs_021_ndc80-3flag_pgal-mps1.csv	PSMs_022_dad1-flag.csv	PSMs_023_dad1-flag.csv	PSMs_024_dad1-flag_pgal-mps1.csv	PSMs_025_Nitobe_SCX1_Mtw1-3FLAG.csv	PSMs_025_Nitobe_SCX2_Mtw1-3FLAG.csv	PSMs_025_Nitobe_SCX3_Mtw1-3FLAG.csv	PSMs_025_Nitobe_SCX4_Mtw1-3FLAG.csv	PSMs_025_Nitobe_SCX5_Mtw1-3FLAG.csv	
NSL1	0	0	0	0	0	0	0	0	0	0	0	0	0	0	0	0	0	0	0	0	0	0	0	0	0	0	0	0	0	0	
NSL1	1	0	0	0	0	0	0	0	0	0	0	0	0	2	0	0	0	0	0	0	0	0	0	0	0	0	0	0	0	0	
NSL1	2	0	0	0	0	0	0	0	0	0	0	0	0	2	0	0	0	0	0	0	0	0	0	0	0	0	0	0	0	0	
NSL1	3	0	0	0	0	0	0	0	0	0	0	0	0	2	0	0	0	0	0	0	0	0	0	0	0	0	0	0	0	0	
NSL1	4	0	0	0	0	0	0	0	0	0	0	0	0	2	0	0	0	0	0	0	0	0	0	0	0	0	0	0	0	0	
NSL1	5	0	0	0	0	0	0	0	0	0	0	0	0	2	0	0	0	0	0	0	0	0	0	0	0	0	0	0	0	0	
NSL1	6	0	0	0	0	0	0	0	0	0	0	0	0	2	0	0	0	0	0	0	0	0	0	0	0	0	0	0	0	0	
NSL1	7	0	0	0	0	0	0	0	0	0	0	0	0	2	0	0	0	0	0	0	0	0	0	0	0	0	0	0	0	0	
NSL1	8	0	0	0	0	0	0	0	0	0	0	0	0	2	0	5	0	0	0	3	0	2	0	0	0	22	19	18	28	12	
NSL1	9	0	0	0	0	0	0	0	0	0	0	0	0	2	0	5	0	0	0	3	0	2	0	0	0	22	19	18	28	12	
NSL1	10	0	0	0	0	0	0	0	0	0	0	0	0	2	0	5	0	0	0	3	0	2	0	0	0	22	19	18	28	12	
NSL1	11	0	0	0	0	0	0	0	0	0	0	0	0	2	0	5	0	0	0	3	0	2	0	0	0	22	19	18	28	12	
NSL1	12	0	0	0	0	0	0	0	0	0	0	0	0	2	0	5	0	0	0	3	0	2	0	0	0	22	19	18	28	12	
NSL1	13	0	0	0	0	0	0	0	0	0	0	0	0	2	0	5	0	0	0	3	0	2	0	0	0	22	19	18	28	12	
NSL1	14	0	0	0	0	0	0	0	0	0	0	0	0	2	0	5	0	0	0	3	0	2	0	0	0	22	19	18	28	12	
NSL1	15	0	0	0	0	0	0	0	0	0	0	0	0	2	0	5	0	0	0	3	0	2	0	0	0	22	19	18	28	12	
NSL1	16	0	0	0	0	0	0	0	0	0	0	0	0	2	0	5	0	0	0	3	0	2	0	0	0	22	19	18	28	12	
NSL1	17	0	0	0	0	0	0	0	0	0	0	0	0	2	0	5	0	0	0	3	0	2	0	0	0	22	19	18	28	12	
NSL1	18	0	0	0	0	0	0	0	0	0	0	0	0	2	3	7	0	0	0	35	0	12	0	0	0	15	32	53	34	38	
NSL1	19	0	0	0	0	0	0	0	0	0	0	0	0	2	3	7	0	0	0	35	0	12	0	0	0	15	32	53	34	38	
NSL1	20	0	0	0	0	0	0	0	0	0	0	0	0	2	3	7	0	0	0	35	0	12	0	0	0	15	32	53	34	38	
NSL1	21	0	0	0	0	0	0	0	0	0	0	0	0	2	3	7	0	0	0	35	0	12	0	0	0	15	32	53	34	38	
NSL1	22	0	0	0	0	0	0	0	0	0	0	0	0	2	3	7	0	0	0	35	0	12	0	0	0	15	32	53	34	38	
NSL1	23	0	0	0	0	0	0	0	0	0	0	0	0	2	3	7	0	0	0	35	0	12	0	0	0	15	32	53	34	38	
NSL1	24	0	0	0	0	0	0	0	0	0	0	0	0	2	3	7	0	0	0	35	0	12	0	0	0	15	32	53	34	38	
NSL1	25	0	0	0	0	0	0	0	0	0	0	0	0	2	3	7	0	0	0	35	0	12	0	0	0	15	32	53	34	38	
NSL1	26	0	0	0	0	0	0	0	0	0	0	0	0	2	3	7	0	0	0	35	0	12	0	0	0	15	32	53	34	38	
NSL1	27	0	0	0	0	0	0	0	0	0	0	0	0	2	3	7	0	0	0	35	0	12	0	0	0	15	32	53	34	38	
NSL1	28	0	0	0	0	0	0	0	0	0	0	0	0	2	3	7	0	0	0	35	0	12	0	0	0	15	32	53	34	38	
NSL1	29	0	0	0	0	0	0	0	0	0	0	0	0	2	3	7	0	0	0	35	0	12	0	0	0	15	32	53	34	38	
NSL1	30	0	0	0	0	0	0	0	0	0	0	0	0	2	3	7	0	0	0	35	0	12	0	0	0	15	32	53	34	38	
NSL1	31	0	0	0	0	0	0	0	0	0	0	0	0	0	0	6	0	0	0	9	0	7	0	0	0	9	7	4	7	4	
NSL1	32	0	0	0	0	0	0	0	0	0	0	0	0	0	0	6	0	0	0	9	0	7	0	0	0	9	7	4	7	4	
NSL1	33	0	0	0	0	0	0	0	0	0	0	0	0	0	0	6	0	0	0	9	0	7	0	0	0	9	7	4	7	4	
NSL1	34	0	0	0	0	0	0	0	0	0	0	0	0	0	0	6	0	0	0	9	0	7	0	0	0	9	7	4	7	4	
NSL1	35	0	0	0	0	0	0	0	0	0	0	0	0	0	0	6	0	0	0	9	0	7	0	0	0	9	7	4	7	4	
NSL1	36	0	0	0	0	0	0	0	0	0	0	0	0	0	0	6	0	0	0	9	0	7	0	0	0	9	7	4	7	4	
NSL1	37	0	0	0	0	0	0	0	0	0	0	0	0	0	0	6	0	0	0	9	0	7	0	0	0	9	7	4	7	4	
NSL1	38	0	0	0	0	0	0	0	0	0	0	0	0	2	0	4	0	0	0	0	0	0	0	0	0	8	11	2	2	4	
NSL1	39	0	0	0	0	0	0	0	0	0	0	0	0	2	0	6	0	0	0	0	0	0	0	0	0	10	12	2	2	4	
NSL1	40	0	0	0	0	0	0	0	0	0	0	0	0	2	0	6	0	0	0	0	0	0	0	0	0	10	12	2	2	4	
NSL1	41	0	0	0	0	0	0	0	0	0	0	0	0	2	0	6	0	0	0	0	0	0	0	0	0	10	12	2	2	4	
NSL1	42	0	0	0	0	0	0	0	0	0	0	0	0	2	0	6	0	0	0	0	0	0	0	0	0	10	12	2	2	4	
NSL1	43	0	0	0	0	0	0	0	0	0	0	0	0	2	0	6	0	0	0	0	0	0	0	0	0	10	12	2	2	4	
NSL1	44	0	0	0	0	0	0	0	0	0	0	0	0	2	0	6	0	0	0	0	0	0	0	0	0	10	12	2	2	4	
NSL1	45	0	0	0	0	0	0	0	0	0	0	0	0	2	0	6	0	0	0	0	0	0	0	0	0	10	12	2	2	4	
NSL1	46	0	0	0	0	0	0	0	0	0	0	0	0	2	0	6	0	0	0	0	0	0	0	0	0	10	12	2	2	4	
NSL1	47	0	0	0	0	0	0	0	0	0	0	0	0	2	0	6	0	0	0	0	0	0	0	0	0	10	15	2	2	4	
NSL1	48	0	0	0	0	0	0	0	0	0	0	0	0	0	0	5	0	0	2	34	0	17	0	0	0	100	62	41	26	6	
NSL1	49	0	0	0	0	0	0	0	0	0	0	0	0	0	0	5	0	0	2	34	0	17	0	0	0	100	62	41	26	6	
NSL1	50	0	0	0	0	0	0	0	0	0	0	0	0	0	0	5	0	0	2	34	0	17	0	0	0	100	62	41	26	6	
NSL1	51	0	0	0	0	0	0	0	0	0	0	0	0	0	0	5	0	0	2	34	0	17	0	0	0	100	62	41	26	6	
NSL1	52	0	0	0	0	0	0	0	0	0	0	0	0	0	0	5	0	0	2	34	0	17	0	0	0	100	62	41	26	6	
NSL1	53	0	0	0	0	0	0	0	0	0	0	0	0	0	0	5	0	0	2	34	0	17	0	0	0	100	62	41	26	6	
NSL1	54	0	0	0	0	0	0	0	0	0	0	0	0	0	0	5	0	0	2	34	0	17	0	0	0	100	62	41	26	6	
NSL1	55	0	0	0	0	0	0	0	0	0	0	0	0	0	0	5	0	0	2	34	0	17	0	0	0	100	62	41	26	6	
NSL1	56	0	0	0	0	0	0	0	0	0	0	0	0	0	0	5	0	0	2	34	0	17	0	0	0	100	62	41	26	6	
NSL1	57	0	0	0	0	0	0	0	0	0	0	0	0	0	0	5	0	0	2	34	0	17	0	0	0	100	62	41	26	6	
NSL1	58	0	0	0	0	0	0	0	0	0	0	0	0	0	0	5	0	0	2	34	0	17	0	0	0	100	62	41	26	6	
NSL1	59	0	0	0	0	0	0	0	0	0	0	0	0	0	0	5	0	0	2	34	0	17	0	0	0	100	62	41	26	6	
NSL1	60	0	0	0	0	0	0	0	0	0	0	0	0	0	0	5	0	0	2	34	0	17	0	0	0	100	62	41	26	6	
NSL1	61	0	0	0	0	0	0	0	0	0	0	0	0	0	0	5	0	0	2	34	0	17	0	0	0	100	62	41	26	6	
NSL1	62	0	0	0	0	0	0	0	0	0	0	0	0	0	0	5	0	0	2	34	0	17	0	0	0	100	62	41	26	6	
NSL1	63	0	0	0	0	0	0	0	0	0	0	0	0	0	0	5	0	0	2	34	0	17	0	0	0	100	62	41	26	6	
NSL1	64	0	0	0	0	0	0	0	0	0	0	0	0	0	0	5	0	0	2	34	0	17	0	0	0	100	62	41	26	6	
NSL1	65	0	0	0	0	0	0	0	0	0	0	0	0	0	0	5	0	0	2	34	0	17	0	0	0	100	62	41	26	6	
NSL1	66	0	0	0	0	0	0	0	0	0	0	0	0	0	0	5	0	0	2	34	0	17	0	0	0	100	62	41	26	6	
NSL1	67	0	0	3	0	0	0	17	18	13	4	2	0	20	13	23	2	0	11	11	8	3	2	0	0	9	5	2	4	4	
NSL1	68	0	0	3	0	0	0	17	18	13	4	2	0	20	13	23	2	0	11	11	8	3	2	0	0	9	5	2	4	4	
NSL1	69	0	0	3	0	0	0	17	18	13	4	2	0	20	13	23	2	0	11	11	8	3	2	0	0	9	5	2	4	4	
NSL1	70	0	0	3	0	0	0	17	18	13	4	2	0	20	13	23	2	0	11	11	8	3	2	0	0	9	5	2	4	4	
NSL1	71	0	0	3	0	0	0	17	18	13	4	2	0	20	13	23	2	0	11	11	8	3	2	0	0	9	5	2	4	4	
NSL1	72	0	0	3	0	0	0	17	18	13	4	2	0	20	13	23	2	0	11	11	8	3	2	0	0	9	5	2	4	4	
NSL1	73	0	0	3	0	0	0	17	18	13	4	2	0	20	13	23	2	0	11	11	8	3	2	0	0	9	5	2	4	4	
NSL1	74	0	0	3	0	0	0	17	18	13	4	2	0	20	13	23	2	0	11	11	8	3	2	0	0	9	5	2	4	4	
NSL1	75	0	0	3	0	0	0	17	18	13	4	2	0	20	13	23	2	0	11	11	8	3	2	0	0	9	5	2	4	4	
NSL1	76	0	0	3	0	0	0	17	18	13	4	2	0	20	13	23	2	0	11	11	8	3	2	0	0	9	5	2	4	4	
NSL1	77	0	0	3	0	0	0	17	18	13	4	2	0	20	13	23	2	0	11	11	8	3	2	0	0	9	5	2	4	4	
NSL1	78	0	0	3	0	0	0	17	18	13	4	2	0	20	13	23	2	0	11	11	8	3	2	0	0	9	5	2	4	4	
NSL1	79	0	0	0	0	0	0	9	4	4	2	0	0	5	10	2	0	0	2	0	2	0	0	0	0	0	0	0	0	0	
NSL1	80	0	0	0	0	0	0	9	4	4	2	0	0	5	10	2	0	0	2	0	2	0	0	0	0	0	0	0	0	0	
NSL1	81	0	0	0	0	0	0	9	4	4	2	0	0	5	10	2	0	0	2	0	2	0	0	0	0	0	0	0	0	0	
NSL1	82	0	0	0	0	0	0	18	7	2	2	2	2	13	8	16	0	0	9	20	0	7	0	0	0	10	13	5	6	4	
NSL1	83	0	0	0	0	0	0	18	7	2	2	2	2	13	8	16	0	0	9	20	0	7	0	0	0	10	13	5	6	4	
NSL1	84	0	0	0	0	0	0	18	7	2	2	2	2	13	8	16	0	0	9	20	0	7	0	0	0	10	13	5	6	4	
NSL1	85	0	0	0	0	0	0	18	7	2	2	2	2	13	8	16	0	0	9	20	0	7	0	0	0	10	13	5	6	4	
NSL1	86	0	0	0	0	0	0	18	7	2	2	2	2	13	8	16	0	0	9	20	0	7	0	0	0	10	13	5	6	4	
NSL1	87	0	0	0	0	0	0	18	7	2	2	2	2	13	8	16	0	0	9	20	0	7	0	0	0	10	13	5	6	4	
NSL1	88	0	0	0	0	0	0	18	7	2	2	2	2	13	8	16	0	0	9	20	0	7	0	0	0	10	13	5	6	4	
NSL1	89	0	0	0	0	0	0	18	7	2	2	2	2	13	8	16	0	0	9	20	0	7	0	0	0	10	13	5	6	4	
NSL1	90	0	0	0	0	0	0	18	7	2	2	2	2	13	8	16	0	0	9	20	0	7	0	0	0	10	13	5	6	4	
NSL1	91	0	0	0	3	0	0	21	6	0	0	0	0	41	14	42	4	4	13	39	6	9	0	3	2	24	30	12	13	6	
NSL1	92	0	0	0	3	0	0	21	6	0	0	0	0	41	14	42	4	4	13	39	6	9	0	3	2	24	30	12	13	6	
NSL1	93	0	0	0	3	0	0	21	6	0	0	0	0	41	14	42	4	4	13	39	6	9	0	3	2	24	30	12	13	6	
NSL1	94	0	0	0	3	0	0	21	6	0	0	0	0	41	14	42	4	4	13	39	6	9	0	3	2	24	30	12	13	6	
NSL1	95	0	0	0	3	0	0	21	6	0	0	0	0	41	14	42	4	4	13	39	6	9	0	3	2	24	30	12	13	6	
NSL1	96	0	0	0	3	0	0	21	6	0	0	0	0	41	14	42	4	4	13	39	6	9	0	3	2	24	30	12	13	6	
NSL1	97	0	0	0	3	0	0	21	6	0	0	0	0	41	14	42	4	4	13	39	6	9	0	3	2	24	30	12	13	6	
NSL1	98	0	0	0	3	0	0	21	6	0	0	0	0	41	14	42	4	4	13	39	6	9	0	3	2	24	30	12	13	6	
NSL1	99	0	0	0	3	0	0	21	6	0	0	0	0	41	14	42	4	4	13	39	6	9	0	3	2	24	30	12	13	6	
NSL1	100	0	0	0	3	0	0	21	6	0	0	0	0	41	14	42	4	4	13	39	6	9	0	3	2	24	30	12	13	6	
NSL1	101	0	0	0	3	0	0	21	6	0	0	0	0	41	14	42	4	4	13	39	6	9	0	3	2	24	30	12	13	6	
NSL1	102	0	0	0	3	0	0	21	6	0	0	0	0	41	14	42	4	4	13	39	6	9	0	3	2	24	30	12	13	6	
NSL1	103	0	0	0	3	0	0	21	6	0	0	0	0	41	14	42	4	4	13	39	6	9	0	3	2	24	30	12	13	6	
NSL1	104	0	0	0	3	0	0	21	6	0	0	0	0	41	14	42	4	4	13	39	6	9	0	3	2	24	30	12	13	6	
NSL1	105	0	0	0	0	0	0	25	13	3	2	0	0	52	45	50	4	2	11	17	2	7	0	0	0	11	10	17	11	4	
NSL1	106	0	0	0	0	0	0	47	32	11	2	0	0	105	153	87	5	12	20	14	13	8	0	0	0	19	13	20	15	6	
NSL1	107	0	0	0	0	0	0	47	32	11	2	0	0	105	153	87	5	12	20	14	13	8	0	0	0	19	13	20	15	6	
NSL1	108	0	0	0	0	0	0	47	32	11	2	0	0	105	153	87	5	12	20	14	13	8	0	0	0	19	13	20	15	6	
NSL1	109	0	0	0	0	0	0	47	32	11	2	0	0	105	153	87	5	12	20	14	13	8	0	0	0	19	13	20	15	6	
NSL1	110	0	0	0	0	0	0	47	32	11	2	0	0	105	153	87	5	12	20	14	13	8	0	0	0	19	13	20	15	6	
NSL1	111	0	0	0	0	0	0	47	32	11	2	0	0	105	153	87	5	12	20	14	13	8	0	0	0	19	13	20	15	6	
NSL1	112	0	0	0	0	0	0	47	32	11	2	0	0	105	153	87	5	12	20	14	13	8	0	0	0	19	13	20	15	6	
NSL1	113	0	0	0	0	0	0	47	32	11	2	0	0	105	153	87	5	12	20	14	13	8	0	0	0	19	13	20	15	6	
NSL1	114	0	0	0	0	0	0	47	32	11	2	0	0	105	153	87	5	12	20	14	13	8	0	0	0	19	13	20	15	6	
NSL1	115	0	0	0	0	0	0	47	32	11	2	0	0	105	153	87	5	12	20	14	13	8	0	0	0	19	13	20	15	6	
NSL1	116	0	0	0	0	0	0	47	32	11	2	0	0	105	153	87	5	12	20	14	13	8	0	0	0	19	13	20	15	6	
NSL1	117	0	0	0	0	0	0	38	24	6	0	0	0	70	130	39	3	10	15	0	11	0	0	0	0	0	0	0	0	0	
NSL1	118	0	0	0	0	0	0	38	24	6	0	0	0	70	130	39	3	10	15	0	11	0	0	0	0	0	0	0	0	0	
NSL1	119	0	0	0	0	0	0	38	24	6	0	0	0	70	130	39	3	10	15	0	11	0	0	0	0	0	0	0	0	0	
NSL1	120	0	0	0	0	0	0	38	24	6	0	0	0	70	130	39	3	10	15	0	11	0	0	0	0	0	0	0	0	0	
NSL1	121	0	0	0	0	0	0	38	24	6	0	0	0	70	130	39	3	10	15	0	11	0	0	0	0	0	0	0	0	0	
NSL1	122	0	0	0	0	0	0	6	3	0	0	0	0	3	18	0	0	2	2	0	2	0	0	0	0	0	0	0	0	0	
NSL1	123	0	0	0	0	0	0	6	3	0	0	0	0	3	18	0	0	2	2	0	2	0	0	0	0	0	0	0	0	0	
NSL1	124	0	0	0	0	0	0	6	3	0	0	0	0	3	18	0	0	2	2	0	2	0	0	0	0	0	0	0	0	0	
NSL1	125	0	0	0	0	0	0	6	3	0	0	0	0	3	18	0	0	2	2	0	2	0	0	0	0	0	0	0	0	0	
NSL1	126	0	0	0	0	0	0	6	3	0	0	0	0	3	18	0	0	2	2	0	2	0	0	0	0	0	0	0	0	0	
NSL1	127	0	0	0	0	0	0	6	3	0	0	0	0	3	18	0	0	2	2	0	2	0	0	0	0	0	0	0	0	0	
NSL1	128	0	0	0	0	0	0	12	8	5	0	0	0	20	28	21	7	7	5	16	6	7	0	3	0	20	21	27	10	9	
NSL1	129	0	0	0	0	0	0	12	8	5	0	0	0	20	28	21	7	7	5	16	6	7	0	3	0	20	21	27	10	9	
NSL1	130	0	0	0	0	0	0	12	8	5	0	0	0	20	28	21	7	7	5	16	6	7	0	3	0	20	21	27	10	9	
NSL1	131	0	0	0	0	0	0	12	8	5	0	0	0	20	28	21	7	7	5	16	6	7	0	3	0	20	21	27	10	9	
NSL1	132	0	0	0	0	0	0	12	8	5	0	0	0	20	28	21	7	7	5	16	6	7	0	3	0	20	21	27	10	9	
NSL1	133	0	0	0	0	0	0	12	8	5	0	0	0	20	28	21	7	7	5	16	6	7	0	3	0	20	21	27	10	9	
NSL1	134	0	0	0	0	0	0	12	8	5	0	0	0	20	28	21	7	7	5	16	6	7	0	3	0	20	21	27	10	9	
NSL1	135	0	0	0	0	0	0	12	8	5	0	0	0	20	28	21	7	7	5	16	6	7	0	3	0	20	21	27	10	9	
NSL1	136	0	0	0	0	0	0	12	8	5	0	0	0	20	28	21	7	7	5	16	6	7	0	3	0	20	21	27	10	9	
NSL1	137	0	0	0	0	0	0	12	8	5	0	0	0	22	28	23	7	7	5	16	6	7	0	3	0	23	21	24	8	7	
NSL1	138	0	0	0	0	0	0	12	8	5	0	0	0	22	28	23	7	7	5	16	6	7	0	3	0	23	21	24	8	7	
NSL1	139	0	0	0	0	0	0	12	8	5	0	0	0	22	28	23	7	7	5	16	6	7	0	3	0	23	21	24	8	7	
NSL1	140	0	0	0	0	0	0	12	8	5	0	0	0	22	28	23	7	7	5	16	6	7	0	3	0	23	21	24	8	7	
NSL1	141	0	0	0	0	0	0	12	8	5	0	0	0	22	28	23	7	7	5	16	6	7	0	3	0	23	21	24	8	7	
NSL1	142	0	0	0	0	0	0	12	8	5	0	0	0	22	28	23	7	7	5	16	6	7	0	3	0	23	21	24	8	7	
NSL1	143	0	0	0	0	0	0	12	8	5	0	0	0	22	28	23	7	7	5	16	6	7	0	3	0	23	21	24	8	7	
NSL1	144	0	0	0	0	0	0	12	8	5	0	0	0	22	28	23	7	7	5	16	6	7	0	3	0	23	21	24	8	7	
NSL1	145	0	0	0	0	0	0	12	8	5	0	0	0	22	28	23	7	7	5	16	6	7	0	3	0	23	21	24	8	7	
NSL1	146	0	0	0	0	0	0	12	8	5	0	0	0	22	28	23	7	7	5	16	6	7	0	3	0	23	21	24	8	7	
NSL1	147	0	0	0	0	0	0	8	7	0	2	2	2	12	12	8	2	2	0	0	0	0	0	0	0	0	0	0	0	0	
NSL1	148	0	0	0	0	0	0	8	7	0	2	2	2	12	12	8	2	2	0	0	0	0	0	0	0	0	0	0	0	0	
NSL1	149	0	0	0	0	0	0	8	7	0	2	2	2	12	12	8	2	2	0	0	0	0	0	0	0	0	0	0	0	0	
NSL1	150	0	0	0	0	0	0	8	7	0	2	2	2	12	12	8	2	2	0	0	0	0	0	0	0	0	0	0	0	0	
NSL1	151	0	0	0	0	0	0	8	7	0	2	2	2	12	12	8	2	2	0	0	0	0	0	0	0	0	0	0	0	0	
NSL1	152	0	0	0	0	0	0	8	7	0	2	2	2	12	12	8	2	2	0	0	0	0	0	0	0	0	0	0	0	0	
NSL1	153	0	0	0	0	0	0	8	7	0	2	2	2	12	12	8	2	2	0	0	0	0	0	0	0	0	0	0	0	0	
NSL1	154	0	0	0	0	0	0	2	0	0	0	2	0	28	18	42	0	0	2	19	2	12	0	0	0	8	10	9	6	4	
NSL1	155	0	0	0	0	0	0	2	0	0	0	2	0	28	18	42	0	0	2	19	2	12	0	0	0	8	10	9	6	4	
NSL1	156	0	0	0	0	0	0	2	0	0	0	2	0	28	18	42	0	0	2	19	2	12	0	0	0	8	10	9	6	4	
NSL1	157	0	0	0	0	0	0	2	0	0	0	2	0	28	18	42	0	0	2	19	2	12	0	0	0	8	10	9	6	4	
NSL1	158	0	0	0	0	0	0	2	0	0	0	2	0	28	18	42	0	0	2	19	2	12	0	0	0	8	10	9	6	4	
NSL1	159	0	0	0	0	0	0	2	0	0	0	2	0	28	18	42	0	0	2	19	2	12	0	0	0	8	10	9	6	4	
NSL1	160	0	0	0	0	0	0	2	0	0	0	2	0	28	18	42	0	0	2	19	2	12	0	0	0	8	10	9	6	4	
NSL1	161	0	0	0	0	0	0	2	0	0	0	2	0	28	18	42	0	0	2	19	2	12	0	0	0	8	10	9	6	4	
NSL1	162	0	0	0	0	0	0	2	0	0	0	2	0	28	18	42	0	0	2	19	2	12	0	0	0	8	10	9	6	4	
NSL1	163	0	0	0	0	0	0	2	0	0	0	2	0	28	18	42	0	0	2	19	2	12	0	0	0	8	10	9	6	4	
NSL1	164	0	0	0	0	0	0	2	0	0	0	2	0	28	18	42	0	0	2	19	2	12	0	0	0	8	10	9	6	4	
NSL1	165	0	0	0	0	0	0	2	0	0	0	2	0	28	18	42	0	0	2	19	2	12	0	0	0	8	10	9	6	4	
NSL1	166	0	0	0	0	0	0	2	0	0	0	2	0	28	18	42	0	0	2	19	2	12	0	0	0	8	10	9	6	4	
NSL1	167	0	0	0	0	0	0	2	0	0	0	2	0	28	18	42	0	0	2	19	2	12	0	0	0	8	10	9	6	4	
NSL1	168	0	0	0	0	0	0	2	0	0	0	2	0	28	18	42	0	0	2	19	2	12	0	0	0	8	10	9	6	4	
NSL1	169	0	0	0	0	0	0	2	0	0	0	2	0	28	18	42	0	0	2	19	2	12	0	0	0	8	10	9	6	4	
NSL1	170	0	0	0	0	0	0	2	0	0	0	2	0	28	18	42	0	0	2	19	2	12	0	0	0	8	10	9	6	4	
NSL1	171	0	0	0	0	0	0	2	0	0	0	2	0	28	18	42	0	0	2	19	2	12	0	0	0	8	10	9	6	4	
NSL1	172	0	0	0	0	0	0	2	0	0	0	2	0	28	18	42	0	0	2	19	2	12	0	0	0	8	10	9	6	4	
NSL1	173	0	0	0	0	0	0	2	0	0	0	2	0	28	18	42	0	0	2	19	2	12	0	0	0	8	10	9	6	4	
NSL1	174	0	0	0	0	0	0	2	0	0	0	2	0	28	18	42	0	0	2	19	2	12	0	0	0	8	10	9	6	4	
NSL1	175	0	0	0	0	0	0	2	0	0	0	2	0	28	18	42	0	0	2	19	2	12	0	0	0	8	10	9	6	4	
NSL1	176	0	0	0	0	0	0	2	0	0	0	2	0	28	18	42	0	0	2	19	2	12	0	0	0	8	10	9	6	4	
NSL1	177	0	0	0	0	0	0	2	0	0	0	2	0	28	18	42	0	0	2	19	2	12	0	0	0	8	10	9	6	4	
NSL1	178	0	0	0	0	0	0	2	0	0	0	2	0	28	18	42	0	0	2	19	2	12	0	0	0	8	10	9	6	4	
NSL1	179	0	0	0	0	0	0	2	0	0	0	2	0	28	18	42	0	0	2	19	2	12	0	0	0	8	10	9	6	4	
NSL1	180	0	0	0	2	0	0	0	0	0	0	0	0	3	2	0	0	0	0	11	0	4	0	5	0	27	12	5	4	3	
NSL1	181	0	0	0	2	0	0	0	0	0	0	0	0	3	2	0	0	0	0	11	0	4	0	5	0	27	12	5	4	3	
NSL1	182	0	0	0	2	0	0	0	0	0	0	0	0	3	2	0	0	0	0	11	0	4	0	5	0	27	12	5	4	3	
NSL1	183	0	0	0	2	0	0	0	0	0	0	0	0	3	2	0	0	0	0	11	0	4	0	5	0	27	12	5	4	3	
NSL1	184	0	0	0	2	0	0	0	0	0	0	0	0	3	2	0	0	0	0	11	0	4	0	5	0	27	12	5	4	3	
NSL1	185	0	0	0	2	0	0	0	0	0	0	0	0	3	2	0	0	0	0	11	0	4	0	5	0	27	12	5	4	3	
NSL1	186	0	0	0	2	0	0	0	0	0	0	0	0	3	2	0	0	0	0	11	0	4	0	5	0	27	12	5	4	3	
NSL1	187	0	0	0	2	0	0	0	0	0	0	0	0	3	2	0	0	0	0	11	0	4	0	5	0	27	12	5	4	3	
NSL1	188	0	0	0	2	0	0	0	0	0	0	0	0	3	2	0	0	0	0	11	0	4	0	5	0	27	12	5	4	3	
NSL1	189	0	0	0	2	0	0	0	0	0	0	0	0	3	2	0	0	0	0	11	0	4	0	5	0	27	12	5	4	3	
NSL1	190	0	0	0	2	0	0	0	0	0	0	0	0	3	2	0	0	0	0	11	0	4	0	5	0	27	12	5	4	3	
NSL1	191	0	0	0	2	0	0	0	0	0	0	0	0	3	2	0	0	0	0	11	0	4	0	5	0	27	12	5	4	3	
NSL1	192	0	0	0	2	0	0	0	0	0	0	0	0	3	2	0	0	0	0	11	0	4	0	5	0	27	12	5	4	3	
NSL1	193	0	0	0	2	0	0	0	0	0	0	0	0	3	2	0	0	0	0	11	0	4	0	5	0	27	12	5	4	3	
NSL1	194	0	0	0	2	0	0	0	0	0	0	0	0	3	2	0	0	0	0	11	0	4	0	5	0	27	12	5	4	3	
NSL1	195	0	0	0	2	0	0	0	0	0	0	0	0	3	2	0	0	0	0	11	0	4	0	5	0	27	12	5	4	3	
NSL1	196	0	0	0	2	0	0	0	0	0	0	0	0	3	2	0	0	0	0	11	0	4	0	5	0	27	12	5	4	3	
NSL1	197	0	0	0	2	0	0	0	0	0	0	0	0	3	2	0	0	0	0	11	0	4	0	5	0	27	12	5	4	3	
NSL1	198	0	0	0	2	0	0	0	0	0	0	0	0	3	2	0	0	0	0	11	0	4	0	5	0	27	12	5	4	3	
NSL1	199	0	0	0	0	0	0	0	0	0	0	0	0	0	5	0	0	2	0	0	0	0	0	0	0	0	0	0	0	0	
NSL1	200	0	0	0	0	0	0	0	0	0	0	0	0	0	5	0	0	2	0	0	0	0	0	0	0	0	0	0	0	0	
NSL1	201	0	0	0	0	0	0	0	0	0	0	0	0	0	3	0	0	2	0	0	0	0	0	0	0	0	0	0	0	0	
NSL1	202	0	0	0	0	0	0	0	0	0	0	0	0	0	3	0	0	2	0	0	0	0	0	0	0	0	0	0	0	0	
NSL1	203	0	0	0	0	0	0	0	0	0	0	0	0	0	3	0	0	2	0	0	0	0	0	0	0	0	0	0	0	0	
NSL1	204	0	0	0	0	0	0	0	0	0	0	0	0	0	3	0	0	2	0	0	0	0	0	0	0	0	0	0	0	0	
NSL1	205	0	0	0	0	0	0	0	0	0	0	0	0	0	3	0	0	2	0	0	0	0	0	0	0	0	0	0	0	0	
NSL1	206	0	0	0	0	0	0	0	0	0	0	0	0	0	3	0	0	4	0	0	0	0	0	0	0	0	0	0	0	0	
NSL1	207	0	0	0	0	0	0	0	0	0	0	0	0	0	3	0	0	4	0	0	0	0	0	0	0	0	0	0	0	0	
NSL1	208	0	0	0	0	0	0	0	0	0	0	0	0	0	5	0	0	2	0	0	0	0	0	0	0	4	2	0	0	0	
NSL1	209	0	0	0	0	0	0	0	0	0	0	0	0	13	21	3	3	13	0	4	0	4	0	0	0	6	2	0	0	0	
NSL1	210	0	0	0	0	0	0	0	0	0	0	0	0	13	21	3	3	13	0	4	0	4	0	0	0	6	2	0	0	0	
NSL1	211	0	0	0	0	0	0	0	0	0	0	0	0	13	21	3	3	13	0	4	0	4	0	0	0	6	2	0	0	0	
NSL1	212	0	0	0	0	0	0	0	0	0	0	0	0	13	21	3	3	13	0	4	0	4	0	0	0	6	2	0	0	0	
NSL1	213	0	0	0	0	0	0	0	0	0	0	0	0	13	21	3	3	13	0	4	0	4	0	0	0	6	2	0	0	0	
NSL1	214	0	0	0	0	0	0	0	0	0	0	0	0	13	21	3	3	13	0	4	0	4	0	0	0	6	2	0	0	0	
NSL1	215	0	0	0	0	0	0	0	0	0	0	0	0	13	21	3	3	13	0	4	0	4	0	0	0	6	2	0	0	0	
NSL1	216	0	0	0	0	0	0	0	0	0	0	0	0	13	21	3	3	13	0	4	0	4	0	0	0	6	2	0	0	0	
