protein	site	PSMs_001_Stu1-3FLAG_DMSO.csv	PSMs_002_Stu1-3FLAG_Cdc200-AID.csv	PSMs_003_Stu1-3FLAG_Benomyl.csv	PSMs_004_Stu1FLAG_Bub1V5_double_step_IP.csv	PSMs_005_Stu1_TOG1del_cutout_1.csv	PSMs_006_Stu1_TOG1del_cutout_2.csv	PSMs_007_Dsn1-flag.csv	PSMs_008_Dsn1-flag_mps1-1.csv	PSMs_009_Dsn1-flag_pgal-mps1.csv	PSMs_010_Dsn1-flag_ndc80.csv	PSMs_011_Dsn1-flag_ndc80-2a.csv	PSMs_012_Dsn1-flag_ndc80-2d.csv	PSMs_013_Dsn1-flag_ndc80_cdc15-2.csv	PSMs_014_Dsn1-flag_ndc80-2a_cdc15-2.csv	PSMs_015_Dsn1-flag_ndc80-2d_cdc15-2.csv	PSMs_016_Dsn1-flag.csv	PSMs_017_Dsn1-flag_mps1-1.csv	PSMs_018_ndc80-flag.csv	PSMs_019_ndc80-3flag.csv	PSMs_020_ndc80-flag_pgal-mps1.csv	PSMs_021_ndc80-3flag_pgal-mps1.csv	PSMs_022_dad1-flag.csv	PSMs_023_dad1-flag.csv	PSMs_024_dad1-flag_pgal-mps1.csv	PSMs_025_Nitobe_SCX1_Mtw1-3FLAG.csv	PSMs_025_Nitobe_SCX2_Mtw1-3FLAG.csv	PSMs_025_Nitobe_SCX3_Mtw1-3FLAG.csv	PSMs_025_Nitobe_SCX4_Mtw1-3FLAG.csv	PSMs_025_Nitobe_SCX5_Mtw1-3FLAG.csv	
NUF2	0	0	0	0	0	0	0	0	0	0	0	0	0	0	0	0	0	0	0	0	0	0	0	0	0	0	0	0	0	0	
NUF2	1	0	0	0	0	0	0	0	0	0	0	0	0	0	0	0	0	0	0	0	0	0	0	0	0	0	0	0	0	0	
NUF2	2	0	0	0	0	0	0	0	0	0	0	0	0	0	0	0	0	0	0	0	0	0	0	0	0	0	0	0	0	0	
NUF2	3	0	0	0	0	0	0	0	0	0	0	0	0	0	0	0	0	0	0	0	0	0	0	0	0	0	0	0	0	0	
NUF2	4	0	0	0	0	0	0	0	0	0	0	0	0	0	0	0	0	0	0	0	0	0	0	0	0	0	0	0	0	0	
NUF2	5	0	0	0	0	0	0	0	0	0	0	0	0	0	0	0	0	0	0	0	0	0	0	0	0	0	0	0	0	0	
NUF2	6	0	0	0	0	0	0	0	0	0	0	0	0	0	0	0	0	0	0	0	0	0	0	0	0	0	0	0	0	0	
NUF2	7	0	0	0	0	0	0	0	0	0	0	0	0	0	0	0	0	0	0	0	0	0	0	0	0	0	0	0	0	0	
NUF2	8	0	0	0	0	0	0	0	0	0	0	0	0	0	0	0	0	0	0	0	0	0	0	0	0	0	0	0	0	0	
NUF2	9	0	0	0	0	0	0	0	0	0	0	0	0	0	0	0	0	0	0	0	0	0	0	0	0	0	0	0	0	0	
NUF2	10	0	0	0	0	0	0	0	0	0	0	0	0	0	0	0	0	0	0	0	0	0	0	0	0	0	0	0	0	0	
NUF2	11	0	0	0	0	0	0	0	0	0	0	0	0	0	0	0	0	0	0	0	0	0	0	0	0	0	0	0	0	0	
NUF2	12	0	0	0	0	0	0	0	0	0	0	0	0	0	0	0	0	0	0	0	0	0	0	0	0	0	0	0	0	0	
NUF2	13	0	0	0	0	0	0	0	0	0	0	0	0	0	0	0	0	0	0	0	0	0	0	0	0	0	0	0	0	0	
NUF2	14	0	0	0	0	0	0	0	0	0	0	0	0	0	0	0	0	0	0	0	0	0	0	0	0	0	0	0	0	0	
NUF2	15	0	0	0	0	0	0	0	0	0	0	0	0	0	0	0	0	0	0	0	0	0	0	0	0	0	0	0	0	0	
NUF2	16	0	0	0	0	0	0	0	0	0	0	0	0	0	0	0	0	0	0	0	0	0	0	0	0	0	0	0	0	0	
NUF2	17	0	0	0	0	0	0	0	0	0	0	0	0	0	0	0	0	0	0	0	0	0	0	0	0	0	0	0	0	0	
NUF2	18	0	0	0	0	0	0	0	0	0	0	0	0	0	0	0	0	0	0	0	0	0	0	0	0	0	0	0	0	0	
NUF2	19	0	0	0	0	0	0	0	0	0	0	0	0	0	0	0	0	0	0	0	0	0	0	0	0	0	0	0	0	0	
NUF2	20	0	0	0	0	0	0	0	0	0	0	0	0	0	0	0	0	0	0	0	0	0	0	0	0	0	0	0	0	0	
NUF2	21	0	0	0	0	0	0	0	0	0	0	0	0	0	0	0	0	0	0	0	0	0	0	0	0	0	0	0	0	0	
NUF2	22	0	0	0	0	0	0	0	0	0	0	0	0	0	0	0	0	0	0	0	0	0	0	0	0	0	0	0	0	0	
NUF2	23	0	0	0	0	0	0	0	0	0	0	0	0	0	0	0	0	0	0	0	0	0	0	0	0	0	0	0	0	0	
NUF2	24	0	0	0	0	0	0	0	0	0	0	0	0	0	0	0	0	0	0	0	0	0	0	0	0	0	0	0	0	0	
NUF2	25	0	0	0	0	0	0	0	0	0	0	0	0	0	0	0	0	0	0	0	0	0	0	0	0	0	0	0	0	0	
NUF2	26	0	0	0	0	0	0	0	0	0	0	0	0	0	0	0	0	0	0	0	0	0	0	0	0	0	0	0	0	0	
NUF2	27	0	0	0	0	0	0	0	0	0	0	0	0	0	0	0	0	0	0	0	0	0	0	0	0	0	0	0	0	0	
NUF2	28	0	0	0	0	0	0	0	0	0	0	0	0	0	0	0	0	0	0	0	0	0	0	0	0	0	0	0	0	0	
NUF2	29	0	0	0	0	0	0	0	0	0	0	0	0	0	0	0	0	0	0	0	0	0	0	0	0	0	0	0	0	0	
NUF2	30	0	0	0	0	0	0	0	0	0	0	0	0	0	0	0	0	0	0	0	0	0	0	0	0	0	0	0	0	0	
NUF2	31	0	0	0	0	0	0	0	0	0	0	0	0	0	0	0	0	0	0	0	0	0	0	0	0	0	0	0	0	0	
NUF2	32	0	0	0	0	0	0	0	0	0	0	0	0	0	0	0	0	0	0	0	0	0	0	0	0	0	0	0	0	0	
NUF2	33	0	0	0	0	0	0	0	0	0	0	0	0	0	0	0	0	0	0	0	0	0	0	0	0	0	0	0	0	0	
NUF2	34	0	0	0	0	0	0	0	0	0	0	0	0	0	0	0	0	0	0	0	0	0	0	0	0	0	0	0	0	0	
NUF2	35	0	0	0	0	0	0	0	0	0	0	0	0	0	0	0	0	0	0	0	0	0	0	0	0	0	0	0	0	0	
NUF2	36	0	0	0	0	0	0	0	0	0	0	0	0	0	0	0	0	0	0	0	0	0	0	0	0	0	0	0	0	0	
NUF2	37	0	0	0	0	0	0	0	0	0	0	0	0	0	0	0	0	0	0	0	0	0	0	0	0	0	0	0	0	0	
NUF2	38	0	0	0	0	0	0	0	0	0	0	0	0	0	0	0	0	0	0	0	0	0	0	0	0	0	0	0	0	0	
NUF2	39	0	0	0	0	0	0	0	0	0	0	0	0	0	0	0	0	0	0	0	0	0	0	0	0	0	0	0	0	0	
NUF2	40	0	0	0	0	0	0	0	0	0	0	0	0	0	0	0	0	0	0	0	0	0	0	0	0	0	0	0	0	0	
NUF2	41	0	0	0	0	0	0	0	0	0	0	0	0	0	0	0	0	0	0	0	0	0	0	0	0	0	0	0	0	0	
NUF2	42	0	0	0	0	0	0	0	0	0	0	0	0	0	0	0	0	0	0	0	0	0	0	0	0	0	0	0	0	0	
NUF2	43	0	0	0	0	0	0	0	0	0	0	0	0	0	0	0	0	0	0	0	0	0	0	0	0	0	0	0	0	0	
NUF2	44	0	0	0	0	0	0	0	0	0	0	0	0	0	0	0	0	0	0	0	0	0	0	0	0	0	0	0	0	0	
NUF2	45	0	0	0	0	0	0	0	0	0	0	0	0	0	0	0	0	0	0	0	0	0	0	0	0	0	0	0	0	0	
NUF2	46	0	0	0	0	0	0	0	0	0	0	0	0	0	0	0	0	0	0	0	0	0	0	0	0	0	0	0	0	0	
NUF2	47	0	0	0	0	0	0	0	0	0	0	0	0	0	0	0	0	0	0	0	0	0	0	0	0	0	0	0	0	0	
NUF2	48	0	0	0	0	0	0	0	0	0	0	0	0	0	0	0	0	0	0	0	0	0	0	0	0	0	0	0	0	0	
NUF2	49	0	0	0	0	0	0	0	0	0	0	0	0	0	0	0	0	0	0	0	0	0	0	0	0	0	0	0	0	0	
NUF2	50	0	0	0	0	0	0	0	0	0	0	0	0	0	0	0	0	0	0	0	0	0	0	0	0	0	0	0	0	0	
NUF2	51	0	0	0	0	0	0	0	0	0	0	0	0	0	0	0	0	0	0	0	0	0	0	0	0	0	0	0	0	0	
NUF2	52	0	0	0	0	0	0	0	0	0	0	0	0	0	0	0	0	0	0	0	0	0	0	0	0	0	0	0	0	0	
NUF2	53	0	0	0	0	0	0	0	0	0	0	0	0	0	0	0	0	0	0	0	0	0	0	0	0	0	0	0	0	0	
NUF2	54	0	0	0	0	0	0	0	0	0	0	0	0	0	0	0	0	0	0	0	0	0	0	0	0	0	0	0	0	0	
NUF2	55	0	0	0	0	0	0	0	0	0	0	0	0	0	0	0	0	0	0	0	0	0	0	0	0	0	0	0	0	0	
NUF2	56	0	0	0	0	0	0	0	0	0	0	0	0	0	0	0	0	0	0	0	0	0	0	0	0	0	0	0	0	0	
NUF2	57	0	0	0	0	0	0	0	0	0	0	0	0	0	0	0	0	0	0	0	0	0	0	0	0	0	0	0	0	0	
NUF2	58	0	0	0	0	0	0	0	0	0	0	0	0	0	0	0	0	0	0	0	0	0	0	0	0	0	0	0	0	0	
NUF2	59	0	0	0	0	0	0	0	0	0	0	0	0	0	0	0	0	0	0	0	0	0	0	0	0	0	0	0	0	0	
NUF2	60	0	0	0	0	0	0	0	0	0	0	0	0	0	0	0	0	0	0	0	0	0	0	0	0	0	0	0	0	0	
NUF2	61	0	0	0	0	0	0	0	0	0	0	0	0	0	0	0	0	0	0	0	0	0	0	0	0	0	0	0	0	0	
NUF2	62	0	0	0	0	0	0	0	0	0	0	0	0	0	0	0	0	0	0	0	0	0	0	0	0	0	0	0	0	0	
NUF2	63	0	0	0	0	0	0	0	0	0	0	0	0	0	0	0	0	0	0	0	0	0	0	0	0	0	0	0	0	0	
NUF2	64	0	0	0	0	0	0	0	0	0	0	0	0	0	0	0	0	0	0	0	0	0	0	0	0	0	0	0	0	0	
NUF2	65	0	0	0	0	0	0	0	0	0	0	0	0	0	0	0	0	0	0	0	0	0	0	0	0	0	0	0	0	0	
NUF2	66	0	0	0	0	0	0	0	0	0	0	0	0	0	0	0	0	0	0	0	0	0	0	0	0	0	0	0	0	0	
NUF2	67	0	0	0	0	0	0	0	0	0	0	0	0	0	0	0	0	0	0	0	0	0	0	0	0	0	0	0	0	0	
NUF2	68	0	0	0	0	0	0	0	0	0	0	0	0	0	0	0	0	0	0	0	0	0	0	0	0	0	0	0	0	0	
NUF2	69	0	0	0	0	0	0	0	0	0	0	0	0	0	0	0	0	0	0	0	0	0	0	0	0	0	0	0	0	0	
NUF2	70	0	0	0	0	0	0	0	0	0	0	0	0	0	0	0	0	0	0	0	0	0	0	0	0	0	0	0	0	0	
NUF2	71	0	0	0	0	0	0	0	0	0	0	0	0	0	0	0	0	0	0	0	0	0	0	0	0	0	0	0	0	0	
NUF2	72	0	0	0	0	0	0	0	0	0	0	0	0	0	0	0	0	0	0	0	0	0	0	0	0	0	0	0	0	0	
NUF2	73	0	0	0	0	0	0	0	0	0	0	0	0	0	0	0	0	0	0	0	0	0	0	0	0	0	0	0	0	0	
NUF2	74	0	0	0	0	0	0	0	0	0	0	0	0	0	0	0	0	0	0	0	0	0	0	0	0	0	0	0	0	0	
NUF2	75	0	0	0	0	0	0	0	0	0	0	0	0	0	0	0	0	0	0	0	0	0	0	0	0	0	0	0	0	0	
NUF2	76	0	0	0	0	0	0	0	0	0	0	0	0	0	0	0	0	0	0	0	0	0	0	0	0	0	0	0	0	0	
NUF2	77	0	0	0	0	0	0	0	0	0	0	0	0	0	0	0	0	0	0	0	0	0	0	0	0	0	0	0	0	0	
NUF2	78	0	0	0	0	0	0	0	0	0	0	0	0	0	0	0	0	0	0	0	0	0	0	0	0	0	0	0	0	0	
NUF2	79	0	0	0	0	0	0	0	0	0	0	0	0	0	0	0	0	0	0	0	0	0	0	0	0	0	0	0	0	0	
NUF2	80	0	0	0	0	0	0	0	0	0	0	0	0	0	0	0	0	0	0	0	0	0	0	0	0	0	0	0	0	0	
NUF2	81	0	0	0	0	0	0	0	0	0	0	0	0	0	0	0	0	0	0	0	0	0	0	0	0	0	0	0	0	0	
NUF2	82	0	0	0	0	0	0	0	0	0	0	0	0	0	0	0	0	0	0	0	0	0	0	0	0	0	0	0	0	0	
NUF2	83	0	0	0	0	0	0	0	0	0	0	0	0	0	0	0	0	0	0	0	0	0	0	0	0	0	0	0	0	0	
NUF2	84	0	0	0	0	0	0	0	0	0	0	0	0	0	0	0	0	0	0	0	0	0	0	0	0	0	0	0	0	0	
NUF2	85	0	0	0	0	0	0	0	0	0	0	0	0	0	0	0	0	0	0	0	0	0	0	0	0	0	0	0	0	0	
NUF2	86	0	0	0	0	0	0	0	0	0	0	0	0	0	0	0	0	0	0	0	0	0	0	0	0	0	0	0	0	0	
NUF2	87	0	0	0	0	0	0	0	0	0	0	0	0	0	0	0	0	0	0	0	0	0	0	0	0	0	0	0	0	0	
NUF2	88	0	0	0	0	0	0	0	0	0	0	0	0	0	0	0	0	0	0	0	0	0	0	0	0	0	0	0	0	0	
NUF2	89	0	0	0	0	0	0	0	0	0	0	0	0	0	0	0	0	0	0	0	0	0	0	0	0	0	0	0	0	0	
NUF2	90	0	0	0	0	0	0	0	0	0	0	0	0	0	0	0	0	0	0	0	0	0	0	0	0	0	0	0	0	0	
NUF2	91	0	0	0	0	0	0	0	0	0	0	0	0	0	0	0	0	0	0	0	0	0	0	0	0	0	0	0	0	0	
NUF2	92	0	0	0	0	0	0	0	0	0	0	0	0	0	0	0	0	0	0	0	0	0	0	0	0	0	0	0	0	0	
NUF2	93	0	0	0	0	0	0	0	0	0	0	0	0	0	0	0	0	0	0	0	0	0	0	0	0	0	0	0	0	0	
NUF2	94	0	0	0	0	0	0	0	0	0	0	0	0	0	0	0	0	0	0	0	0	0	0	0	0	0	0	0	0	0	
NUF2	95	0	0	0	0	0	0	0	0	0	0	0	0	0	0	0	0	0	0	0	0	0	0	0	0	0	0	0	0	0	
NUF2	96	0	0	0	0	0	0	0	0	0	0	0	0	0	0	0	0	0	0	0	0	0	0	0	0	0	0	0	0	0	
NUF2	97	0	0	0	0	0	0	2	0	0	0	0	0	2	2	7	0	0	3	25	3	6	0	0	0	14	16	3	2	2	
NUF2	98	0	0	0	0	0	0	2	0	0	0	0	0	2	2	7	0	0	3	25	3	6	0	0	0	14	16	3	2	2	
NUF2	99	0	0	0	0	0	0	2	0	0	0	0	0	2	2	7	0	0	3	25	3	6	0	0	0	14	16	3	2	2	
NUF2	100	0	0	0	0	0	0	2	0	0	0	0	0	2	2	7	0	0	3	25	3	6	0	0	0	14	16	3	2	2	
NUF2	101	0	0	0	0	0	0	2	0	0	0	0	0	2	2	7	0	0	3	25	3	6	0	0	0	14	16	3	2	2	
NUF2	102	0	0	0	0	0	0	2	0	0	0	0	0	2	2	7	0	0	3	25	3	6	0	0	0	14	16	3	2	2	
NUF2	103	0	0	0	0	0	0	2	0	0	0	0	0	2	2	7	0	0	3	25	3	6	0	0	0	14	16	3	2	2	
NUF2	104	0	0	0	0	0	0	2	0	0	0	0	0	2	2	7	0	0	3	25	3	6	0	0	0	14	16	3	2	2	
NUF2	105	0	0	0	0	0	0	2	0	0	0	0	0	2	2	7	0	0	3	25	3	6	0	0	0	14	16	3	2	2	
NUF2	106	0	0	0	0	0	0	2	0	0	0	0	0	2	2	7	0	0	3	25	3	6	0	0	0	14	16	3	2	2	
NUF2	107	0	0	0	0	0	0	2	0	0	0	0	0	2	2	7	0	0	3	25	3	6	0	0	0	14	16	3	2	2	
NUF2	108	0	0	0	0	0	0	2	0	0	0	0	0	2	2	7	0	0	3	25	3	6	0	0	0	14	16	3	2	2	
NUF2	109	0	0	0	0	0	0	2	0	0	0	0	0	2	2	7	0	0	3	25	3	6	0	0	0	14	16	3	2	2	
NUF2	110	0	0	0	0	0	0	2	0	0	0	0	0	2	2	7	0	0	3	25	3	6	0	0	0	14	16	3	2	2	
NUF2	111	0	0	0	0	0	0	2	0	0	0	0	0	2	2	7	0	0	3	25	3	6	0	0	0	14	16	3	2	2	
NUF2	112	0	0	0	0	0	0	2	0	0	0	0	0	2	2	7	0	0	3	25	3	6	0	0	0	14	16	3	2	2	
NUF2	113	0	0	0	0	0	0	2	0	0	0	0	0	2	2	7	0	0	3	25	3	6	0	0	0	14	16	3	2	2	
NUF2	114	0	0	0	0	0	0	2	0	0	0	0	0	2	2	7	0	0	3	25	3	6	0	0	0	14	16	3	2	2	
NUF2	115	0	0	0	0	0	0	2	0	0	0	0	0	2	2	7	0	0	3	25	3	6	0	0	0	14	16	3	2	2	
NUF2	116	0	0	0	0	0	0	2	0	0	0	0	0	2	2	7	0	0	3	25	3	6	0	0	0	14	16	3	2	2	
NUF2	117	0	0	0	0	0	0	2	0	0	0	0	0	2	2	7	0	0	3	25	3	6	0	0	0	14	16	3	2	2	
NUF2	118	0	0	0	0	0	0	2	0	0	0	0	0	2	2	7	0	0	3	25	3	6	0	0	0	14	16	3	2	2	
NUF2	119	0	0	0	0	0	0	0	0	0	0	5	3	6	11	18	0	0	4	8	0	4	0	0	0	0	0	0	0	0	
NUF2	120	0	0	0	0	0	0	0	0	0	0	5	3	6	11	18	0	0	4	8	0	4	0	0	0	0	0	0	0	0	
NUF2	121	0	0	0	0	0	0	0	0	0	0	5	3	6	11	18	0	0	4	8	0	4	0	0	0	0	0	0	0	0	
NUF2	122	0	0	0	0	0	0	0	0	0	5	12	6	9	15	22	0	0	6	42	4	19	0	2	2	3	3	0	0	0	
NUF2	123	0	0	0	0	0	0	0	0	0	5	12	6	9	15	22	0	0	6	42	4	19	0	2	2	3	3	0	0	0	
NUF2	124	0	0	0	0	0	0	0	0	0	5	12	6	9	15	22	0	0	6	42	4	19	0	2	2	3	3	0	0	0	
NUF2	125	0	0	0	0	0	0	0	0	0	5	12	6	9	15	22	0	0	6	42	4	19	0	2	2	3	3	0	0	0	
NUF2	126	0	0	0	0	0	0	0	0	0	5	12	6	9	15	22	0	0	6	42	4	19	0	2	2	3	3	0	0	0	
NUF2	127	0	0	0	0	0	0	0	0	0	5	12	6	9	15	22	0	0	6	42	4	19	0	2	2	3	3	0	0	0	
NUF2	128	0	0	0	0	0	0	0	0	0	5	12	6	9	15	22	0	0	6	42	4	19	0	2	2	3	3	0	0	0	
NUF2	129	0	0	0	0	0	0	0	0	0	5	12	6	9	15	22	0	0	6	42	4	19	0	2	2	3	3	0	0	0	
NUF2	130	0	0	0	0	0	0	0	0	0	5	12	6	9	15	22	0	0	6	42	4	19	0	2	2	3	3	0	0	0	
NUF2	131	0	0	0	0	0	0	0	0	0	5	12	6	9	15	22	0	0	6	42	4	19	0	2	2	3	3	0	0	0	
NUF2	132	0	0	0	0	0	0	0	0	0	2	2	0	3	9	7	0	0	4	0	2	0	0	0	0	0	0	0	0	0	
NUF2	133	0	0	0	0	0	0	0	0	0	2	2	0	3	9	7	0	0	4	0	2	0	0	0	0	0	0	0	0	0	
NUF2	134	0	0	0	0	0	0	0	0	0	0	0	0	0	2	0	0	0	0	0	2	0	0	0	0	0	0	0	0	0	
NUF2	135	0	0	0	0	0	0	0	0	0	0	0	0	0	2	0	0	0	0	0	2	0	0	0	0	0	0	0	0	0	
NUF2	136	0	0	0	0	0	0	0	0	0	0	0	0	0	2	0	0	0	0	0	2	0	0	0	0	0	0	0	0	0	
NUF2	137	0	0	0	0	0	0	0	0	0	0	0	0	0	0	0	0	0	0	30	0	21	0	0	0	0	0	0	0	0	
NUF2	138	0	0	0	0	0	0	0	0	0	0	0	0	0	0	0	0	0	0	30	0	21	0	0	0	0	0	0	0	0	
NUF2	139	0	0	0	0	0	0	0	0	0	0	0	0	0	0	0	0	0	0	30	0	21	0	0	0	0	0	0	0	0	
NUF2	140	0	0	0	0	0	0	0	0	0	0	0	0	0	0	0	0	0	0	30	0	21	0	0	0	0	0	0	0	0	
NUF2	141	0	0	0	0	0	0	0	0	0	0	0	0	0	0	0	0	0	0	30	0	21	0	0	0	0	0	0	0	0	
NUF2	142	0	0	0	0	0	0	0	0	0	0	0	0	0	0	0	0	0	0	30	0	21	0	0	0	0	0	0	0	0	
NUF2	143	0	0	0	0	0	0	0	0	0	0	0	0	0	0	0	0	0	0	30	0	21	0	0	0	0	0	0	0	0	
NUF2	144	0	0	0	0	0	0	0	0	0	0	0	0	0	0	0	0	0	0	30	0	21	0	0	0	0	0	0	0	0	
NUF2	145	0	0	0	0	0	0	0	0	0	0	0	0	0	0	0	0	0	0	30	0	21	0	0	0	0	0	0	0	0	
NUF2	146	0	0	0	0	0	0	0	0	0	0	0	0	0	0	0	0	0	0	30	0	21	0	0	0	0	0	0	0	0	
NUF2	147	0	0	0	0	0	0	0	0	0	0	0	0	0	0	0	0	0	0	30	0	21	0	0	0	0	0	0	0	0	
NUF2	148	0	0	0	0	0	0	0	0	0	0	0	0	0	0	0	0	0	0	30	0	21	0	0	0	0	0	0	0	0	
NUF2	149	0	0	0	0	0	0	0	0	0	0	0	0	0	0	0	0	0	0	30	0	21	0	0	0	0	0	0	0	0	
NUF2	150	0	0	0	0	0	0	0	0	0	0	0	0	0	0	0	0	0	0	30	0	21	0	0	0	0	0	0	0	0	
NUF2	151	0	0	0	0	0	0	0	0	0	0	0	0	0	0	0	0	0	0	30	0	21	0	0	0	0	0	0	0	0	
NUF2	152	0	0	0	0	0	0	0	0	0	0	0	0	0	0	0	0	0	0	30	0	21	0	0	0	0	0	0	0	0	
NUF2	153	0	0	0	0	0	0	0	0	0	0	0	0	0	0	0	0	0	0	30	0	21	0	0	0	0	0	0	0	0	
NUF2	154	0	0	0	0	0	0	0	0	0	0	0	0	0	0	0	0	0	0	30	0	21	0	0	0	0	0	0	0	0	
NUF2	155	0	0	0	0	0	0	0	0	0	0	0	0	0	0	0	0	0	0	30	0	21	0	0	0	0	0	0	0	0	
NUF2	156	0	0	0	0	0	0	2	3	0	2	3	0	4	2	7	0	0	3	25	3	11	0	0	0	10	10	10	22	7	
NUF2	157	0	0	0	0	0	0	2	3	0	2	3	0	4	2	7	0	0	3	25	3	11	0	0	0	10	10	10	22	7	
NUF2	158	0	0	0	0	0	0	4	3	0	2	3	0	4	2	7	0	0	3	29	5	11	0	0	0	12	12	12	26	7	
NUF2	159	0	0	0	0	0	0	4	3	0	2	3	0	4	2	7	0	0	3	29	5	11	0	0	0	12	12	12	26	7	
NUF2	160	0	0	0	0	0	0	4	3	0	2	3	0	4	2	7	0	0	3	29	5	11	0	0	0	12	12	12	26	7	
NUF2	161	0	0	0	0	0	0	4	3	0	2	3	0	4	2	7	0	0	3	29	5	11	0	0	0	12	12	12	26	7	
NUF2	162	0	0	0	0	0	0	4	3	0	2	3	0	4	2	7	0	0	3	29	5	11	0	0	0	12	12	12	26	7	
NUF2	163	0	0	0	0	0	0	4	3	0	2	3	0	4	2	7	0	0	3	29	5	11	0	0	0	12	12	12	26	7	
NUF2	164	0	0	0	0	0	0	4	3	0	2	3	0	4	2	7	0	0	3	29	5	11	0	0	0	12	12	12	26	7	
NUF2	165	0	0	0	0	0	0	4	3	0	2	3	0	4	2	7	0	0	3	29	5	11	0	0	0	12	12	12	26	7	
NUF2	166	0	0	0	0	0	0	4	3	0	2	3	0	4	2	7	0	0	3	29	5	11	0	0	0	12	12	12	26	7	
NUF2	167	0	0	0	0	0	0	4	3	0	2	3	0	4	2	7	0	0	3	29	5	11	0	0	0	12	12	12	26	7	
NUF2	168	0	0	0	0	0	0	4	3	0	2	3	0	4	2	7	0	0	3	29	5	11	0	0	0	12	12	12	26	7	
NUF2	169	0	0	0	0	0	0	4	3	0	2	3	0	4	2	7	0	0	3	29	5	11	0	0	0	12	12	12	26	7	
NUF2	170	0	0	0	0	0	0	0	0	0	0	0	0	0	0	8	0	0	5	77	0	19	0	0	0	10	7	4	0	0	
NUF2	171	0	0	0	0	0	0	0	0	0	0	0	0	0	0	8	0	0	5	77	0	19	0	0	0	10	7	4	0	0	
NUF2	172	0	0	0	0	0	0	0	0	0	0	0	0	0	0	8	0	0	5	77	0	19	0	0	0	10	7	4	0	0	
NUF2	173	0	0	0	0	0	0	0	0	0	0	0	0	0	0	8	0	0	5	77	0	19	0	0	0	10	7	4	0	0	
NUF2	174	0	0	0	0	0	0	0	0	0	0	0	0	0	0	8	0	0	5	77	0	19	0	0	0	10	7	4	0	0	
NUF2	175	0	0	0	0	0	0	0	0	0	0	0	0	0	0	8	0	0	5	77	0	19	0	0	0	10	7	4	0	0	
NUF2	176	0	0	0	0	0	0	0	0	0	0	0	0	0	0	8	0	0	5	77	0	19	0	0	0	10	7	4	0	0	
NUF2	177	0	0	0	0	0	0	0	0	0	0	0	0	0	0	8	0	0	5	77	0	19	0	0	0	10	7	4	0	0	
NUF2	178	0	0	0	0	0	0	0	0	0	0	0	0	0	0	8	0	0	5	77	0	19	0	0	0	10	7	4	0	0	
NUF2	179	0	0	0	0	0	0	0	0	0	0	0	0	0	0	8	0	0	5	77	0	19	0	0	0	10	7	4	0	0	
NUF2	180	0	0	0	0	0	0	0	0	0	0	0	0	0	0	8	0	0	5	77	0	19	0	0	0	10	7	4	0	0	
NUF2	181	0	0	0	0	0	0	0	0	0	0	0	0	0	0	8	0	0	5	77	0	19	0	0	0	10	7	4	0	0	
NUF2	182	0	0	0	0	0	0	0	0	0	0	0	0	0	0	8	0	0	5	77	0	19	0	0	0	10	7	4	0	0	
NUF2	183	0	0	0	0	0	0	0	0	0	0	0	0	0	0	8	0	0	5	77	0	19	0	0	0	10	7	4	0	0	
NUF2	184	0	0	0	0	0	0	0	0	0	0	0	0	0	0	8	0	0	5	77	0	19	0	0	0	10	7	4	0	0	
NUF2	185	0	0	0	0	0	0	0	0	0	0	0	0	0	0	8	0	0	5	77	0	19	0	0	0	10	7	4	0	0	
NUF2	186	0	0	0	0	0	0	0	0	0	0	0	0	0	0	8	0	0	5	77	0	19	0	0	0	10	7	4	0	0	
NUF2	187	0	0	0	0	0	0	0	0	0	0	0	0	0	0	8	0	0	5	77	0	19	0	0	0	10	7	4	0	0	
NUF2	188	0	0	0	0	0	0	0	0	0	5	5	3	8	8	15	5	4	10	79	5	22	0	0	0	14	16	12	9	5	
NUF2	189	0	0	0	0	0	0	0	0	0	5	5	3	8	8	15	5	4	10	79	5	22	0	0	0	14	16	12	9	5	
NUF2	190	0	0	0	0	0	0	0	0	0	5	5	3	8	8	15	5	4	10	79	5	22	0	0	0	14	16	12	9	5	
NUF2	191	0	0	0	0	0	0	0	0	0	5	5	3	8	8	15	5	4	10	79	5	22	0	0	0	14	16	12	9	5	
NUF2	192	0	0	0	0	0	0	0	0	0	5	5	3	8	8	15	5	4	10	79	5	22	0	0	0	14	16	12	9	5	
NUF2	193	0	0	0	0	0	0	0	0	0	5	5	3	8	8	15	5	4	10	79	5	22	0	0	0	14	16	12	9	5	
NUF2	194	0	0	0	0	0	0	0	2	0	7	7	5	10	10	15	5	4	10	71	5	20	0	0	0	13	15	10	9	5	
NUF2	195	0	0	0	0	0	0	0	2	0	7	7	5	10	10	15	5	4	10	71	5	20	0	0	0	13	15	10	9	5	
NUF2	196	0	0	0	0	0	0	0	2	0	7	7	5	10	10	15	5	4	10	71	5	20	0	0	0	13	15	10	9	5	
NUF2	197	0	0	0	0	0	0	0	2	0	7	7	5	10	10	15	5	4	10	71	5	20	0	0	0	13	15	10	9	5	
NUF2	198	0	0	0	0	0	0	0	2	0	7	7	5	10	10	15	5	4	10	71	5	20	0	0	0	13	15	10	9	5	
NUF2	199	0	0	0	0	0	0	0	2	0	7	7	5	10	10	15	5	4	10	71	5	20	0	0	0	13	15	10	9	5	
NUF2	200	0	0	0	0	0	0	0	2	0	7	7	5	10	10	15	5	4	10	71	5	20	0	0	0	13	15	10	9	5	
NUF2	201	0	0	0	0	0	0	0	0	0	2	2	0	2	2	4	3	2	0	5	2	2	0	0	0	0	2	0	2	2	
NUF2	202	0	0	0	0	0	0	0	0	0	0	0	0	0	0	0	0	0	2	0	0	0	0	0	0	0	0	0	0	0	
NUF2	203	0	0	0	0	0	0	0	0	0	0	0	0	0	0	0	0	0	2	0	0	0	0	0	0	0	0	0	0	0	
NUF2	204	0	0	0	0	0	0	0	0	0	0	0	0	0	0	0	0	0	2	0	0	0	0	0	0	0	0	0	0	0	
NUF2	205	0	0	0	0	0	0	11	3	2	3	4	2	8	4	15	3	4	21	41	15	26	0	8	0	21	4	2	3	4	
NUF2	206	0	0	0	0	0	0	11	3	2	3	4	2	8	4	15	3	4	21	41	15	26	0	8	0	21	4	2	3	4	
NUF2	207	0	0	0	0	0	0	11	3	2	3	4	2	8	4	15	3	4	21	41	15	26	0	8	0	21	4	2	3	4	
NUF2	208	0	0	0	0	0	0	11	3	2	3	4	2	8	4	15	3	4	21	41	15	26	0	8	0	21	4	2	3	4	
NUF2	209	0	0	0	0	0	0	11	3	2	3	4	2	8	4	15	3	4	21	41	15	26	0	8	0	21	4	2	3	4	
NUF2	210	0	0	0	0	0	0	11	3	2	3	4	2	8	4	15	3	4	21	41	15	26	0	8	0	21	4	2	3	4	
NUF2	211	0	0	0	0	0	0	11	3	2	3	4	2	8	4	15	3	4	21	41	15	26	0	8	0	21	4	2	3	4	
NUF2	212	0	0	0	0	0	0	11	3	2	3	4	2	8	4	15	3	4	21	41	15	26	0	8	0	21	4	2	3	4	
NUF2	213	0	0	0	0	0	0	11	3	2	3	4	2	8	4	15	3	4	21	41	15	26	0	8	0	21	4	2	3	4	
NUF2	214	0	0	0	0	0	0	11	3	2	3	4	2	8	4	15	3	4	21	41	15	26	0	8	0	21	4	2	3	4	
NUF2	215	0	0	0	0	0	0	11	3	2	3	4	2	8	4	15	3	4	21	41	15	26	0	8	0	21	4	2	3	4	
NUF2	216	0	0	0	0	0	0	11	3	2	3	4	2	8	4	15	3	4	21	41	15	26	0	8	0	21	4	2	3	4	
NUF2	217	0	0	0	0	0	0	11	3	2	3	4	2	8	4	15	3	4	21	41	15	26	0	8	0	21	4	2	3	4	
NUF2	218	0	0	0	0	0	0	2	0	0	0	0	0	0	0	0	0	2	4	0	2	0	0	0	0	0	0	0	0	0	
NUF2	219	0	0	0	0	0	0	2	0	0	0	0	0	0	0	0	0	2	4	0	2	0	0	0	0	0	0	0	0	0	
NUF2	220	0	0	0	0	0	0	2	0	0	0	0	0	0	0	0	0	2	4	0	2	0	0	0	0	0	0	0	0	0	
NUF2	221	0	0	0	0	0	0	0	0	0	2	0	0	2	0	2	0	0	0	0	0	2	0	0	0	0	0	0	0	0	
NUF2	222	0	0	0	0	0	0	0	0	0	2	0	0	2	0	2	0	0	0	0	0	2	0	0	0	0	0	0	0	0	
NUF2	223	0	0	0	0	0	0	0	0	0	2	0	0	2	0	2	0	0	0	0	0	2	0	0	0	0	0	0	0	0	
NUF2	224	0	0	0	0	0	0	0	0	0	2	0	0	2	0	2	0	0	0	0	0	2	0	0	0	0	0	0	0	0	
NUF2	225	0	0	0	0	0	0	0	0	0	2	0	0	2	0	2	0	0	0	0	0	2	0	0	0	0	0	0	0	0	
NUF2	226	0	0	0	2	0	0	0	0	0	2	0	0	4	0	6	0	0	0	51	0	50	0	0	0	38	48	33	23	19	
NUF2	227	0	0	0	2	0	0	0	0	0	2	0	0	4	0	6	0	0	0	51	0	50	0	0	0	38	48	33	23	19	
NUF2	228	0	0	0	2	0	0	0	0	0	2	0	0	4	0	6	0	0	0	51	0	50	0	0	0	38	48	33	23	19	
NUF2	229	0	0	0	2	0	0	0	0	0	2	0	0	4	0	6	0	0	0	51	0	50	0	0	0	38	48	33	23	19	
NUF2	230	0	0	0	2	0	0	0	0	0	2	0	0	4	0	6	0	0	0	51	0	50	0	0	0	38	48	33	23	19	
NUF2	231	0	0	0	2	0	0	0	0	0	2	0	0	4	0	6	0	0	0	51	0	50	0	0	0	38	48	33	23	19	
NUF2	232	0	0	0	2	0	0	0	0	0	2	0	0	4	0	6	0	0	0	51	0	50	0	0	0	38	48	33	23	19	
NUF2	233	0	0	0	2	0	0	0	0	0	2	0	0	4	0	6	0	0	0	51	0	50	0	0	0	38	48	33	23	19	
NUF2	234	0	0	0	2	0	0	0	0	0	2	0	0	4	0	6	0	0	0	51	0	50	0	0	0	38	48	33	23	19	
NUF2	235	0	0	0	2	0	0	0	0	0	2	0	0	4	0	6	0	0	0	51	0	50	0	0	0	38	48	33	23	19	
NUF2	236	0	0	0	2	0	0	0	0	0	2	0	0	4	0	6	0	0	0	51	0	50	0	0	0	38	48	33	23	19	
NUF2	237	0	0	0	2	0	0	0	0	0	2	0	0	4	0	6	0	0	0	51	0	50	0	0	0	38	48	33	23	19	
NUF2	238	0	0	0	2	0	0	0	0	0	2	0	0	4	0	6	0	0	0	51	0	50	0	0	0	38	48	33	23	19	
NUF2	239	0	0	0	2	0	0	0	0	0	2	0	0	4	0	6	0	0	0	51	0	50	0	0	0	38	48	33	23	19	
NUF2	240	0	0	0	2	0	0	0	0	0	2	0	0	4	0	6	0	0	0	51	0	50	0	0	0	38	48	33	23	19	
NUF2	241	0	0	0	2	0	0	0	0	0	2	0	0	4	0	6	0	0	0	51	0	50	0	0	0	38	48	33	23	19	
NUF2	242	0	0	0	0	0	0	0	0	0	2	0	0	4	0	6	0	0	0	28	0	29	0	0	0	5	5	4	3	5	
NUF2	243	0	0	0	0	0	0	0	0	0	2	0	0	4	0	6	0	0	0	28	0	29	0	0	0	5	5	4	3	5	
NUF2	244	0	0	0	0	0	0	0	0	0	0	0	0	2	0	2	0	0	0	0	0	11	0	0	0	0	0	0	0	0	
NUF2	245	0	0	0	0	0	0	0	0	0	0	0	0	2	0	2	0	0	0	0	0	11	0	0	0	0	0	0	0	0	
NUF2	246	0	0	0	0	0	0	0	0	0	0	0	0	2	0	2	0	0	0	0	0	11	0	0	0	0	0	0	0	0	
NUF2	247	0	0	0	2	0	0	4	0	0	8	3	3	5	3	16	3	2	11	48	2	77	0	0	0	20	11	4	6	0	
NUF2	248	0	0	0	2	0	0	4	0	0	8	3	3	5	3	16	3	2	11	48	2	77	0	0	0	20	11	4	6	0	
NUF2	249	0	0	0	2	0	0	4	0	0	8	3	3	5	3	16	3	2	11	48	2	77	0	0	0	20	11	4	6	0	
NUF2	250	0	0	0	2	0	0	4	0	0	8	3	3	5	3	16	3	2	11	48	2	77	0	0	0	20	11	4	6	0	
NUF2	251	0	0	0	2	0	0	4	0	0	8	3	3	5	3	16	3	2	11	48	2	77	0	0	0	20	11	4	6	0	
NUF2	252	0	0	0	2	0	0	4	0	0	8	3	3	5	3	16	3	2	11	48	2	77	0	0	0	20	11	4	6	0	
NUF2	253	0	0	0	2	0	0	4	0	0	8	3	3	5	3	16	3	2	11	48	2	77	0	0	0	20	11	4	6	0	
NUF2	254	0	0	0	2	0	0	4	0	0	8	3	3	5	3	16	3	2	11	48	2	77	0	0	0	20	11	4	6	0	
NUF2	255	0	0	0	2	0	0	4	0	0	8	3	3	5	3	16	3	2	11	48	2	77	0	0	0	20	11	4	6	0	
NUF2	256	0	0	0	2	0	0	4	0	0	8	3	3	5	3	16	3	2	11	48	2	77	0	0	0	20	11	4	6	0	
NUF2	257	0	0	0	2	0	0	4	0	0	8	3	3	5	3	16	3	2	11	48	2	77	0	0	0	20	11	4	6	0	
NUF2	258	0	0	0	2	0	0	4	0	0	8	3	3	5	3	16	3	2	11	48	2	77	0	0	0	20	11	4	6	0	
NUF2	259	0	0	0	2	0	0	4	0	0	8	3	3	5	3	16	3	2	11	48	2	77	0	0	0	20	11	4	6	0	
NUF2	260	0	0	0	2	0	0	4	0	0	8	3	3	5	3	16	3	2	11	48	2	77	0	0	0	20	11	4	6	0	
NUF2	261	0	0	2	2	0	0	6	2	0	4	3	2	3	2	12	3	2	9	33	4	65	0	0	0	12	10	0	2	3	
NUF2	262	0	0	2	2	0	0	6	2	0	4	3	2	3	2	12	3	2	9	33	4	65	0	0	0	12	10	0	2	3	
NUF2	263	0	0	2	2	0	0	6	2	0	4	3	2	3	2	12	3	2	9	33	4	65	0	0	0	12	10	0	2	3	
NUF2	264	0	0	2	2	0	0	6	2	0	4	3	2	3	2	12	3	2	9	33	4	65	0	0	0	12	10	0	2	3	
NUF2	265	0	0	2	2	0	0	6	2	0	4	3	2	3	2	12	3	2	9	33	4	65	0	0	0	12	10	0	2	3	
NUF2	266	0	0	2	2	0	0	6	2	0	4	3	2	3	2	12	3	2	9	33	4	65	0	0	0	12	10	0	2	3	
NUF2	267	0	0	2	2	0	0	6	2	0	4	3	2	3	2	12	3	2	9	33	4	65	0	0	0	12	10	0	2	3	
NUF2	268	0	0	2	2	0	0	6	2	0	4	3	2	3	2	12	3	2	9	33	4	65	0	0	0	12	10	0	2	3	
NUF2	269	0	0	2	2	0	0	6	2	0	4	3	2	3	2	12	3	2	9	33	4	65	0	0	0	12	10	0	2	3	
NUF2	270	0	0	0	0	0	0	4	6	2	4	6	3	6	10	10	2	4	17	5	3	12	0	0	0	0	0	0	0	0	
NUF2	271	0	0	0	0	0	0	2	8	4	8	11	5	10	15	10	4	2	15	6	5	8	0	0	0	0	2	6	0	0	
NUF2	272	0	0	0	0	0	0	21	29	17	33	44	13	34	40	33	7	5	42	19	27	16	0	0	0	6	4	9	0	0	
NUF2	273	0	0	0	0	0	0	21	29	17	33	44	13	34	40	33	7	5	42	19	27	16	0	0	0	6	4	9	0	0	
NUF2	274	0	0	0	0	0	0	21	29	17	33	44	13	34	40	33	7	5	42	19	27	16	0	0	0	6	4	9	0	0	
NUF2	275	0	0	0	0	0	0	21	29	17	33	44	13	34	40	33	7	5	42	19	27	16	0	0	0	6	4	9	0	0	
NUF2	276	0	0	0	0	0	0	21	29	17	33	44	13	34	40	33	7	5	42	19	27	16	0	0	0	6	4	9	0	0	
NUF2	277	0	0	0	0	0	0	21	29	17	33	44	13	34	40	33	7	5	42	19	27	16	0	0	0	6	4	9	0	0	
NUF2	278	0	0	0	0	0	0	21	29	17	33	44	13	34	40	33	7	5	42	19	27	16	0	0	0	6	4	9	0	0	
NUF2	279	0	0	0	0	0	0	21	29	17	33	44	13	34	40	33	7	5	42	19	27	16	0	0	0	6	4	9	0	0	
NUF2	280	0	0	0	0	0	0	21	29	17	33	44	13	34	40	33	7	5	42	19	27	16	0	0	0	6	4	9	0	0	
NUF2	281	0	0	0	0	0	0	21	29	17	33	44	13	34	40	33	7	5	42	19	27	16	0	0	0	6	4	9	0	0	
NUF2	282	0	0	0	0	0	0	0	0	0	0	0	0	0	0	0	0	0	0	0	0	0	0	0	0	0	0	0	0	0	
NUF2	283	0	0	0	0	0	0	0	0	0	0	0	0	0	0	0	0	0	0	0	0	0	0	0	0	0	0	0	0	0	
NUF2	284	0	0	0	0	0	0	0	0	0	0	0	0	0	0	0	0	0	0	0	0	0	0	0	0	0	0	0	0	0	
NUF2	285	0	0	0	0	0	0	0	0	0	0	0	0	0	0	0	0	0	0	0	0	0	0	0	0	0	0	0	0	0	
NUF2	286	0	0	0	0	0	0	0	0	0	0	0	0	0	0	0	0	0	0	0	0	0	0	0	0	0	0	0	0	0	
NUF2	287	0	0	0	0	0	0	0	0	0	0	0	0	0	0	0	0	0	0	0	0	0	0	0	0	0	0	0	0	0	
NUF2	288	0	0	0	0	0	0	0	0	0	0	0	0	0	0	0	0	0	0	0	0	0	0	0	0	0	0	0	0	0	
NUF2	289	0	0	0	0	0	0	0	0	0	0	0	0	0	0	0	0	0	0	0	0	0	0	0	0	0	0	0	0	0	
NUF2	290	0	0	0	0	0	0	0	0	0	0	0	0	0	0	0	0	0	0	0	0	0	0	0	0	0	0	0	0	0	
NUF2	291	0	0	0	0	0	0	0	0	0	0	0	0	0	0	0	0	0	0	0	0	0	0	0	0	0	0	0	0	0	
NUF2	292	0	0	0	0	0	0	0	0	0	0	0	0	0	0	0	0	0	0	0	0	0	0	0	0	0	0	0	0	0	
NUF2	293	0	0	0	0	0	0	0	0	0	0	0	0	0	0	0	0	0	0	0	0	0	0	0	0	0	0	0	0	0	
NUF2	294	0	0	0	0	0	0	0	0	0	0	0	0	0	0	0	0	0	0	0	0	0	0	0	0	0	0	0	0	0	
NUF2	295	0	0	0	0	0	0	0	0	0	0	0	0	0	0	0	0	0	0	0	0	0	0	0	0	0	0	0	0	0	
NUF2	296	0	0	0	0	0	0	0	0	0	0	0	0	0	0	0	0	0	0	0	0	0	0	0	0	0	0	0	0	0	
NUF2	297	0	0	0	0	0	0	0	0	0	0	0	0	0	0	0	0	0	0	0	0	0	0	0	0	0	0	0	0	0	
NUF2	298	0	0	0	0	0	0	0	0	0	0	0	0	0	0	0	0	0	0	0	0	0	0	0	0	0	0	0	0	0	
NUF2	299	0	0	0	0	0	0	0	0	0	0	0	0	0	0	0	0	0	0	0	0	0	0	0	0	0	0	0	0	0	
NUF2	300	0	0	0	0	0	0	0	0	0	0	0	0	0	0	0	0	0	0	0	0	0	0	0	0	0	0	0	0	0	
NUF2	301	0	0	0	0	0	0	0	0	0	0	0	0	0	0	0	0	0	0	0	0	0	0	0	0	0	0	0	0	0	
NUF2	302	0	0	0	0	0	0	0	0	0	0	0	0	0	0	0	0	0	0	0	0	0	0	0	0	0	0	0	0	0	
NUF2	303	0	0	0	0	0	0	0	0	0	0	0	2	5	2	6	0	0	2	57	2	23	0	0	0	22	14	10	11	4	
NUF2	304	0	0	0	0	0	0	0	0	0	0	0	2	5	2	6	0	0	2	57	2	23	0	0	0	22	14	10	11	4	
NUF2	305	0	0	0	0	0	0	0	0	0	0	0	2	5	2	6	0	0	2	57	2	23	0	0	0	22	14	10	11	4	
NUF2	306	0	0	0	0	0	0	0	0	0	0	0	2	5	2	6	0	0	2	57	2	23	0	0	0	22	14	10	11	4	
NUF2	307	0	0	0	0	0	0	0	0	0	0	0	2	5	2	6	0	0	2	57	2	23	0	0	0	22	14	10	11	4	
NUF2	308	0	0	0	0	0	0	0	0	0	0	0	2	5	2	6	0	0	2	57	2	23	0	0	0	22	14	10	11	4	
NUF2	309	0	0	0	0	0	0	0	0	0	0	0	2	5	2	6	0	0	2	57	2	23	0	0	0	22	14	10	11	4	
NUF2	310	0	0	0	0	0	0	0	0	0	0	0	2	5	2	6	0	0	2	57	2	23	0	0	0	22	14	10	11	4	
NUF2	311	0	0	0	0	0	0	0	0	0	0	0	2	5	2	6	0	0	2	57	2	23	0	0	0	22	14	10	11	4	
NUF2	312	0	0	0	0	0	0	0	0	0	0	0	2	5	2	6	0	0	2	57	2	23	0	0	0	22	14	10	11	4	
NUF2	313	0	0	0	0	0	0	0	0	0	0	0	2	5	2	6	0	0	2	57	2	23	0	0	0	22	14	10	11	4	
NUF2	314	0	0	0	0	0	0	0	0	0	0	0	0	7	2	6	0	0	2	58	6	20	0	0	0	23	11	11	9	6	
NUF2	315	0	0	0	0	0	0	0	0	0	0	0	0	7	2	6	0	0	2	58	6	20	0	0	0	23	11	11	9	6	
NUF2	316	0	0	0	0	0	0	0	0	0	0	0	0	7	2	6	0	0	2	58	6	20	0	0	0	23	11	11	9	6	
NUF2	317	0	0	0	0	0	0	0	0	0	0	0	0	7	2	6	0	0	2	58	6	20	0	0	0	23	11	11	9	6	
NUF2	318	0	0	0	0	0	0	0	0	0	0	0	0	7	2	6	0	0	2	58	6	20	0	0	0	23	11	11	9	6	
NUF2	319	0	0	0	0	0	0	0	0	0	0	0	0	7	2	6	0	0	2	58	6	20	0	0	0	23	11	11	9	6	
NUF2	320	0	0	0	0	0	0	0	0	0	0	0	0	7	2	6	0	0	2	58	6	20	0	0	0	23	11	11	9	6	
NUF2	321	0	0	0	0	0	0	0	0	0	0	0	0	7	2	6	0	0	2	58	6	20	0	0	0	23	11	11	9	6	
NUF2	322	0	0	0	0	0	0	0	0	0	0	0	0	7	2	6	0	0	2	58	6	20	0	0	0	23	11	11	9	6	
NUF2	323	0	0	0	0	0	0	0	0	0	0	0	0	2	2	4	0	0	2	3	2	3	0	0	0	0	0	0	0	0	
NUF2	324	0	0	0	0	0	0	0	0	0	0	0	0	2	2	4	0	0	2	3	2	3	0	0	0	0	0	0	0	0	
NUF2	325	0	0	0	0	0	0	0	0	0	0	0	0	2	2	4	0	0	2	3	2	3	0	0	0	0	0	0	0	0	
NUF2	326	0	0	0	0	0	0	0	0	0	0	0	0	2	2	4	0	0	2	3	2	3	0	0	0	0	0	0	0	0	
NUF2	327	0	0	0	0	0	0	0	0	0	0	0	0	2	2	4	0	0	2	3	2	3	0	0	0	0	0	0	0	0	
NUF2	328	0	0	0	0	0	0	0	0	0	0	0	0	2	2	4	0	0	2	3	2	3	0	0	0	0	0	0	0	0	
NUF2	329	0	0	0	0	0	0	0	0	0	0	0	0	2	2	4	0	0	2	3	2	3	0	0	0	0	0	0	0	0	
NUF2	330	0	0	0	0	0	0	0	0	0	0	0	0	0	0	0	0	0	2	0	2	0	0	0	0	0	2	0	0	2	
NUF2	331	0	0	0	0	0	0	0	0	0	0	0	0	0	0	0	0	0	2	0	2	0	0	0	0	0	2	0	0	2	
NUF2	332	0	0	0	0	0	0	0	0	0	0	0	0	0	0	0	0	0	0	4	0	6	0	0	0	11	5	25	27	20	
NUF2	333	0	0	0	0	0	0	0	0	0	0	0	0	0	0	0	0	0	0	4	0	6	0	0	0	11	5	25	27	20	
NUF2	334	0	0	0	0	0	0	0	0	0	0	0	0	0	0	0	0	0	0	4	0	6	0	0	0	11	5	25	27	20	
NUF2	335	0	0	0	0	0	0	0	0	0	0	0	0	0	0	0	0	0	0	4	0	6	0	0	0	11	5	25	27	20	
NUF2	336	0	0	0	0	0	0	0	0	0	0	0	0	0	0	0	0	0	0	4	0	6	0	0	0	11	5	25	27	20	
NUF2	337	0	0	0	0	0	0	0	0	0	0	0	0	0	0	0	0	0	0	4	0	6	0	0	0	11	5	25	27	20	
NUF2	338	0	0	0	0	0	0	0	0	0	0	0	0	0	0	0	0	0	0	4	0	6	0	0	0	11	5	25	27	20	
NUF2	339	0	0	0	0	0	0	0	0	0	0	0	0	0	0	0	0	0	0	4	0	6	0	0	0	11	5	25	27	20	
NUF2	340	0	0	0	0	0	0	0	0	0	0	0	0	0	0	0	0	0	0	4	0	6	0	0	0	11	5	25	27	20	
NUF2	341	0	0	0	0	0	0	0	0	0	0	0	0	0	0	0	0	0	0	4	0	6	0	0	0	11	5	25	27	20	
NUF2	342	0	0	0	0	0	0	0	0	0	0	0	0	0	0	0	0	0	0	4	0	6	0	0	0	11	5	25	27	20	
NUF2	343	0	0	0	0	0	0	0	0	0	0	0	0	0	0	0	0	0	0	4	0	6	0	0	0	11	5	25	27	20	
NUF2	344	0	0	0	0	0	0	0	0	0	0	0	0	0	0	2	0	0	2	9	0	6	0	0	0	0	2	4	0	0	
NUF2	345	0	0	0	0	0	0	0	0	0	0	0	0	0	0	2	0	0	2	9	0	6	0	0	0	0	2	4	0	0	
NUF2	346	0	0	0	0	0	0	0	0	0	0	0	0	0	0	2	0	0	2	9	0	6	0	0	0	0	2	4	0	0	
NUF2	347	0	0	0	0	0	0	0	0	0	0	0	0	0	0	2	0	0	2	9	0	6	0	0	0	0	2	4	0	0	
NUF2	348	0	0	0	0	0	0	0	0	0	0	0	0	0	0	2	0	0	2	9	0	6	0	0	0	0	2	4	0	0	
NUF2	349	0	0	0	0	0	0	0	0	0	0	0	0	0	0	2	0	0	2	9	0	6	0	0	0	0	2	4	0	0	
NUF2	350	0	0	0	0	0	0	0	0	0	0	0	0	0	0	2	0	0	2	9	0	6	0	0	0	0	2	4	0	0	
NUF2	351	0	0	0	0	0	0	0	0	0	0	0	0	0	0	2	0	0	2	9	0	6	0	0	0	0	2	4	0	0	
NUF2	352	0	0	0	0	0	0	0	0	0	0	0	0	0	0	2	0	0	2	9	0	6	0	0	0	0	2	4	0	0	
NUF2	353	0	0	0	0	0	0	0	0	0	0	0	0	0	0	2	0	0	2	9	0	6	0	0	0	0	2	4	0	0	
NUF2	354	0	0	0	0	0	0	0	0	0	0	0	0	0	0	2	0	0	2	9	0	6	0	0	0	0	2	4	0	0	
NUF2	355	0	0	0	0	0	0	0	0	0	0	0	0	0	0	2	0	0	2	9	0	6	0	0	0	0	2	4	0	0	
NUF2	356	0	0	0	0	0	0	0	0	0	0	0	0	0	0	2	0	0	2	9	0	6	0	0	0	0	2	4	0	0	
NUF2	357	0	0	0	0	0	0	2	2	0	3	4	2	8	8	5	2	2	4	2	0	2	0	0	0	0	0	0	0	0	
NUF2	358	0	0	0	0	0	0	2	2	0	3	4	2	8	8	5	2	2	4	2	0	2	0	0	0	0	0	0	0	0	
NUF2	359	0	0	0	0	0	0	2	2	0	3	4	2	8	8	5	2	2	4	2	0	2	0	0	0	0	0	0	0	0	
NUF2	360	0	0	0	0	0	0	2	2	0	3	4	2	8	8	5	2	2	4	2	0	2	0	0	0	0	0	0	0	0	
NUF2	361	0	0	0	0	0	0	2	4	2	7	11	6	16	16	23	4	2	16	2	2	0	0	0	0	0	0	0	0	0	
NUF2	362	0	0	0	0	0	0	2	4	2	7	11	6	16	16	23	4	2	16	2	2	0	0	0	0	0	0	0	0	0	
NUF2	363	0	0	0	0	0	0	2	4	2	7	11	6	16	16	23	4	2	16	2	2	0	0	0	0	0	0	0	0	0	
NUF2	364	0	0	0	0	0	0	2	4	2	7	11	6	16	16	23	4	2	16	2	2	0	0	0	0	0	0	0	0	0	
NUF2	365	0	0	0	0	0	0	2	4	2	7	11	6	16	16	23	4	2	16	2	2	0	0	0	0	0	0	0	0	0	
NUF2	366	0	0	0	0	0	0	2	4	2	7	11	6	16	16	23	4	2	16	2	2	0	0	0	0	0	0	0	0	0	
NUF2	367	0	0	0	0	0	0	2	4	2	7	11	8	16	16	23	4	2	16	2	2	0	0	0	0	0	0	0	0	0	
NUF2	368	0	0	0	0	0	0	2	4	2	7	11	8	16	16	23	4	2	16	2	2	0	0	0	0	0	0	0	0	0	
NUF2	369	0	0	0	0	0	0	2	4	2	7	11	8	16	16	23	4	2	16	2	2	0	0	0	0	0	0	0	0	0	
NUF2	370	0	0	0	0	0	0	2	4	2	7	11	8	16	16	23	4	2	16	2	2	0	0	0	0	0	0	0	0	0	
NUF2	371	0	0	0	0	0	0	8	8	2	12	14	4	11	15	11	5	8	12	0	9	2	0	0	0	0	0	0	0	0	
NUF2	372	0	0	0	0	0	0	8	8	2	12	14	4	11	15	11	5	8	12	0	9	2	0	0	0	0	0	0	0	0	
NUF2	373	0	0	0	0	0	0	8	8	2	12	14	4	11	15	11	5	8	12	0	9	2	0	0	0	0	0	0	0	0	
NUF2	374	0	0	0	0	0	0	8	8	2	12	14	4	11	15	11	5	8	12	0	9	2	0	0	0	0	0	0	0	0	
NUF2	375	0	0	0	0	0	0	8	8	2	12	14	4	11	15	11	5	8	12	0	9	2	0	0	0	0	0	0	0	0	
NUF2	376	0	0	0	0	0	0	16	13	0	20	21	4	28	25	30	8	12	34	33	20	48	0	3	0	7	6	8	4	4	
NUF2	377	0	0	0	0	0	0	16	13	0	20	21	4	28	25	30	8	12	34	33	20	48	0	3	0	7	6	8	4	4	
NUF2	378	0	0	0	0	0	0	16	13	0	20	21	4	28	25	30	8	12	34	33	20	48	0	3	0	7	6	8	4	4	
NUF2	379	0	0	0	0	0	0	16	13	0	20	21	4	28	25	30	8	12	34	33	20	48	0	3	0	7	6	8	4	4	
NUF2	380	0	0	0	0	0	0	16	13	0	20	21	4	28	25	30	8	12	34	33	20	48	0	3	0	7	6	8	4	4	
NUF2	381	0	0	0	0	0	0	16	13	0	20	21	4	28	25	30	8	12	34	33	20	48	0	3	0	7	6	8	4	4	
NUF2	382	0	0	0	0	0	0	16	13	0	20	21	4	28	25	30	8	12	34	33	20	48	0	3	0	7	6	8	4	4	
NUF2	383	0	0	0	0	0	0	13	8	0	13	10	2	19	20	23	8	12	26	24	14	33	0	0	0	2	2	0	4	3	
NUF2	384	0	0	0	0	0	0	13	8	0	13	10	2	19	20	23	8	12	26	24	14	33	0	0	0	2	2	0	4	3	
NUF2	385	0	0	0	0	0	0	13	8	0	13	10	2	19	20	23	8	12	26	24	14	33	0	0	0	2	2	0	4	3	
NUF2	386	0	0	0	0	0	0	13	8	0	13	10	2	19	20	23	8	12	26	24	14	33	0	0	0	2	2	0	4	3	
NUF2	387	0	0	0	0	0	0	13	8	0	13	10	2	19	20	23	8	12	26	24	14	33	0	0	0	2	2	0	4	3	
NUF2	388	0	0	0	0	0	0	13	8	0	13	10	2	19	20	23	8	12	26	24	14	33	0	0	0	2	2	0	4	3	
NUF2	389	0	0	0	0	0	0	13	8	0	13	10	2	19	20	23	8	12	26	24	14	33	0	0	0	2	2	0	4	3	
NUF2	390	0	0	0	0	0	0	13	8	0	13	10	2	19	20	23	8	12	26	24	14	33	0	0	0	2	2	0	4	3	
NUF2	391	0	0	0	0	0	0	8	4	0	6	0	0	30	34	44	6	4	22	94	13	63	0	0	0	14	12	17	7	9	
NUF2	392	0	0	0	0	0	0	8	4	0	6	0	0	30	34	44	6	4	22	94	13	63	0	0	0	14	12	17	7	9	
NUF2	393	0	0	0	0	0	0	8	4	0	6	0	0	30	34	44	6	4	22	94	13	63	0	0	0	14	12	17	7	9	
NUF2	394	0	0	0	0	0	0	8	4	0	6	0	0	30	34	44	6	4	22	101	13	66	0	0	0	16	17	19	9	11	
NUF2	395	0	0	0	0	0	0	8	4	0	6	0	0	30	34	44	6	4	22	101	13	66	0	0	0	16	17	19	9	11	
NUF2	396	0	0	0	0	0	0	8	4	0	6	0	0	30	34	44	6	4	22	101	13	66	0	0	0	16	17	19	9	11	
NUF2	397	0	0	0	0	0	0	8	4	0	6	0	0	30	34	44	6	4	22	101	13	66	0	0	0	16	17	19	9	11	
NUF2	398	0	0	0	0	0	0	8	4	0	6	0	0	30	34	44	6	4	22	101	13	66	0	0	0	16	17	19	9	11	
NUF2	399	0	0	0	0	0	0	8	4	0	6	0	0	30	34	44	6	4	22	101	13	66	0	0	0	16	17	19	9	11	
NUF2	400	0	0	0	0	0	0	8	4	0	6	0	0	30	34	44	6	4	22	101	13	66	0	0	0	16	17	19	9	11	
NUF2	401	0	0	0	0	0	0	8	4	0	6	0	0	30	34	44	6	4	22	101	13	66	0	0	0	16	17	19	9	11	
NUF2	402	0	0	0	0	0	0	8	4	0	6	0	0	30	34	44	6	4	22	101	13	66	0	0	0	16	17	19	9	11	
NUF2	403	0	0	0	0	0	0	8	4	0	6	0	0	30	34	44	6	4	22	101	13	66	0	0	0	16	17	19	9	11	
NUF2	404	0	0	0	0	0	0	8	4	0	6	0	0	30	34	44	6	4	22	101	13	66	0	0	0	16	17	19	9	11	
NUF2	405	0	0	0	0	0	0	8	4	0	6	0	0	30	34	44	6	4	22	101	13	66	0	0	0	16	17	19	9	11	
NUF2	406	0	0	0	0	0	0	8	4	0	6	0	0	30	34	44	6	4	22	101	13	66	0	0	0	16	17	19	9	11	
NUF2	407	0	0	0	0	0	0	2	2	0	10	9	8	17	23	14	4	2	9	5	5	4	0	0	0	0	0	0	0	0	
NUF2	408	0	0	0	0	0	0	2	2	0	10	9	8	17	23	14	4	2	9	5	5	4	0	0	0	0	0	0	0	0	
NUF2	409	0	0	0	0	0	0	2	2	0	10	9	8	17	23	14	4	2	9	5	5	4	0	0	0	0	0	0	0	0	
NUF2	410	0	0	0	0	0	0	7	6	0	13	17	11	30	24	28	4	2	20	5	10	8	0	0	0	0	0	0	0	0	
NUF2	411	0	0	0	0	0	0	7	6	0	13	17	11	30	24	28	4	2	20	5	10	8	0	0	0	0	0	0	0	0	
NUF2	412	0	0	0	0	0	0	7	6	0	13	17	11	30	24	28	4	2	20	5	10	8	0	0	0	0	0	0	0	0	
NUF2	413	0	0	0	0	0	0	7	6	0	13	17	11	30	24	28	4	2	20	5	10	8	0	0	0	0	0	0	0	0	
NUF2	414	0	0	0	0	0	0	7	6	0	13	17	11	30	24	28	4	2	20	5	10	8	0	0	0	0	0	0	0	0	
NUF2	415	0	0	0	0	0	0	7	6	0	13	17	11	30	24	28	4	2	20	5	10	8	0	0	0	0	0	0	0	0	
NUF2	416	0	0	0	0	0	0	5	6	0	11	17	8	31	24	27	4	2	20	7	10	20	0	0	0	0	0	0	0	0	
NUF2	417	0	0	0	0	0	0	5	6	0	11	17	8	31	24	27	4	2	20	7	10	20	0	0	0	0	0	0	0	0	
NUF2	418	0	0	0	0	0	0	5	6	0	11	17	8	31	24	27	4	2	20	7	10	20	0	0	0	0	0	0	0	0	
NUF2	419	0	0	0	0	0	0	5	6	0	11	17	8	31	24	27	4	2	20	7	10	20	0	0	0	0	0	0	0	0	
NUF2	420	0	0	0	0	0	0	0	0	0	6	8	2	16	13	15	2	2	10	11	5	41	0	0	0	3	0	2	0	0	
NUF2	421	0	0	0	0	0	0	0	0	0	6	8	2	16	13	15	2	2	10	11	5	41	0	0	0	3	0	2	0	0	
NUF2	422	0	0	0	0	0	0	0	0	0	6	8	2	16	13	15	2	2	10	11	5	41	0	0	0	3	0	2	0	0	
NUF2	423	0	0	0	0	0	0	0	0	0	6	8	2	16	13	15	2	2	10	11	5	41	0	0	0	3	0	2	0	0	
NUF2	424	0	0	0	0	0	0	0	0	0	6	8	2	16	13	15	2	2	10	11	5	41	0	0	0	3	0	2	0	0	
NUF2	425	0	0	0	0	0	0	0	0	0	6	8	2	16	13	15	2	2	10	11	5	41	0	0	0	3	0	2	0	0	
NUF2	426	0	0	0	0	0	0	0	0	0	6	8	2	16	13	15	2	2	10	11	5	41	0	0	0	3	0	2	0	0	
NUF2	427	0	0	0	0	0	0	2	0	0	4	2	0	5	5	5	0	0	4	81	2	60	0	0	0	14	16	17	19	9	
NUF2	428	0	0	0	0	0	0	2	0	0	4	2	0	5	5	5	0	0	4	81	2	60	0	0	0	14	16	17	19	9	
NUF2	429	0	0	0	0	0	0	2	0	0	4	2	0	5	5	5	0	0	4	81	2	60	0	0	0	14	16	17	19	9	
NUF2	430	0	0	0	0	0	0	2	0	0	4	2	0	5	5	5	0	0	4	81	2	60	0	0	0	14	16	17	19	9	
NUF2	431	0	0	0	0	0	0	2	0	0	4	2	0	5	5	5	0	0	4	81	2	60	0	0	0	14	16	17	19	9	
NUF2	432	0	0	0	0	0	0	2	0	0	4	2	0	5	5	5	0	0	4	81	2	60	0	0	0	14	16	17	19	9	
NUF2	433	0	0	0	0	0	0	2	0	0	4	2	0	5	5	5	0	0	4	81	2	60	0	0	0	14	16	17	19	9	
NUF2	434	0	0	0	0	0	0	2	0	0	4	2	0	5	5	5	0	0	4	81	2	60	0	0	0	14	16	17	19	9	
NUF2	435	0	0	0	0	0	0	2	0	0	4	2	0	5	5	5	0	0	4	81	2	60	0	0	0	14	16	17	19	9	
NUF2	436	0	0	0	0	0	0	2	0	0	4	2	0	5	5	5	0	0	4	81	2	60	0	0	0	14	16	17	19	9	
NUF2	437	0	0	0	0	0	0	2	0	0	4	2	0	5	5	5	0	0	4	81	2	60	0	0	0	14	16	17	19	9	
NUF2	438	0	0	0	0	0	0	2	0	0	4	2	0	5	5	5	0	0	4	81	2	60	0	0	0	14	16	17	19	9	
NUF2	439	0	0	0	0	0	0	2	0	0	4	2	0	5	5	5	0	0	4	81	2	60	0	0	0	14	16	17	19	9	
NUF2	440	0	0	0	0	0	0	2	0	0	4	2	0	5	5	5	0	0	4	81	2	60	0	0	0	14	16	17	19	9	
NUF2	441	0	0	0	0	0	0	2	0	0	4	2	0	5	5	5	0	0	4	81	2	60	0	0	0	14	16	17	19	9	
NUF2	442	0	0	0	0	0	0	0	7	0	2	3	0	6	2	4	0	0	7	24	16	27	0	12	6	4	2	0	2	0	
NUF2	443	0	0	0	0	0	0	0	7	0	2	3	0	6	2	4	0	0	7	24	16	27	0	12	6	4	2	0	2	0	
NUF2	444	0	0	0	0	0	0	0	7	0	2	3	0	6	2	4	0	0	7	24	16	27	0	12	6	4	2	0	2	0	
NUF2	445	0	0	0	0	0	0	0	7	0	2	3	0	6	2	4	0	0	7	24	16	27	0	12	6	4	2	0	2	0	
NUF2	446	0	0	0	0	0	0	0	7	0	2	3	0	6	2	4	0	0	7	24	16	27	0	12	6	4	2	0	2	0	
NUF2	447	0	0	0	0	0	0	0	7	0	2	3	0	6	2	4	0	0	7	24	16	27	0	12	6	4	2	0	2	0	
NUF2	448	0	0	0	0	0	0	0	7	0	2	3	0	6	2	4	0	0	7	24	16	27	0	12	6	4	2	0	2	0	
NUF2	449	0	0	0	0	0	0	0	7	0	2	3	0	6	2	4	0	0	7	24	16	27	0	12	6	4	2	0	2	0	
NUF2	450	0	0	0	0	0	0	0	7	0	2	3	0	6	2	4	0	0	7	24	16	27	0	12	6	4	2	0	2	0	
NUF2	451	0	0	0	0	0	0	0	7	0	2	3	0	6	2	4	0	0	7	24	16	27	0	12	6	4	2	0	2	0	
