protein	site	PSMs_001_Stu1-3FLAG_DMSO.csv	PSMs_002_Stu1-3FLAG_Cdc200-AID.csv	PSMs_003_Stu1-3FLAG_Benomyl.csv	PSMs_004_Stu1FLAG_Bub1V5_double_step_IP.csv	PSMs_005_Stu1_TOG1del_cutout_1.csv	PSMs_006_Stu1_TOG1del_cutout_2.csv	PSMs_007_Dsn1-flag.csv	PSMs_008_Dsn1-flag_mps1-1.csv	PSMs_009_Dsn1-flag_pgal-mps1.csv	PSMs_010_Dsn1-flag_ndc80.csv	PSMs_011_Dsn1-flag_ndc80-2a.csv	PSMs_012_Dsn1-flag_ndc80-2d.csv	PSMs_013_Dsn1-flag_ndc80_cdc15-2.csv	PSMs_014_Dsn1-flag_ndc80-2a_cdc15-2.csv	PSMs_015_Dsn1-flag_ndc80-2d_cdc15-2.csv	PSMs_016_Dsn1-flag.csv	PSMs_017_Dsn1-flag_mps1-1.csv	PSMs_018_ndc80-flag.csv	PSMs_019_ndc80-3flag.csv	PSMs_020_ndc80-flag_pgal-mps1.csv	PSMs_021_ndc80-3flag_pgal-mps1.csv	PSMs_022_dad1-flag.csv	PSMs_023_dad1-flag.csv	PSMs_024_dad1-flag_pgal-mps1.csv	PSMs_025_Nitobe_SCX1_Mtw1-3FLAG.csv	PSMs_025_Nitobe_SCX2_Mtw1-3FLAG.csv	PSMs_025_Nitobe_SCX3_Mtw1-3FLAG.csv	PSMs_025_Nitobe_SCX4_Mtw1-3FLAG.csv	PSMs_025_Nitobe_SCX5_Mtw1-3FLAG.csv	
OKP1	0	0	0	0	0	0	0	0	0	0	0	0	0	0	0	0	0	0	0	0	0	0	0	0	0	0	0	0	0	0	
OKP1	1	0	0	0	0	0	0	0	0	0	0	0	0	0	0	0	0	0	0	0	0	0	0	0	0	0	0	0	0	0	
OKP1	2	0	0	0	0	0	0	0	0	0	0	0	0	0	0	0	0	0	0	0	0	0	0	0	0	0	0	0	0	0	
OKP1	3	0	0	0	0	0	0	0	0	0	0	0	0	0	0	0	0	0	0	0	0	0	0	0	0	0	0	0	0	0	
OKP1	4	0	0	0	0	0	0	0	0	0	0	0	0	0	0	0	0	0	0	0	0	0	0	0	0	0	0	0	0	0	
OKP1	5	0	0	0	0	0	0	0	0	0	0	0	0	0	0	0	0	0	0	0	0	0	0	0	0	0	0	0	0	0	
OKP1	6	0	0	0	0	0	0	0	0	0	0	0	0	0	0	0	0	0	0	0	0	0	0	0	0	0	0	0	0	0	
OKP1	7	0	0	0	0	0	0	0	0	0	0	0	0	0	0	0	0	0	0	0	0	0	0	0	0	0	0	0	0	0	
OKP1	8	0	0	0	0	0	0	0	0	0	0	0	0	0	0	0	0	0	0	0	0	0	0	0	0	0	0	0	0	0	
OKP1	9	0	0	0	0	0	0	0	0	0	0	0	0	0	0	0	0	0	0	0	0	0	0	0	0	0	0	0	0	0	
OKP1	10	0	0	0	0	0	0	0	0	0	0	0	0	0	0	0	0	0	0	0	0	0	0	0	0	0	0	0	0	0	
OKP1	11	0	0	0	0	0	0	0	0	0	0	0	0	0	0	0	0	0	0	0	0	0	0	0	0	0	0	0	0	0	
OKP1	12	0	0	0	0	0	0	0	0	0	0	0	0	0	0	0	0	0	0	0	0	0	0	0	0	0	0	0	0	0	
OKP1	13	0	0	0	0	0	0	0	0	0	0	0	0	0	0	0	0	0	0	0	0	0	0	0	0	0	0	0	0	0	
OKP1	14	0	0	0	0	0	0	0	0	0	0	0	0	0	0	0	0	0	0	0	0	0	0	0	0	0	0	0	0	0	
OKP1	15	0	0	0	0	0	0	0	0	0	0	0	0	0	0	0	0	0	0	0	0	0	0	0	0	0	0	0	0	0	
OKP1	16	0	0	0	0	0	0	0	0	0	0	0	0	0	0	0	0	0	0	0	0	0	0	0	0	0	0	0	0	0	
OKP1	17	0	0	0	0	0	0	0	0	0	0	0	0	0	0	0	0	0	0	0	0	0	0	0	0	0	0	0	0	0	
OKP1	18	0	0	0	0	0	0	0	0	0	0	0	0	0	0	0	0	0	0	0	0	0	0	0	0	0	0	0	0	0	
OKP1	19	0	0	0	0	0	0	0	0	0	0	0	0	0	0	0	0	0	0	0	0	0	0	0	0	0	0	0	0	0	
OKP1	20	0	0	0	0	0	0	0	0	0	0	0	0	0	0	0	0	0	0	0	0	0	0	0	0	0	0	0	0	0	
OKP1	21	0	0	0	0	0	0	0	0	0	0	0	0	0	0	0	0	0	0	0	0	0	0	0	0	0	0	0	0	0	
OKP1	22	0	0	0	0	0	0	0	0	0	0	0	0	0	0	0	0	0	0	0	0	0	0	0	0	0	0	0	0	0	
OKP1	23	0	0	0	0	0	0	0	0	0	0	0	0	0	0	0	0	0	0	0	0	0	0	0	0	0	0	0	0	0	
OKP1	24	0	0	0	0	0	0	0	0	0	0	0	0	0	0	0	0	0	0	0	0	0	0	0	0	0	0	0	0	0	
OKP1	25	0	0	0	0	0	0	0	0	0	0	0	0	0	0	0	0	0	0	0	0	0	0	0	0	0	0	0	0	0	
OKP1	26	0	0	0	0	0	0	0	0	0	0	0	0	0	0	0	0	0	0	0	0	0	0	0	0	0	0	0	0	0	
OKP1	27	0	0	0	0	0	0	0	0	0	0	0	0	0	0	0	0	0	0	0	0	0	0	0	0	0	0	0	0	0	
OKP1	28	0	0	0	0	0	0	0	0	0	0	0	0	0	0	0	0	0	0	0	0	0	0	0	0	0	0	0	0	0	
OKP1	29	0	0	0	0	0	0	0	0	0	0	0	0	0	0	0	0	0	0	0	0	0	0	0	0	0	0	0	0	0	
OKP1	30	0	0	0	0	0	0	0	2	0	0	0	0	0	0	0	0	0	0	2	0	0	0	0	0	2	0	0	0	0	
OKP1	31	0	0	0	0	0	0	0	2	0	0	0	0	0	0	0	0	0	0	2	0	0	0	0	0	2	0	0	0	0	
OKP1	32	0	0	0	0	0	0	0	2	0	0	0	0	0	0	0	0	0	0	2	0	0	0	0	0	2	0	0	0	0	
OKP1	33	0	0	0	0	0	0	0	2	0	0	0	0	0	0	0	0	0	0	2	0	0	0	0	0	2	0	0	0	0	
OKP1	34	0	0	0	0	0	0	0	2	0	0	0	0	0	0	0	0	0	0	2	0	0	0	0	0	2	0	0	0	0	
OKP1	35	0	0	0	0	0	0	0	2	0	0	0	0	0	0	0	0	0	0	2	0	0	0	0	0	2	0	0	0	0	
OKP1	36	0	0	0	0	0	0	0	2	0	0	0	0	0	0	0	0	0	0	2	0	0	0	0	0	2	0	0	0	0	
OKP1	37	0	0	0	0	0	0	0	2	0	0	0	0	0	0	0	0	0	0	2	0	0	0	0	0	2	0	0	0	0	
OKP1	38	0	0	0	0	0	0	0	2	0	0	0	0	0	0	0	0	0	0	2	0	0	0	0	0	2	0	0	0	0	
OKP1	39	0	0	0	0	0	0	0	2	0	0	0	0	0	0	0	0	0	0	2	0	0	0	0	0	2	0	0	0	0	
OKP1	40	0	0	0	0	0	0	0	2	0	0	0	0	0	0	0	0	0	0	2	0	0	0	0	0	2	0	0	0	0	
OKP1	41	0	0	0	0	0	0	0	2	0	0	0	0	0	0	0	0	0	0	2	0	0	0	0	0	2	0	0	0	0	
OKP1	42	0	0	0	0	0	0	0	2	0	0	0	0	0	0	0	0	0	0	2	0	0	0	0	0	2	0	0	0	0	
OKP1	43	0	0	0	0	0	0	0	2	0	0	0	0	0	0	0	0	0	0	2	0	0	0	0	0	2	0	0	0	0	
OKP1	44	0	0	0	0	0	0	0	2	0	0	0	0	0	0	0	0	0	0	2	0	0	0	0	0	2	0	0	0	0	
OKP1	45	0	0	0	0	0	0	0	2	0	0	0	0	0	0	0	0	0	0	2	0	0	0	0	0	2	0	0	0	0	
OKP1	46	0	0	0	0	0	0	0	2	0	0	0	0	0	0	0	0	0	0	2	0	0	0	0	0	2	0	0	0	0	
OKP1	47	0	0	0	0	0	0	5	5	2	2	3	3	5	4	6	0	2	2	5	0	2	0	0	0	0	0	0	0	0	
OKP1	48	0	0	0	0	0	0	5	5	2	2	3	3	5	4	6	0	2	2	5	0	2	0	0	0	0	0	0	0	0	
OKP1	49	0	0	0	0	0	0	5	5	2	2	3	3	5	4	6	0	2	2	5	0	2	0	0	0	0	0	0	0	0	
OKP1	50	0	0	0	0	0	0	5	13	2	5	7	5	12	12	12	5	6	2	8	0	2	0	0	0	0	2	0	0	0	
OKP1	51	0	0	0	0	0	0	5	13	2	5	7	5	12	12	12	5	6	2	8	0	2	0	0	0	0	2	0	0	0	
OKP1	52	0	0	0	0	0	0	5	13	2	5	7	5	12	12	12	5	6	2	8	0	2	0	0	0	0	2	0	0	0	
OKP1	53	0	0	0	0	0	0	5	13	2	5	7	5	12	12	12	5	6	2	8	0	2	0	0	0	0	2	0	0	0	
OKP1	54	0	0	0	0	0	0	5	13	2	5	7	5	12	12	12	5	6	2	8	0	2	0	0	0	0	2	0	0	0	
OKP1	55	0	0	0	0	0	0	5	13	2	5	7	5	12	12	12	5	6	2	8	0	2	0	0	0	0	2	0	0	0	
OKP1	56	0	0	0	0	0	0	5	13	2	5	7	5	12	12	12	5	6	2	8	0	2	0	0	0	0	2	0	0	0	
OKP1	57	0	0	0	0	0	0	5	13	2	5	7	5	12	12	12	5	6	2	8	0	2	0	0	0	0	2	0	0	0	
OKP1	58	0	0	0	0	0	0	0	0	0	0	0	0	0	0	0	7	4	0	0	0	0	0	0	0	0	0	0	0	0	
OKP1	59	0	0	0	0	0	0	0	0	0	0	0	0	0	0	0	7	4	0	0	0	0	0	0	0	0	0	0	0	0	
OKP1	60	0	0	0	0	0	0	0	0	0	0	0	0	0	0	0	7	4	0	0	0	0	0	0	0	0	0	0	0	0	
OKP1	61	0	0	0	0	0	0	0	0	0	0	0	0	0	0	0	7	4	0	0	0	0	0	0	0	0	0	0	0	0	
OKP1	62	0	0	0	0	0	0	0	0	0	0	0	0	0	0	0	7	4	0	0	0	0	0	0	0	0	0	0	0	0	
OKP1	63	0	0	0	0	0	0	0	0	0	0	0	0	5	4	9	7	6	0	2	0	0	0	0	0	2	2	2	2	2	
OKP1	64	0	0	0	0	0	0	0	0	0	0	0	0	12	7	16	4	6	0	7	0	0	0	0	0	8	6	2	2	2	
OKP1	65	0	0	0	0	0	0	0	0	0	0	0	0	12	7	16	4	6	0	7	0	0	0	0	0	8	6	2	2	2	
OKP1	66	0	0	0	0	0	0	0	0	0	0	0	0	12	7	16	4	6	0	7	0	0	0	0	0	8	6	2	2	2	
OKP1	67	0	0	0	0	0	0	0	0	0	0	0	0	12	7	16	4	6	0	7	0	0	0	0	0	8	6	2	2	2	
OKP1	68	0	0	0	0	0	0	0	0	0	0	0	0	12	7	16	4	6	0	7	0	0	0	0	0	8	6	2	2	2	
OKP1	69	0	0	0	0	0	0	0	0	0	0	0	0	12	7	16	4	6	0	7	0	0	0	0	0	8	6	2	2	2	
OKP1	70	0	0	0	0	0	0	0	0	0	0	0	0	12	7	16	4	6	0	7	0	0	0	0	0	8	6	2	2	2	
OKP1	71	0	0	0	0	0	0	0	0	0	0	0	0	12	7	16	4	6	0	7	0	0	0	0	0	8	6	2	2	2	
OKP1	72	0	0	0	0	0	0	0	0	0	0	0	0	12	7	16	4	6	0	7	0	0	0	0	0	8	6	2	2	2	
OKP1	73	0	0	0	0	0	0	0	0	0	0	0	0	12	7	16	4	6	0	7	0	0	0	0	0	8	6	2	2	2	
OKP1	74	0	0	0	0	0	0	0	0	0	0	0	0	12	7	16	4	6	0	7	0	0	0	0	0	8	6	2	2	2	
OKP1	75	0	0	0	0	0	0	0	0	0	0	0	0	12	7	16	4	6	0	7	0	0	0	0	0	8	6	2	2	2	
OKP1	76	0	0	0	0	0	0	0	0	0	0	0	0	12	7	16	4	6	0	7	0	0	0	0	0	8	6	2	2	2	
OKP1	77	0	0	0	0	0	0	0	0	0	0	0	0	12	7	16	4	6	0	7	0	0	0	0	0	8	6	2	2	2	
OKP1	78	0	0	0	0	0	0	0	0	0	0	0	0	12	7	16	4	6	0	7	0	0	0	0	0	8	6	2	2	2	
OKP1	79	0	0	0	0	0	0	0	0	0	0	0	0	12	7	16	4	6	0	7	0	0	0	0	0	8	6	2	2	2	
OKP1	80	0	0	0	0	0	0	0	0	0	0	0	0	12	7	16	4	6	0	7	0	0	0	0	0	8	6	2	2	2	
OKP1	81	0	0	0	0	0	0	0	0	0	0	0	0	12	7	16	4	6	0	7	0	0	0	0	0	8	6	2	2	2	
OKP1	82	0	0	0	0	0	0	0	0	0	0	4	0	5	2	4	0	0	0	0	0	0	0	0	0	0	0	8	2	0	
OKP1	83	0	0	0	0	0	0	0	0	0	0	4	0	5	2	4	0	0	0	0	0	0	0	0	0	0	0	8	2	0	
OKP1	84	0	0	0	0	0	0	0	0	0	0	4	0	5	2	4	0	0	0	0	0	0	0	0	0	0	0	8	2	0	
OKP1	85	0	0	0	0	0	0	0	0	0	0	4	0	5	2	4	0	0	0	0	0	0	0	0	0	0	0	8	2	0	
OKP1	86	0	0	0	0	0	0	0	0	0	0	4	0	5	2	4	0	0	0	0	0	0	0	0	0	0	0	8	2	0	
OKP1	87	0	0	0	0	0	0	0	0	0	0	4	0	5	2	4	0	0	0	0	0	0	0	0	0	0	0	8	2	0	
OKP1	88	0	0	0	0	0	0	0	0	0	0	4	0	5	2	4	0	0	0	0	0	0	0	0	0	0	0	8	2	0	
OKP1	89	0	0	0	0	0	0	0	0	0	0	4	0	5	2	4	0	0	0	0	0	0	0	0	0	0	0	8	2	0	
OKP1	90	0	0	0	0	0	0	0	0	0	0	4	0	5	2	4	0	0	0	0	0	0	0	0	0	0	0	8	2	0	
OKP1	91	0	0	0	0	0	0	0	0	0	0	4	0	5	2	4	0	0	0	0	0	0	0	0	0	0	0	8	2	0	
OKP1	92	0	0	0	0	0	0	0	0	0	0	4	0	5	2	4	0	0	0	0	0	0	0	0	0	0	0	8	2	0	
OKP1	93	0	0	0	0	0	0	0	0	0	0	2	0	2	2	2	0	0	0	0	0	0	0	0	0	0	0	0	0	0	
OKP1	94	0	0	0	0	0	0	0	0	0	0	2	0	2	2	2	0	0	0	0	0	0	0	0	0	0	0	0	0	0	
OKP1	95	0	0	0	0	0	0	0	0	0	0	2	0	2	2	2	0	0	0	0	0	0	0	0	0	0	0	0	0	0	
OKP1	96	0	0	0	0	0	0	3	2	0	0	0	0	3	2	0	0	0	2	0	0	0	0	0	0	0	0	0	0	0	
OKP1	97	0	0	0	0	0	0	3	2	0	0	0	0	3	2	0	0	0	2	0	0	0	0	0	0	0	0	0	0	0	
OKP1	98	0	0	0	0	0	0	3	2	0	0	0	0	3	2	0	0	0	2	0	0	0	0	0	0	0	0	0	0	0	
OKP1	99	0	0	0	0	0	0	3	2	0	0	0	0	5	2	2	0	0	2	0	0	0	0	0	0	0	0	0	0	0	
OKP1	100	0	0	0	0	0	0	3	2	0	0	0	0	5	2	2	0	0	2	0	0	0	0	0	0	0	0	0	0	0	
OKP1	101	0	0	0	0	0	0	3	2	0	0	0	0	5	2	2	0	0	2	0	0	0	0	0	0	0	0	0	0	0	
OKP1	102	0	0	0	0	0	0	3	2	0	0	0	0	5	2	2	0	0	2	0	0	0	0	0	0	0	0	0	0	0	
OKP1	103	0	0	0	0	0	0	3	2	0	0	0	0	5	2	2	0	0	2	0	0	0	0	0	0	0	0	0	0	0	
OKP1	104	0	0	0	0	0	0	3	2	0	0	0	0	5	2	2	0	0	2	0	0	0	0	0	0	0	0	0	0	0	
OKP1	105	0	0	0	0	0	0	3	2	0	0	0	0	5	2	2	0	0	2	0	0	0	0	0	0	0	0	0	0	0	
OKP1	106	0	0	0	0	0	0	3	2	0	0	0	0	5	2	2	0	0	2	0	0	0	0	0	0	0	0	0	0	0	
OKP1	107	0	0	0	0	0	0	3	2	0	0	0	0	5	2	2	0	0	2	0	0	0	0	0	0	0	0	0	0	0	
OKP1	108	0	0	0	0	0	0	3	2	0	0	0	0	5	2	2	0	0	2	0	0	0	0	0	0	0	0	0	0	0	
OKP1	109	0	0	0	0	0	0	0	2	0	0	2	0	11	2	17	0	0	2	0	0	0	0	0	0	6	4	7	6	6	
OKP1	110	0	0	0	0	0	0	0	2	0	0	2	0	11	2	17	0	0	2	0	0	0	0	0	0	6	4	7	6	6	
OKP1	111	0	0	0	0	0	0	0	2	0	0	2	0	11	2	17	0	0	2	0	0	0	0	0	0	6	4	7	6	6	
OKP1	112	0	0	0	0	0	0	0	2	0	0	2	0	11	2	17	0	0	2	0	0	0	0	0	0	6	4	7	6	6	
OKP1	113	0	0	0	0	0	0	0	2	0	0	2	0	11	2	17	0	0	2	0	0	0	0	0	0	6	4	7	6	6	
OKP1	114	0	0	0	0	0	0	0	2	0	0	2	0	11	2	17	0	0	2	0	0	0	0	0	0	6	4	7	6	6	
OKP1	115	0	0	0	0	0	0	0	2	0	0	2	0	11	2	17	0	0	2	0	0	0	0	0	0	6	4	7	6	6	
OKP1	116	0	0	0	0	0	0	0	2	0	0	2	0	11	2	17	0	0	2	0	0	0	0	0	0	6	4	7	6	6	
OKP1	117	0	0	0	0	0	0	0	2	0	0	2	0	11	2	17	0	0	2	0	0	0	0	0	0	6	4	7	6	6	
OKP1	118	0	0	0	0	0	0	0	2	0	0	2	0	11	2	17	0	0	2	0	0	0	0	0	0	6	4	7	6	6	
OKP1	119	0	0	0	0	0	0	0	2	0	0	2	0	11	2	17	0	0	2	0	0	0	0	0	0	6	4	7	6	6	
OKP1	120	0	0	0	0	0	0	0	2	0	0	2	0	11	2	17	0	0	2	0	0	0	0	0	0	6	4	7	6	6	
OKP1	121	0	0	0	0	0	0	0	2	0	0	2	0	11	2	17	0	0	2	0	0	0	0	0	0	6	4	7	6	6	
OKP1	122	0	0	0	0	0	0	0	2	0	0	2	0	11	2	17	0	0	2	0	0	0	0	0	0	6	4	7	6	6	
OKP1	123	0	0	0	0	0	0	0	2	0	0	2	0	11	2	17	0	0	2	0	0	0	0	0	0	6	4	7	6	6	
OKP1	124	0	0	0	0	0	0	0	2	0	0	2	0	11	2	17	0	0	2	0	0	0	0	0	0	6	4	7	6	6	
OKP1	125	0	0	0	0	0	0	0	2	0	0	2	0	11	2	17	0	0	2	0	0	0	0	0	0	6	4	7	6	6	
OKP1	126	0	0	0	0	0	0	0	2	0	0	2	0	11	2	17	0	0	2	0	0	0	0	0	0	6	4	7	6	6	
OKP1	127	0	0	0	0	0	0	0	2	0	0	2	0	11	2	17	0	0	2	0	0	0	0	0	0	6	4	7	6	6	
OKP1	128	0	0	0	0	0	0	0	2	0	0	2	0	11	2	17	0	0	2	0	0	0	0	0	0	6	4	7	6	6	
OKP1	129	0	0	0	0	0	0	0	2	0	0	2	0	11	2	17	0	0	2	0	0	0	0	0	0	6	4	7	6	6	
OKP1	130	0	0	0	0	0	0	0	2	0	0	2	0	11	2	17	0	0	2	0	0	0	0	0	0	6	4	7	6	6	
OKP1	131	0	0	0	0	0	0	0	2	0	0	2	0	11	2	17	0	0	2	0	0	0	0	0	0	6	4	7	6	6	
OKP1	132	0	0	0	0	0	0	0	0	0	0	0	0	5	0	9	0	0	0	2	0	0	0	0	0	2	4	4	6	4	
OKP1	133	0	0	0	0	0	0	0	10	0	2	5	2	5	4	4	0	0	0	5	0	0	0	0	0	7	7	6	6	4	
OKP1	134	0	0	0	0	0	0	0	10	0	2	5	2	5	4	4	0	0	0	5	0	0	0	0	0	7	7	6	6	4	
OKP1	135	0	0	0	0	0	0	0	10	0	2	5	2	5	4	4	0	0	0	5	0	0	0	0	0	7	7	6	6	4	
OKP1	136	0	0	0	0	0	0	0	10	0	2	5	2	5	4	4	0	0	0	5	0	0	0	0	0	7	7	6	6	4	
OKP1	137	0	0	0	0	0	0	0	10	0	2	5	2	5	4	4	0	0	0	5	0	0	0	0	0	7	7	6	6	4	
OKP1	138	0	0	0	0	0	0	0	10	0	2	5	2	5	4	4	0	0	0	5	0	0	0	0	0	7	7	6	6	4	
OKP1	139	0	0	0	0	0	0	0	10	0	2	5	2	5	4	4	0	0	0	5	0	0	0	0	0	7	7	6	6	4	
OKP1	140	0	0	0	0	0	0	0	2	0	0	2	0	2	2	2	0	0	0	0	0	0	0	0	0	0	0	0	0	0	
OKP1	141	0	0	0	0	0	0	0	2	0	0	2	0	2	2	2	0	0	0	0	0	0	0	0	0	0	0	0	0	0	
OKP1	142	0	0	0	0	0	0	0	0	0	0	0	0	0	0	0	0	0	0	0	0	0	0	0	0	0	0	0	0	0	
OKP1	143	0	0	0	0	0	0	0	0	0	0	0	0	0	0	0	0	0	0	0	0	0	0	0	0	0	0	0	0	0	
OKP1	144	0	0	0	0	0	0	0	0	0	0	0	0	0	0	0	0	0	0	0	0	0	0	0	0	0	0	0	0	0	
OKP1	145	0	0	0	0	0	0	0	0	0	0	0	0	0	0	2	0	0	0	0	0	0	0	0	0	0	0	0	0	0	
OKP1	146	0	0	0	0	0	0	0	0	0	0	0	0	0	0	2	0	0	0	0	0	0	0	0	0	0	0	0	0	0	
OKP1	147	0	0	0	0	0	0	0	0	0	0	0	0	0	0	2	0	0	0	0	0	0	0	0	0	0	0	0	0	0	
OKP1	148	0	0	0	0	0	0	0	0	0	0	0	0	0	0	2	0	0	0	0	0	0	0	0	0	0	0	0	0	0	
OKP1	149	0	0	0	0	0	0	0	0	0	0	0	0	0	0	2	0	0	0	0	0	0	0	0	0	0	0	0	0	0	
OKP1	150	0	0	0	0	0	0	0	0	0	0	0	0	0	0	2	0	0	0	0	0	0	0	0	0	0	0	0	0	0	
OKP1	151	0	0	0	0	0	0	0	0	0	0	0	0	0	0	2	0	0	0	0	0	0	0	0	0	0	0	0	0	0	
OKP1	152	0	0	0	0	0	0	0	0	0	0	0	0	0	0	2	0	0	0	0	0	0	0	0	0	0	0	0	0	0	
OKP1	153	0	0	0	0	0	0	0	0	0	0	0	0	0	0	2	0	0	0	0	0	0	0	0	0	0	0	0	0	0	
OKP1	154	0	0	0	0	0	0	0	0	0	0	0	0	0	0	2	0	0	0	0	0	0	0	0	0	0	0	0	0	0	
OKP1	155	0	0	0	0	0	0	0	0	0	0	0	0	0	0	2	0	0	0	0	0	0	0	0	0	0	0	0	0	0	
OKP1	156	0	0	0	0	0	0	0	0	0	0	0	0	0	0	2	0	0	0	0	0	0	0	0	0	0	0	0	0	0	
OKP1	157	0	0	0	0	0	0	0	0	0	0	0	0	0	0	0	0	0	0	4	0	0	0	0	0	8	7	6	21	23	
OKP1	158	0	0	0	0	0	0	0	0	0	0	0	0	0	0	0	0	0	0	4	0	0	0	0	0	8	7	6	21	23	
OKP1	159	0	0	0	0	0	0	0	0	0	0	0	0	0	0	0	0	0	0	4	0	0	0	0	0	8	7	6	21	23	
OKP1	160	0	0	0	0	0	0	0	0	0	0	0	0	0	0	0	0	0	0	4	0	0	0	0	0	8	7	6	21	23	
OKP1	161	0	0	0	0	0	0	0	0	0	0	0	0	0	0	0	0	0	0	4	0	0	0	0	0	8	7	6	21	23	
OKP1	162	0	0	0	0	0	0	0	0	0	0	0	0	0	0	0	0	0	0	4	0	0	0	0	0	8	7	6	21	23	
OKP1	163	0	0	0	0	0	0	0	0	0	0	0	0	0	0	0	0	0	0	4	0	0	0	0	0	8	7	6	21	23	
OKP1	164	0	0	0	0	0	0	0	0	0	0	0	0	0	0	0	0	0	0	4	0	0	0	0	0	8	7	6	21	23	
OKP1	165	0	0	0	0	0	0	0	0	0	0	0	0	0	0	0	0	0	0	11	2	2	0	0	0	23	27	19	17	5	
OKP1	166	0	0	0	0	0	0	0	0	0	0	0	0	0	0	0	0	0	0	11	2	2	0	0	0	23	27	19	17	5	
OKP1	167	0	0	0	0	0	0	0	0	0	0	0	0	0	0	0	0	0	0	11	2	2	0	0	0	23	27	19	17	5	
OKP1	168	0	0	0	0	0	0	0	0	0	0	0	0	0	0	0	0	0	0	11	2	2	0	0	0	23	27	19	17	5	
OKP1	169	0	0	0	0	0	0	0	0	0	0	0	0	0	0	0	0	0	0	11	2	2	0	0	0	23	27	19	17	5	
OKP1	170	0	0	0	0	0	0	0	0	0	0	0	0	0	0	0	0	0	0	11	2	2	0	0	0	23	27	19	17	5	
OKP1	171	0	0	0	0	0	0	0	0	0	0	0	0	0	0	0	0	0	0	11	2	2	0	0	0	23	27	19	17	5	
OKP1	172	0	0	0	0	0	0	0	0	0	0	0	0	0	0	0	0	0	0	11	2	2	0	0	0	23	27	19	17	5	
OKP1	173	0	0	0	0	0	0	0	0	0	0	0	0	0	0	0	0	0	0	11	2	2	0	0	0	23	27	19	17	5	
OKP1	174	0	0	0	0	0	0	0	0	0	0	0	0	0	0	0	0	0	0	11	2	2	0	0	0	23	27	19	17	5	
OKP1	175	0	0	0	0	0	0	0	0	0	0	0	0	0	0	0	0	0	0	11	2	2	0	0	0	23	27	19	17	5	
OKP1	176	0	0	0	0	0	0	0	0	0	0	0	0	0	0	0	0	0	0	11	2	2	0	0	0	23	27	19	17	5	
OKP1	177	0	0	0	0	0	0	0	0	0	0	0	0	0	0	0	0	0	0	11	2	2	0	0	0	23	27	19	17	5	
OKP1	178	0	0	0	0	0	0	0	0	0	0	0	0	0	0	0	0	0	0	11	2	2	0	0	0	23	27	19	17	5	
OKP1	179	0	0	0	0	0	0	0	0	0	0	0	0	0	0	0	0	0	0	11	2	2	0	0	0	23	27	19	17	5	
OKP1	180	0	0	0	0	0	0	0	0	0	0	0	0	0	0	0	0	0	0	11	2	2	0	0	0	23	27	19	17	5	
OKP1	181	0	0	0	0	0	0	0	0	0	0	0	0	0	0	0	0	0	0	7	2	2	0	0	0	14	8	8	2	0	
OKP1	182	0	0	0	0	0	0	0	0	0	0	0	0	0	0	0	0	0	0	7	2	2	0	0	0	14	8	8	2	0	
OKP1	183	0	0	0	0	0	0	0	0	0	0	0	0	0	0	0	0	0	0	7	2	2	0	0	0	14	8	8	2	0	
OKP1	184	0	0	0	0	0	0	4	7	4	0	2	0	9	4	8	0	0	2	0	2	0	0	0	0	37	28	58	34	12	
OKP1	185	0	0	0	0	0	0	4	7	4	0	2	0	9	4	8	0	0	2	0	2	0	0	0	0	37	28	58	34	12	
OKP1	186	0	0	0	0	0	0	4	7	4	0	2	0	9	4	8	0	0	2	0	2	0	0	0	0	37	28	58	34	12	
OKP1	187	0	0	0	0	0	0	4	7	4	0	2	0	9	4	8	0	0	2	0	2	0	0	0	0	37	28	58	34	12	
OKP1	188	0	0	0	0	0	0	4	7	4	0	2	0	9	4	8	0	0	2	0	2	0	0	0	0	37	28	58	34	12	
OKP1	189	0	0	0	0	0	0	4	7	4	0	2	0	9	4	8	0	0	2	0	2	0	0	0	0	37	28	58	34	12	
OKP1	190	0	0	0	0	0	0	4	7	4	0	2	0	9	4	8	0	0	2	0	2	0	0	0	0	37	28	58	34	12	
OKP1	191	0	0	0	0	0	0	4	7	4	0	2	0	9	4	8	0	0	2	0	2	0	0	0	0	37	28	58	34	12	
OKP1	192	0	0	0	0	0	0	4	7	4	0	2	0	9	4	8	0	0	2	0	2	0	0	0	0	37	28	58	34	12	
OKP1	193	0	0	0	0	0	0	4	7	4	0	2	0	9	4	8	0	0	2	0	2	0	0	0	0	37	28	58	34	12	
OKP1	194	0	0	0	0	0	0	4	7	4	0	2	0	9	4	8	0	0	2	0	2	0	0	0	0	37	28	58	34	12	
OKP1	195	0	0	0	0	0	0	4	7	4	0	2	0	9	4	8	0	0	2	0	2	0	0	0	0	37	28	58	34	12	
OKP1	196	0	0	0	0	0	0	4	7	4	0	2	0	9	4	8	0	0	2	0	2	0	0	0	0	37	28	58	34	12	
OKP1	197	0	0	0	0	0	0	4	7	4	0	2	0	9	4	8	0	0	2	0	2	0	0	0	0	37	28	58	34	12	
OKP1	198	0	0	0	0	0	0	2	5	2	0	0	0	4	2	4	0	0	0	0	0	0	0	0	0	16	13	23	21	8	
OKP1	199	0	0	0	0	0	0	0	0	0	0	0	0	0	0	0	0	0	0	0	0	0	0	0	0	0	0	0	0	0	
OKP1	200	0	0	0	0	0	0	0	0	0	0	0	0	0	0	0	0	0	0	0	0	0	0	0	0	0	0	0	0	0	
OKP1	201	0	0	0	0	0	0	0	0	0	0	0	0	0	0	0	0	0	0	0	0	0	0	0	0	0	0	0	0	0	
OKP1	202	0	0	0	0	0	0	0	0	0	0	0	0	0	0	0	0	0	0	0	0	0	0	0	0	0	0	0	0	0	
OKP1	203	0	0	0	0	0	0	0	0	0	0	0	0	0	0	0	0	0	0	0	0	0	0	0	0	0	0	0	0	0	
OKP1	204	0	0	0	0	0	0	0	0	0	0	0	0	0	0	0	0	0	0	0	0	0	0	0	0	0	0	0	0	0	
OKP1	205	0	0	0	0	0	0	0	0	0	0	0	0	0	0	0	0	0	0	0	0	0	0	0	0	0	0	0	0	0	
OKP1	206	0	0	0	0	0	0	0	0	0	0	0	0	0	0	0	0	0	0	0	0	0	0	0	0	7	5	7	8	5	
OKP1	207	0	0	0	0	0	0	0	0	0	0	0	0	0	0	0	0	0	0	0	0	0	0	0	0	7	5	7	8	5	
OKP1	208	0	0	0	0	0	0	0	0	0	0	0	0	0	0	0	0	0	0	0	0	0	0	0	0	7	5	7	8	5	
OKP1	209	0	0	0	0	0	0	0	0	0	0	0	0	0	0	0	0	0	0	0	0	0	0	0	0	7	5	7	8	5	
OKP1	210	0	0	0	0	0	0	0	0	0	0	0	0	0	0	0	0	0	0	0	0	0	0	0	0	7	5	7	8	5	
OKP1	211	0	0	0	0	0	0	0	0	0	0	0	0	0	0	0	0	0	0	0	0	0	0	0	0	7	5	7	8	5	
OKP1	212	0	0	0	0	0	0	0	0	0	0	0	0	0	0	0	0	0	0	0	0	0	0	0	0	7	5	7	8	5	
OKP1	213	0	0	0	0	0	0	0	0	0	0	0	0	0	0	0	0	0	0	0	0	0	0	0	0	7	5	7	8	5	
OKP1	214	0	0	0	0	0	0	0	0	0	0	0	0	0	0	0	0	0	0	0	0	0	0	0	0	0	0	0	0	0	
OKP1	215	0	0	0	0	0	0	0	0	0	0	0	0	0	0	0	0	0	0	0	0	0	0	0	0	0	0	0	0	0	
OKP1	216	0	0	0	0	0	0	0	0	0	0	0	0	0	0	0	0	0	0	0	0	0	0	0	0	0	0	0	0	0	
OKP1	217	0	0	0	0	0	0	0	0	0	0	0	0	0	0	0	0	0	0	0	0	0	0	0	0	0	0	0	0	0	
OKP1	218	0	0	0	0	0	0	0	0	0	0	0	0	0	0	0	0	0	0	0	0	0	0	0	0	0	0	0	0	0	
OKP1	219	0	0	0	0	0	0	0	0	0	0	0	0	0	0	0	0	0	0	0	0	0	0	0	0	0	0	0	0	0	
OKP1	220	0	0	0	0	0	0	0	0	0	0	0	0	0	0	0	0	0	0	0	0	0	0	0	0	0	0	0	0	0	
OKP1	221	0	0	0	0	0	0	0	0	0	0	0	0	0	0	0	0	0	0	0	0	0	0	0	0	0	0	0	0	0	
OKP1	222	0	0	0	0	0	0	0	0	0	0	0	0	0	0	0	0	0	0	0	0	0	0	0	0	0	0	0	0	0	
OKP1	223	0	0	0	0	0	0	0	0	0	0	0	0	0	0	0	0	0	0	0	0	0	0	0	0	0	0	0	0	0	
OKP1	224	0	0	0	0	0	0	0	0	0	0	0	0	0	0	0	0	0	0	0	0	0	0	0	0	0	0	0	0	0	
OKP1	225	0	0	0	0	0	0	0	0	0	0	0	0	0	0	0	0	0	0	0	0	0	0	0	0	0	0	0	0	0	
OKP1	226	0	0	0	0	0	0	0	0	0	0	0	0	0	0	0	0	0	0	0	0	0	0	0	0	0	0	0	0	0	
OKP1	227	0	0	0	0	0	0	3	3	0	0	3	0	5	7	7	2	3	0	6	2	2	0	0	0	0	0	0	0	0	
OKP1	228	0	0	0	0	0	0	3	3	0	0	3	0	5	7	7	2	3	0	6	2	2	0	0	0	0	0	0	0	0	
OKP1	229	0	0	0	0	0	0	3	3	0	0	3	0	5	7	7	2	3	0	6	2	2	0	0	0	0	0	0	0	0	
OKP1	230	0	0	0	0	0	0	3	3	0	0	3	0	5	7	7	2	3	0	6	2	2	0	0	0	0	0	0	0	0	
OKP1	231	0	0	0	0	0	0	7	7	0	0	5	0	10	9	9	4	3	2	21	2	5	0	0	0	8	6	4	2	3	
OKP1	232	0	0	0	0	0	0	7	7	0	0	5	0	10	9	9	4	3	2	21	2	5	0	0	0	8	6	4	2	3	
OKP1	233	0	0	0	0	0	0	7	7	0	0	5	0	10	9	9	4	3	2	21	2	5	0	0	0	8	6	4	2	3	
OKP1	234	0	0	0	0	0	0	7	7	0	0	5	0	10	9	9	4	3	2	21	2	5	0	0	0	8	6	4	2	3	
OKP1	235	0	0	0	0	0	0	7	7	0	0	5	0	10	9	9	4	3	2	21	2	5	0	0	0	8	6	4	2	3	
OKP1	236	0	0	0	0	0	0	7	7	0	0	5	0	10	9	9	4	3	2	21	2	5	0	0	0	8	6	4	2	3	
OKP1	237	0	0	0	0	0	0	7	7	0	0	5	0	10	9	9	4	3	2	21	2	5	0	0	0	8	6	4	2	3	
OKP1	238	0	0	0	0	0	0	7	7	0	0	5	0	10	9	9	4	3	2	21	2	5	0	0	0	8	6	4	2	3	
OKP1	239	0	0	0	0	0	0	7	7	0	0	5	0	10	9	9	4	3	2	21	2	5	0	0	0	8	6	4	2	3	
OKP1	240	0	0	0	0	0	0	7	7	0	0	5	0	10	9	9	4	3	2	21	2	5	0	0	0	8	6	4	2	3	
OKP1	241	0	0	0	0	0	0	7	7	0	0	2	0	8	7	7	4	3	2	10	2	5	0	0	0	0	4	0	3	5	
OKP1	242	0	0	0	0	0	0	0	0	0	0	0	0	0	0	0	0	0	0	0	0	0	0	0	0	0	4	0	7	5	
OKP1	243	0	0	0	0	0	0	0	0	0	0	0	0	0	0	0	0	0	0	0	0	0	0	0	0	0	4	0	7	5	
OKP1	244	0	0	0	0	0	0	0	0	0	0	0	0	0	0	0	0	0	0	0	0	0	0	0	0	0	4	0	7	5	
OKP1	245	0	0	0	0	0	0	0	0	0	0	0	0	0	0	0	0	0	0	0	0	0	0	0	0	0	4	0	7	5	
OKP1	246	0	0	0	0	0	0	0	0	0	0	0	0	0	0	0	0	0	0	0	0	0	0	0	0	0	4	0	7	5	
OKP1	247	0	0	0	0	0	0	0	0	0	0	0	0	0	0	0	0	0	0	0	0	0	0	0	0	0	4	0	7	5	
OKP1	248	0	0	2	0	0	0	0	0	0	0	0	0	0	0	6	0	0	0	20	0	0	0	0	0	4	4	2	3	4	
OKP1	249	0	0	2	0	0	0	0	0	0	0	0	0	0	0	6	0	0	0	20	0	0	0	0	0	4	4	2	3	4	
OKP1	250	0	0	2	0	0	0	0	0	0	0	0	0	0	0	6	0	0	0	20	0	0	0	0	0	4	4	2	3	4	
OKP1	251	0	0	2	0	0	0	0	0	0	0	0	0	0	0	6	0	0	0	20	0	0	0	0	0	4	4	2	3	4	
OKP1	252	0	0	2	0	0	0	0	0	0	0	0	0	0	0	6	0	0	0	20	0	0	0	0	0	4	4	2	3	4	
OKP1	253	0	0	2	0	0	0	0	0	0	0	0	0	0	0	6	0	0	0	20	0	0	0	0	0	4	4	2	3	4	
OKP1	254	0	0	2	0	0	0	0	0	0	0	0	0	0	0	6	0	0	0	20	0	0	0	0	0	4	4	2	3	4	
OKP1	255	0	0	2	0	0	0	0	0	0	0	0	0	0	0	6	0	0	0	20	0	0	0	0	0	4	4	2	3	4	
OKP1	256	0	0	2	0	0	0	0	0	0	0	0	0	0	0	6	0	0	0	20	0	0	0	0	0	4	4	2	3	4	
OKP1	257	0	0	2	0	0	0	0	0	0	0	0	0	0	0	6	0	0	0	20	0	0	0	0	0	4	4	2	3	4	
OKP1	258	0	0	0	0	0	0	0	2	0	0	0	0	3	2	9	2	0	0	18	0	0	0	0	0	4	4	2	2	2	
OKP1	259	0	0	0	0	0	0	0	2	0	0	0	0	3	2	9	2	0	0	18	0	0	0	0	0	4	4	2	2	2	
OKP1	260	0	0	0	0	0	0	0	2	0	0	0	0	3	2	9	2	0	0	18	0	0	0	0	0	4	4	2	2	2	
OKP1	261	0	0	0	0	0	0	0	2	0	0	0	0	3	2	9	2	0	0	18	0	0	0	0	0	4	4	2	2	2	
OKP1	262	0	0	0	0	0	0	0	2	0	0	0	0	3	2	9	2	0	0	18	0	0	0	0	0	4	4	2	2	2	
OKP1	263	0	0	0	0	0	0	0	2	0	0	0	0	3	2	9	2	0	0	18	0	0	0	0	0	4	4	2	2	2	
OKP1	264	0	0	0	0	0	0	0	2	0	0	0	0	3	2	9	2	0	0	18	0	0	0	0	0	4	4	2	2	2	
OKP1	265	0	0	0	0	0	0	0	0	0	2	0	0	2	2	2	2	0	0	4	0	2	0	0	0	8	7	13	4	0	
OKP1	266	0	0	0	0	0	0	0	0	0	2	0	0	2	2	2	2	0	0	4	0	2	0	0	0	8	7	13	4	0	
OKP1	267	0	0	0	0	0	0	0	0	0	2	0	0	2	2	2	2	0	0	4	0	2	0	0	0	8	7	13	4	0	
OKP1	268	0	0	0	0	0	0	0	0	0	2	0	0	2	2	2	2	0	0	4	0	2	0	0	0	8	7	13	4	0	
OKP1	269	0	0	0	0	0	0	0	0	0	2	0	0	2	2	2	2	0	0	4	0	2	0	0	0	8	7	13	4	0	
OKP1	270	0	0	0	0	0	0	0	0	0	2	0	0	2	2	2	2	0	0	4	0	2	0	0	0	8	7	13	4	0	
OKP1	271	0	0	0	0	0	0	0	0	0	2	0	0	2	2	2	2	0	0	4	0	2	0	0	0	8	7	13	4	0	
OKP1	272	0	0	0	0	0	0	0	0	0	2	0	0	2	2	2	2	0	0	4	0	2	0	0	0	8	7	13	4	0	
OKP1	273	0	0	0	0	0	0	0	0	0	2	0	0	2	2	2	2	0	0	4	0	2	0	0	0	8	7	13	4	0	
OKP1	274	0	0	0	0	0	0	0	0	0	0	0	0	0	0	0	0	0	0	2	0	2	0	0	0	4	5	15	2	2	
OKP1	275	0	0	0	0	0	0	0	0	0	0	0	0	0	0	0	0	0	0	0	0	0	0	0	0	0	2	2	0	2	
OKP1	276	0	0	0	0	0	0	0	0	0	0	0	0	0	0	0	0	0	0	0	0	0	0	0	0	0	2	2	0	2	
OKP1	277	0	0	0	0	0	0	0	0	0	0	0	0	0	0	0	0	0	0	0	0	0	0	0	0	0	2	2	0	2	
OKP1	278	0	0	0	0	0	0	0	0	0	0	0	0	0	0	0	0	0	0	0	0	0	0	0	0	0	2	2	0	2	
OKP1	279	0	0	0	0	0	0	0	0	0	0	0	0	0	0	0	0	0	0	0	0	0	0	0	0	0	2	2	0	2	
OKP1	280	0	0	0	0	0	0	0	0	0	0	0	0	0	0	0	0	0	0	0	0	0	0	0	0	0	2	2	0	2	
OKP1	281	0	0	0	0	0	0	0	0	0	0	0	0	0	0	0	0	0	0	0	0	0	0	0	0	0	0	0	0	0	
OKP1	282	0	0	0	0	0	0	0	0	0	0	0	0	0	0	0	0	0	0	0	0	0	0	0	0	0	0	0	0	0	
OKP1	283	0	0	0	0	0	0	0	0	0	0	0	0	0	0	0	0	0	0	0	0	0	0	0	0	0	0	0	0	0	
OKP1	284	0	0	0	0	0	0	0	0	0	0	0	0	0	0	0	0	0	0	0	0	0	0	0	0	0	0	0	0	0	
OKP1	285	0	0	0	0	0	0	0	0	0	0	0	0	0	0	0	0	0	0	0	0	0	0	0	0	0	0	0	0	0	
OKP1	286	0	0	0	0	0	0	0	0	0	0	0	0	0	0	0	0	0	0	0	0	0	0	0	0	0	0	0	0	0	
OKP1	287	0	0	0	0	0	0	2	2	0	2	3	2	4	7	2	2	2	4	0	0	0	0	0	0	0	0	0	0	0	
OKP1	288	0	0	0	0	0	0	2	2	0	2	3	2	4	7	2	2	2	4	0	0	0	0	0	0	0	0	0	0	0	
OKP1	289	0	0	0	0	0	0	2	2	0	2	3	2	4	7	2	2	2	4	0	0	0	0	0	0	0	0	0	0	0	
OKP1	290	0	0	0	0	0	0	2	2	0	2	3	2	4	7	2	2	2	4	0	0	0	0	0	0	0	0	0	0	0	
OKP1	291	0	0	0	0	0	0	2	2	0	2	5	2	9	11	9	2	2	4	0	0	0	0	0	0	0	0	0	0	0	
OKP1	292	0	0	0	0	0	0	2	2	0	2	5	2	9	11	9	2	2	4	0	0	0	0	0	0	0	0	0	0	0	
OKP1	293	0	0	0	0	0	0	2	2	0	2	5	2	9	11	9	2	2	4	0	0	0	0	0	0	0	0	0	0	0	
OKP1	294	0	0	0	0	0	0	2	2	0	2	5	2	9	11	9	2	2	4	0	0	0	0	0	0	0	0	0	0	0	
OKP1	295	0	0	0	0	0	0	2	2	0	2	5	2	9	11	11	2	2	4	2	0	2	0	0	0	2	4	2	2	4	
OKP1	296	0	0	0	0	0	0	2	2	0	2	5	2	9	11	11	2	2	4	2	0	2	0	0	0	2	4	2	2	4	
OKP1	297	0	0	0	0	0	0	2	2	0	2	5	2	9	11	11	2	2	4	2	0	2	0	0	0	2	4	2	2	4	
OKP1	298	0	0	0	0	0	0	2	2	0	2	5	2	9	11	11	2	2	4	2	0	2	0	0	0	2	4	2	2	4	
OKP1	299	0	0	0	0	0	0	2	2	0	2	5	2	9	11	11	2	2	4	2	0	2	0	0	0	2	4	2	2	4	
OKP1	300	0	0	0	0	0	0	2	2	0	2	5	2	9	11	11	2	2	4	2	0	2	0	0	0	2	4	2	2	4	
OKP1	301	0	0	0	0	0	0	2	2	0	2	5	2	9	11	11	2	2	4	2	0	2	0	0	0	2	4	2	2	4	
OKP1	302	0	0	0	0	0	0	2	2	0	2	5	2	9	11	11	2	2	4	2	0	2	0	0	0	2	4	2	2	4	
OKP1	303	0	0	0	0	0	0	0	0	0	0	0	0	7	4	8	0	0	4	0	4	3	0	0	0	11	14	6	4	5	
OKP1	304	0	0	0	0	0	0	0	0	0	0	0	0	7	4	8	0	0	4	0	4	3	0	0	0	11	14	6	4	5	
OKP1	305	0	0	0	0	0	0	0	0	0	0	0	0	7	4	8	0	0	4	0	4	3	0	0	0	11	14	6	4	5	
OKP1	306	0	0	0	0	0	0	0	0	0	0	0	0	7	4	8	0	0	4	0	4	3	0	0	0	11	14	6	4	5	
OKP1	307	0	0	0	0	0	0	0	0	0	0	0	0	7	4	8	0	0	4	0	4	3	0	0	0	11	14	6	4	5	
OKP1	308	0	0	0	0	0	0	0	0	0	0	0	0	7	4	8	0	0	4	0	4	3	0	0	0	11	14	6	4	5	
OKP1	309	0	0	0	0	0	0	0	0	0	0	0	0	7	4	8	0	0	4	0	4	3	0	0	0	11	14	6	4	5	
OKP1	310	0	0	0	0	0	0	0	0	0	0	0	0	7	4	8	0	0	4	0	4	3	0	0	0	11	14	6	4	5	
OKP1	311	0	0	0	0	0	0	0	0	0	0	0	0	7	4	8	0	0	4	0	4	3	0	0	0	11	14	6	4	5	
OKP1	312	0	0	0	0	0	0	0	0	0	0	0	0	7	4	8	0	0	4	0	4	3	0	0	0	11	14	6	4	5	
OKP1	313	0	0	0	0	0	0	0	0	0	0	0	0	7	4	8	0	0	4	0	4	3	0	0	0	11	14	6	4	5	
OKP1	314	0	0	0	0	0	0	0	0	0	0	0	0	7	4	8	0	0	4	0	4	3	0	0	0	11	14	6	4	5	
OKP1	315	0	0	0	0	0	0	0	0	0	0	0	0	7	4	8	0	0	4	0	4	3	0	0	0	11	14	6	4	5	
OKP1	316	0	0	0	0	0	0	0	0	0	0	0	0	7	4	8	0	0	4	0	4	3	0	0	0	11	14	6	4	5	
OKP1	317	0	0	0	0	0	0	0	0	0	0	0	0	7	4	8	0	0	4	0	4	3	0	0	0	11	14	6	4	5	
OKP1	318	0	0	0	0	0	0	0	0	0	0	0	0	7	4	8	0	0	4	0	4	3	0	0	0	11	14	6	4	5	
OKP1	319	0	0	0	0	0	0	0	0	0	0	0	0	7	4	8	0	0	4	0	4	3	0	0	0	11	14	6	4	5	
OKP1	320	0	0	0	0	0	0	0	0	0	0	0	0	7	4	8	0	0	4	0	4	3	0	0	0	11	14	6	4	5	
OKP1	321	0	0	0	0	0	0	0	0	0	0	0	0	7	4	8	0	0	4	0	4	3	0	0	0	11	14	6	4	5	
OKP1	322	0	0	0	0	0	0	0	0	0	0	0	0	7	4	8	0	0	4	0	4	3	0	0	0	11	14	6	4	5	
OKP1	323	0	0	0	0	0	0	0	0	0	0	0	0	7	4	8	0	0	4	0	4	3	0	0	0	11	14	6	4	5	
OKP1	324	0	0	0	0	0	0	0	0	0	0	0	0	7	4	8	0	0	4	0	4	3	0	0	0	11	14	6	4	5	
OKP1	325	0	0	0	0	0	0	0	0	0	0	0	0	7	4	8	0	0	4	0	4	3	0	0	0	11	14	6	4	5	
OKP1	326	0	0	0	0	0	0	0	0	0	0	0	0	7	4	8	0	0	4	0	4	3	0	0	0	11	14	6	4	5	
OKP1	327	0	0	0	0	0	0	0	2	0	0	2	0	2	3	8	0	0	0	17	2	6	0	0	0	10	10	20	12	7	
OKP1	328	0	0	0	0	0	0	0	2	0	0	2	0	2	3	8	0	0	0	17	2	6	0	0	0	10	10	20	12	7	
OKP1	329	0	0	0	0	0	0	0	2	0	0	2	0	2	3	8	0	0	0	17	2	6	0	0	0	10	10	20	12	7	
OKP1	330	0	0	0	0	0	0	0	2	0	0	2	0	2	3	8	0	0	0	17	2	6	0	0	0	10	10	20	12	7	
OKP1	331	0	0	0	0	0	0	0	2	0	0	2	0	2	3	8	0	0	0	17	2	6	0	0	0	10	10	20	12	7	
OKP1	332	0	0	0	0	0	0	0	2	0	0	2	0	2	3	8	0	0	0	17	2	6	0	0	0	10	10	20	12	7	
OKP1	333	0	0	0	0	0	0	0	2	0	0	2	0	2	3	8	0	0	0	17	2	6	0	0	0	10	10	20	12	7	
OKP1	334	0	0	0	0	0	0	0	2	0	0	2	0	2	3	8	0	0	0	17	2	6	0	0	0	10	10	20	12	7	
OKP1	335	0	0	0	0	0	0	0	2	0	0	2	0	2	3	8	0	0	0	17	2	6	0	0	0	10	10	20	12	7	
OKP1	336	0	0	0	0	0	0	0	2	0	0	2	0	2	3	8	0	0	0	17	2	6	0	0	0	10	10	20	12	7	
OKP1	337	0	0	0	0	0	0	0	2	0	0	2	0	2	3	8	0	0	0	17	2	6	0	0	0	10	10	20	12	7	
OKP1	338	0	0	0	0	0	0	0	2	0	0	2	0	2	3	8	0	0	0	17	2	6	0	0	0	10	10	20	12	7	
OKP1	339	0	0	0	0	0	0	0	2	0	0	2	0	2	3	8	0	0	0	17	2	6	0	0	0	10	10	20	12	7	
OKP1	340	0	0	0	0	0	0	0	2	0	0	2	0	2	3	8	0	0	0	17	2	6	0	0	0	10	10	20	12	7	
OKP1	341	0	0	0	0	0	0	0	2	0	0	2	0	2	3	8	0	0	0	17	2	6	0	0	0	10	10	20	12	7	
OKP1	342	0	0	0	0	0	0	0	0	0	0	0	0	2	0	9	0	0	2	18	0	5	0	0	0	0	0	0	0	0	
OKP1	343	0	0	0	0	0	0	0	0	0	0	0	0	2	0	9	0	0	2	18	0	5	0	0	0	0	0	0	0	0	
OKP1	344	0	0	0	0	0	0	0	0	0	0	0	0	2	0	9	0	0	2	18	0	5	0	0	0	0	0	0	0	0	
OKP1	345	0	0	0	0	0	0	0	0	0	0	0	0	2	0	9	0	0	2	18	0	5	0	0	0	0	0	0	0	0	
OKP1	346	0	0	0	0	0	0	0	0	0	0	0	0	2	0	9	0	0	2	18	0	5	0	0	0	0	0	0	0	0	
OKP1	347	0	0	0	0	0	0	0	0	0	0	0	0	2	0	9	0	0	2	18	0	5	0	0	0	0	0	0	0	0	
OKP1	348	0	0	0	0	0	0	0	0	0	0	0	0	4	0	9	0	0	2	43	0	10	0	0	0	18	17	19	51	30	
OKP1	349	0	0	0	0	0	0	0	0	0	0	0	0	4	0	9	0	0	2	43	0	10	0	0	0	18	17	19	51	30	
OKP1	350	0	0	0	0	0	0	0	0	0	0	0	0	4	0	9	0	0	2	43	0	10	0	0	0	18	17	19	51	30	
OKP1	351	0	0	0	0	0	0	0	0	0	0	0	0	4	0	9	0	0	2	45	0	10	0	0	0	18	17	19	51	30	
OKP1	352	0	0	0	0	0	0	0	0	0	0	0	0	4	0	9	0	0	2	45	0	10	0	0	0	18	17	19	51	30	
OKP1	353	0	0	0	0	0	0	0	0	0	0	0	0	4	0	9	0	0	2	45	0	10	0	0	0	18	17	19	51	30	
OKP1	354	0	0	0	0	0	0	0	0	0	0	0	0	4	0	9	0	0	2	45	0	10	0	0	0	18	17	19	51	30	
OKP1	355	0	0	0	0	0	0	0	0	0	0	0	0	4	0	9	0	0	2	45	0	10	0	0	0	18	17	19	51	30	
OKP1	356	0	0	0	0	0	0	0	0	0	0	0	0	4	0	9	0	0	2	45	0	10	0	0	0	18	17	19	51	30	
OKP1	357	0	0	0	0	0	0	0	0	0	0	0	0	4	0	9	0	0	2	45	0	10	0	0	0	18	17	19	51	30	
OKP1	358	0	0	0	0	0	0	0	0	0	0	0	0	4	0	9	0	0	2	45	0	10	0	0	0	18	17	19	51	30	
OKP1	359	0	0	0	0	0	0	0	0	0	0	0	0	4	0	9	0	0	2	45	0	10	0	0	0	18	17	19	51	30	
OKP1	360	0	0	0	0	0	0	0	0	0	0	0	0	4	0	9	0	0	2	45	0	10	0	0	0	18	17	19	51	30	
OKP1	361	0	0	0	0	0	0	0	0	0	0	0	0	4	0	9	0	0	2	45	0	10	0	0	0	18	17	19	51	30	
OKP1	362	0	0	0	0	0	0	0	0	0	0	0	0	0	0	0	0	0	0	0	0	0	0	0	0	0	0	0	0	0	
OKP1	363	0	0	0	0	0	0	0	0	0	0	0	0	0	0	0	0	0	0	0	0	0	0	0	0	0	0	0	0	0	
OKP1	364	0	0	0	0	0	0	0	0	0	0	0	0	0	0	0	0	0	0	0	0	0	0	0	0	0	0	0	0	0	
OKP1	365	0	0	0	0	0	0	0	0	0	0	0	0	0	0	0	0	0	0	0	0	0	0	0	0	0	0	0	0	0	
OKP1	366	0	0	0	0	0	0	0	0	0	0	0	0	0	0	0	0	0	0	0	0	0	0	0	0	0	0	0	0	0	
OKP1	367	0	0	0	0	0	0	0	0	0	0	0	0	0	0	0	0	0	0	0	0	0	0	0	0	0	0	0	0	0	
OKP1	368	0	0	0	0	0	0	0	0	0	0	0	0	0	0	0	0	0	0	0	0	0	0	0	0	0	0	0	0	0	
OKP1	369	0	0	0	0	0	0	0	0	0	0	0	0	0	0	0	0	0	0	3	0	2	0	0	0	2	0	2	0	0	
OKP1	370	0	0	0	0	0	0	0	0	0	0	0	0	0	0	0	0	0	0	3	0	2	0	0	0	2	0	2	0	0	
OKP1	371	0	0	0	0	0	0	0	0	0	0	0	0	0	0	0	0	0	0	3	0	2	0	0	0	2	0	2	0	0	
OKP1	372	0	0	0	0	0	0	0	0	0	0	0	0	3	2	6	0	0	0	9	0	5	0	0	0	8	6	4	0	0	
OKP1	373	0	0	0	0	0	0	0	0	0	0	0	0	3	2	6	0	0	0	9	0	5	0	0	0	8	6	4	0	0	
OKP1	374	0	0	0	0	0	0	0	0	0	0	0	0	3	2	6	0	0	0	9	0	5	0	0	0	8	6	4	0	0	
OKP1	375	0	0	0	0	0	0	0	0	0	0	0	0	3	2	6	0	0	0	9	0	5	0	0	0	8	6	4	0	0	
OKP1	376	0	0	0	0	0	0	0	0	0	0	0	0	3	2	6	0	0	0	9	0	5	0	0	0	8	6	4	0	0	
OKP1	377	0	0	0	0	0	0	0	0	0	0	0	0	3	2	6	0	0	0	9	0	5	0	0	0	8	6	4	0	0	
OKP1	378	0	0	0	0	0	0	0	0	0	0	0	0	3	2	6	0	0	0	9	0	5	0	0	0	8	6	4	0	0	
OKP1	379	0	0	0	0	0	0	0	0	0	0	0	0	3	2	6	0	0	0	9	0	5	0	0	0	8	6	4	0	0	
OKP1	380	0	0	0	0	0	0	0	0	0	0	0	0	3	2	6	0	0	0	9	0	5	0	0	0	8	6	4	0	0	
OKP1	381	0	0	0	0	0	0	0	0	0	0	0	0	3	2	6	0	0	0	9	0	5	0	0	0	8	6	4	0	0	
OKP1	382	0	0	0	0	0	0	0	0	0	0	0	0	3	2	6	0	0	0	9	0	5	0	0	0	8	6	4	0	0	
OKP1	383	0	0	0	0	0	0	0	0	0	0	0	0	3	2	6	0	0	0	9	0	5	0	0	0	8	6	4	0	0	
OKP1	384	0	0	0	0	0	0	0	0	0	0	0	0	3	2	6	0	0	0	9	0	5	0	0	0	8	6	4	0	0	
OKP1	385	0	0	0	0	0	0	0	0	0	0	0	0	3	2	6	0	0	0	9	0	5	0	0	0	8	6	4	0	0	
OKP1	386	0	0	0	0	0	0	0	0	0	0	0	0	3	2	6	0	0	0	9	0	5	0	0	0	8	6	4	0	0	
OKP1	387	0	0	0	0	0	0	0	0	0	0	0	0	3	2	6	0	0	0	9	0	5	0	0	0	8	6	4	0	0	
OKP1	388	0	0	0	0	0	0	0	0	0	0	0	0	3	2	6	0	0	0	4	0	3	0	0	0	2	4	12	8	2	
OKP1	389	0	0	0	0	0	0	0	0	0	0	0	0	3	2	6	0	0	0	4	0	3	0	0	0	2	4	12	8	2	
OKP1	390	0	0	0	0	0	0	0	0	0	0	0	0	3	2	6	0	0	0	4	0	3	0	0	0	2	4	12	8	2	
OKP1	391	0	0	0	0	0	0	0	0	0	0	0	0	3	2	6	0	0	0	4	0	3	0	0	0	2	4	12	8	2	
OKP1	392	0	0	0	0	0	0	0	0	0	0	0	0	3	2	6	0	0	0	4	0	3	0	0	0	2	4	12	8	2	
OKP1	393	0	0	0	0	0	0	0	0	0	0	0	0	3	2	6	0	0	0	4	0	3	0	0	0	2	4	12	8	2	
OKP1	394	0	0	0	0	0	0	0	0	0	0	0	0	3	2	6	0	0	0	4	0	3	0	0	0	2	4	12	8	2	
OKP1	395	0	0	0	0	0	0	0	0	0	0	0	0	3	2	6	0	0	0	4	0	3	0	0	0	2	4	12	8	2	
OKP1	396	0	0	0	0	0	0	0	0	0	0	0	0	3	2	6	0	0	0	4	0	3	0	0	0	2	4	12	8	2	
OKP1	397	0	0	0	0	0	0	0	0	0	0	0	0	3	2	6	0	0	0	4	0	3	0	0	0	2	4	12	8	2	
OKP1	398	0	0	0	0	0	0	0	0	0	0	0	0	3	2	6	0	0	0	4	0	3	0	0	0	2	4	12	8	2	
OKP1	399	0	0	0	0	0	0	0	0	0	0	0	0	3	2	6	0	0	0	4	0	3	0	0	0	2	4	12	8	2	
OKP1	400	0	0	0	0	0	0	0	0	0	0	0	0	3	2	6	0	0	0	4	0	3	0	0	0	2	4	12	8	2	
OKP1	401	0	0	0	0	0	0	0	0	0	0	0	0	3	2	6	0	0	0	4	0	3	0	0	0	2	2	7	4	2	
OKP1	402	0	0	0	0	0	0	0	0	0	0	0	0	3	2	6	0	0	0	4	0	3	0	0	0	2	2	7	4	2	
OKP1	403	0	0	0	0	0	0	0	0	0	0	0	0	3	2	6	0	0	0	4	0	3	0	0	0	2	2	7	4	2	
OKP1	404	0	0	0	0	0	0	0	0	0	0	0	0	3	2	6	0	0	0	4	0	3	0	0	0	2	2	7	4	2	
OKP1	405	0	0	0	0	0	0	0	0	0	0	0	0	3	2	6	0	0	0	4	0	3	0	0	0	2	2	7	4	2	
OKP1	406	0	0	0	0	0	0	0	0	0	0	0	0	3	2	6	0	0	0	4	0	3	0	0	0	2	2	7	4	2	
