protein	site	PSMs_001_Stu1-3FLAG_DMSO.csv	PSMs_002_Stu1-3FLAG_Cdc200-AID.csv	PSMs_003_Stu1-3FLAG_Benomyl.csv	PSMs_004_Stu1FLAG_Bub1V5_double_step_IP.csv	PSMs_005_Stu1_TOG1del_cutout_1.csv	PSMs_006_Stu1_TOG1del_cutout_2.csv	PSMs_007_Dsn1-flag.csv	PSMs_008_Dsn1-flag_mps1-1.csv	PSMs_009_Dsn1-flag_pgal-mps1.csv	PSMs_010_Dsn1-flag_ndc80.csv	PSMs_011_Dsn1-flag_ndc80-2a.csv	PSMs_012_Dsn1-flag_ndc80-2d.csv	PSMs_013_Dsn1-flag_ndc80_cdc15-2.csv	PSMs_014_Dsn1-flag_ndc80-2a_cdc15-2.csv	PSMs_015_Dsn1-flag_ndc80-2d_cdc15-2.csv	PSMs_016_Dsn1-flag.csv	PSMs_017_Dsn1-flag_mps1-1.csv	PSMs_018_ndc80-flag.csv	PSMs_019_ndc80-3flag.csv	PSMs_020_ndc80-flag_pgal-mps1.csv	PSMs_021_ndc80-3flag_pgal-mps1.csv	PSMs_022_dad1-flag.csv	PSMs_023_dad1-flag.csv	PSMs_024_dad1-flag_pgal-mps1.csv	PSMs_025_Nitobe_SCX1_Mtw1-3FLAG.csv	PSMs_025_Nitobe_SCX2_Mtw1-3FLAG.csv	PSMs_025_Nitobe_SCX3_Mtw1-3FLAG.csv	PSMs_025_Nitobe_SCX4_Mtw1-3FLAG.csv	PSMs_025_Nitobe_SCX5_Mtw1-3FLAG.csv	
RPC19	0	0	0	0	0	0	0	0	0	0	0	0	0	0	0	0	0	0	0	0	0	0	0	0	0	0	0	0	0	0	
RPC19	1	0	0	0	0	0	0	0	0	0	2	2	0	4	2	2	2	2	0	0	0	0	0	0	0	0	0	0	0	0	
RPC19	2	0	0	0	0	0	0	0	0	0	2	2	0	4	2	2	2	2	0	0	0	0	0	0	0	0	0	0	0	0	
RPC19	3	0	0	0	0	0	0	0	0	0	2	2	0	4	2	2	2	2	0	0	0	0	0	0	0	0	0	0	0	0	
RPC19	4	0	0	0	0	0	0	0	0	0	2	2	0	4	2	2	2	2	0	0	0	0	0	0	0	0	0	0	0	0	
RPC19	5	0	0	0	0	0	0	0	0	0	2	2	0	4	2	2	2	2	0	0	0	0	0	0	0	0	0	0	0	0	
RPC19	6	0	0	0	0	0	0	0	0	0	2	2	0	4	2	2	2	2	0	0	0	0	0	0	0	0	0	0	0	0	
RPC19	7	0	0	0	0	0	0	0	0	0	2	2	0	4	2	2	2	2	0	0	0	0	0	0	0	0	0	0	0	0	
RPC19	8	0	0	0	0	0	0	0	0	0	2	2	0	4	2	2	2	2	0	0	0	0	0	0	0	0	0	0	0	0	
RPC19	9	0	0	0	0	0	0	0	0	0	2	2	0	4	2	2	2	2	0	0	0	0	0	0	0	0	0	2	0	0	
RPC19	10	0	0	0	0	0	0	0	0	0	2	2	0	4	2	2	2	2	0	0	0	0	0	0	0	0	0	2	0	0	
RPC19	11	0	0	0	0	0	0	0	0	0	2	2	0	4	2	2	2	2	0	0	0	0	0	0	0	0	0	2	0	0	
RPC19	12	0	0	0	0	0	0	0	0	0	2	2	0	4	2	2	2	2	0	0	0	0	0	0	0	0	0	2	0	0	
RPC19	13	0	0	0	0	0	0	0	0	0	2	2	0	4	2	2	2	2	0	0	0	0	0	0	0	0	0	2	0	0	
RPC19	14	0	0	0	0	0	0	0	0	0	2	2	0	4	2	2	2	2	0	0	0	0	0	0	0	0	0	2	0	0	
RPC19	15	0	0	0	0	0	0	0	0	0	2	2	0	4	2	2	2	2	0	0	0	0	0	0	0	0	0	2	0	0	
RPC19	16	0	0	0	0	0	0	0	0	0	2	2	0	4	2	2	2	2	0	0	0	0	0	0	0	0	0	2	0	0	
RPC19	17	0	0	0	0	0	0	0	0	0	2	2	0	4	2	2	2	2	0	0	0	0	0	0	0	0	0	2	0	0	
RPC19	18	0	0	0	0	0	0	0	0	0	2	2	0	4	2	2	2	2	0	0	0	0	0	0	0	0	0	2	0	0	
RPC19	19	0	0	0	0	0	0	0	0	0	2	2	0	4	2	2	2	2	0	0	0	0	0	0	0	0	0	2	0	0	
RPC19	20	0	0	0	0	0	0	0	0	0	2	2	0	4	2	2	2	2	0	0	0	0	0	0	0	0	0	2	0	0	
RPC19	21	0	0	0	0	0	0	0	0	0	0	2	0	4	10	5	2	0	0	0	0	0	0	0	0	0	0	0	0	0	
RPC19	22	0	0	0	0	0	0	0	0	0	0	2	0	4	10	5	2	0	0	0	0	0	0	0	0	0	0	0	0	0	
RPC19	23	0	0	0	0	0	0	0	0	0	0	2	0	4	10	5	2	0	0	0	0	0	0	0	0	0	0	0	0	0	
RPC19	24	0	0	0	0	0	0	0	0	0	0	2	0	4	10	5	2	0	0	0	0	0	0	0	0	0	0	0	0	0	
RPC19	25	0	0	0	0	0	0	0	0	0	0	2	0	4	10	5	2	0	0	0	0	0	0	0	0	0	0	0	0	0	
RPC19	26	0	0	0	0	0	0	0	0	0	0	2	0	4	10	5	2	0	0	0	0	0	0	0	0	0	0	0	0	0	
RPC19	27	0	0	0	0	0	0	0	0	0	0	2	0	4	10	5	2	0	0	0	0	0	0	0	0	0	0	0	0	0	
RPC19	28	0	0	0	0	0	0	0	0	0	0	2	0	4	10	5	2	0	0	0	0	0	0	0	0	0	0	0	0	0	
RPC19	29	0	0	0	0	0	0	0	0	0	0	2	0	4	10	5	2	0	0	0	0	0	0	0	0	0	0	0	0	0	
RPC19	30	0	0	0	0	0	0	0	0	0	0	2	0	4	10	5	2	0	0	0	0	0	0	0	0	0	0	0	0	0	
RPC19	31	0	0	0	0	0	0	0	0	0	0	2	0	4	10	5	2	0	0	0	0	0	0	0	0	0	0	0	0	0	
RPC19	32	0	0	0	0	0	0	0	0	0	0	2	0	4	10	5	2	0	0	0	0	0	0	0	0	0	0	0	0	0	
RPC19	33	0	0	0	0	0	0	0	0	0	0	2	0	4	10	5	2	0	0	0	0	0	0	0	0	0	0	0	0	0	
RPC19	34	0	0	0	0	0	0	0	0	0	0	2	0	4	10	5	2	0	0	0	0	0	0	0	0	0	0	0	0	0	
RPC19	35	0	0	0	0	0	0	0	0	0	0	2	0	4	10	5	2	0	0	0	0	0	0	0	0	0	0	0	0	0	
RPC19	36	0	0	0	0	0	0	0	0	0	0	2	0	4	10	5	2	0	0	0	0	0	0	0	0	0	0	0	0	0	
RPC19	37	0	0	0	0	0	0	0	0	0	0	2	0	4	10	5	2	0	0	0	0	0	0	0	0	0	0	0	0	0	
RPC19	38	0	0	0	0	0	0	0	0	0	0	2	0	4	10	5	2	0	0	0	0	0	0	0	0	0	0	0	0	0	
RPC19	39	0	0	0	0	0	0	0	0	0	0	2	0	4	10	5	2	0	0	0	0	0	0	0	0	0	0	0	0	0	
RPC19	40	0	0	0	0	0	0	0	0	0	0	2	0	4	10	5	2	0	0	0	0	0	0	0	0	0	0	0	0	0	
RPC19	41	0	0	0	0	0	0	0	0	0	0	2	0	4	10	5	2	0	0	0	0	0	0	0	0	0	0	0	0	0	
RPC19	42	0	0	0	0	0	0	0	0	0	0	2	0	4	10	5	2	0	0	0	0	0	0	0	0	0	0	0	0	0	
RPC19	43	0	0	0	0	0	0	0	0	0	0	2	0	4	10	5	2	0	0	0	0	0	0	0	0	0	0	0	0	0	
RPC19	44	0	0	0	0	0	0	0	0	0	0	2	0	4	10	5	2	0	0	0	0	0	0	0	0	0	0	0	0	0	
RPC19	45	0	0	0	0	0	0	0	0	0	0	2	0	4	10	5	2	0	0	0	0	0	0	0	0	0	0	0	0	0	
RPC19	46	0	0	0	0	0	0	0	0	0	0	2	0	4	10	5	2	0	0	0	0	0	0	0	0	0	0	0	0	0	
RPC19	47	0	0	0	0	0	0	0	0	0	0	0	0	0	8	0	2	0	0	0	0	0	0	0	0	0	0	0	0	0	
RPC19	48	0	0	0	0	0	0	0	0	0	0	0	0	0	8	0	2	0	0	0	0	0	0	0	0	0	0	0	0	0	
RPC19	49	0	0	0	0	0	0	0	0	0	0	0	0	0	0	0	0	0	0	11	0	0	0	0	0	2	2	0	2	0	
RPC19	50	0	0	0	0	0	0	0	0	0	0	0	0	0	0	0	0	0	0	11	0	0	0	0	0	2	2	0	2	0	
RPC19	51	0	0	0	0	0	0	0	0	0	0	0	0	0	0	0	0	0	0	11	0	0	0	0	0	2	2	0	2	0	
RPC19	52	0	0	0	0	0	0	0	0	0	0	0	0	0	0	0	0	0	0	11	0	0	0	0	0	2	2	0	2	0	
RPC19	53	0	0	0	0	0	0	0	0	0	0	0	0	0	0	0	0	0	0	11	0	0	0	0	0	2	2	0	2	0	
RPC19	54	0	0	0	0	0	0	0	0	0	0	0	0	0	0	0	0	0	0	11	0	0	0	0	0	2	2	0	2	0	
RPC19	55	0	0	0	0	0	0	0	0	0	0	0	0	0	0	0	0	0	0	11	0	0	0	0	0	2	2	0	2	0	
RPC19	56	0	0	0	0	0	0	0	0	0	0	0	0	0	0	0	0	0	0	11	0	0	0	0	0	2	2	0	2	0	
RPC19	57	0	0	0	0	0	0	0	0	0	0	0	0	0	0	0	0	0	0	11	0	0	0	0	0	2	2	0	2	0	
RPC19	58	0	0	0	0	0	0	0	0	0	0	0	0	0	0	0	0	0	0	11	0	0	0	0	0	2	2	0	2	0	
RPC19	59	0	0	0	0	0	0	0	0	0	0	0	0	0	0	0	0	0	0	11	0	0	0	0	0	2	2	0	2	0	
RPC19	60	0	0	0	0	0	0	0	0	0	0	0	0	0	0	0	0	0	0	11	0	0	0	0	0	2	2	0	2	0	
RPC19	61	0	0	0	0	0	0	0	0	0	0	0	0	0	0	0	0	0	0	11	0	0	0	0	0	2	2	0	2	0	
RPC19	62	0	0	0	0	0	0	0	0	0	0	0	0	0	0	0	0	0	0	11	0	0	0	0	0	2	2	0	2	0	
RPC19	63	0	0	0	0	0	0	0	0	0	0	0	0	0	0	0	0	0	0	11	0	0	0	0	0	2	2	0	2	0	
RPC19	64	0	0	0	0	0	0	0	0	0	0	0	0	0	0	0	0	0	0	11	0	0	0	0	0	2	2	0	2	0	
RPC19	65	0	0	0	0	0	0	0	0	0	0	0	0	0	0	0	0	0	0	11	0	0	0	0	0	2	2	0	2	0	
RPC19	66	0	0	0	0	0	0	0	0	0	0	0	0	0	0	0	0	0	0	11	0	0	0	0	0	2	2	0	2	0	
RPC19	67	0	0	0	0	0	0	0	0	0	0	0	0	0	0	0	0	0	0	11	0	0	0	0	0	2	2	0	2	0	
RPC19	68	0	0	0	0	0	0	0	0	0	0	0	0	0	0	0	0	0	0	11	0	0	0	0	0	2	2	0	2	0	
RPC19	69	0	0	0	0	0	0	0	0	0	0	0	0	0	0	0	0	0	0	11	0	0	0	0	0	2	2	0	2	0	
RPC19	70	0	0	0	0	0	0	0	0	0	0	0	0	0	0	0	0	0	0	11	0	0	0	0	0	2	2	0	2	0	
RPC19	71	0	0	0	0	0	0	0	0	0	0	0	0	0	0	0	0	0	0	11	0	0	0	0	0	2	2	0	2	0	
RPC19	72	0	0	0	0	0	0	0	0	0	0	0	0	0	0	0	0	0	0	11	0	0	0	0	0	2	2	0	2	0	
RPC19	73	0	0	0	0	0	0	0	0	0	0	0	0	0	0	0	0	0	0	11	0	0	0	0	0	2	2	0	2	0	
RPC19	74	0	0	0	0	0	0	0	0	0	0	0	0	0	0	0	0	0	0	11	0	0	0	0	0	2	2	0	2	0	
RPC19	75	0	0	0	0	0	0	0	0	0	0	0	0	0	0	0	0	0	0	11	0	0	0	0	0	2	2	0	2	0	
RPC19	76	0	0	0	0	0	0	0	0	0	0	0	0	0	0	0	0	0	0	11	0	0	0	0	0	2	2	0	2	0	
RPC19	77	0	0	0	0	0	0	0	0	0	0	0	0	0	0	0	0	0	0	11	0	0	0	0	0	2	2	0	2	0	
RPC19	78	0	0	0	0	0	0	0	0	0	0	0	0	0	0	2	0	0	0	0	0	0	0	0	0	0	0	0	0	0	
RPC19	79	0	0	0	0	0	0	0	0	0	0	0	0	0	0	2	0	0	0	0	0	0	0	0	0	0	0	0	0	0	
RPC19	80	0	0	0	0	0	0	0	0	0	0	0	0	0	0	2	0	0	0	0	0	0	0	0	0	0	0	0	0	0	
RPC19	81	0	0	0	0	0	0	0	0	0	0	0	0	0	0	2	0	0	0	0	0	0	0	0	0	0	0	0	0	0	
RPC19	82	0	0	0	0	0	0	0	0	0	0	0	0	0	0	2	0	0	0	0	0	0	0	0	0	0	0	0	0	0	
RPC19	83	0	0	0	0	0	0	0	0	0	0	0	0	2	0	2	0	0	0	5	0	2	0	0	0	0	2	0	0	0	
RPC19	84	0	0	0	0	0	0	0	0	0	0	0	0	2	0	2	0	0	0	5	0	2	0	0	0	0	2	0	0	0	
RPC19	85	0	0	0	0	0	0	0	0	0	0	0	0	2	0	2	0	0	0	5	0	2	0	0	0	0	2	0	0	0	
RPC19	86	0	0	0	0	0	0	0	0	0	0	0	0	2	0	2	0	0	0	5	0	2	0	0	0	0	2	0	0	0	
RPC19	87	0	0	0	0	0	0	0	0	0	0	0	0	2	0	2	0	0	0	5	0	2	0	0	0	0	2	0	0	0	
RPC19	88	0	0	0	0	0	0	0	0	0	0	0	0	2	0	2	0	0	0	5	0	2	0	0	0	0	2	0	0	0	
RPC19	89	0	0	0	0	0	0	0	0	0	0	0	0	2	0	2	0	0	0	5	0	2	0	0	0	0	2	0	0	0	
RPC19	90	0	0	0	0	0	0	0	0	0	0	0	0	2	0	2	0	0	0	5	0	2	0	0	0	0	2	0	0	0	
RPC19	91	0	0	0	0	0	0	0	0	0	0	0	0	2	0	2	0	0	0	5	0	2	0	0	0	0	2	0	0	0	
RPC19	92	0	0	0	0	0	0	0	0	0	0	0	0	2	0	2	0	0	0	5	0	2	0	0	0	0	2	0	0	0	
RPC19	93	0	0	0	0	0	0	0	0	0	0	0	0	2	0	2	0	0	0	5	0	2	0	0	0	0	2	0	0	0	
RPC19	94	0	0	0	0	0	0	0	0	0	0	0	0	2	0	2	0	0	0	5	0	2	0	0	0	0	2	0	0	0	
RPC19	95	0	0	0	0	0	0	0	0	0	0	0	0	2	0	2	0	0	0	5	0	2	0	0	0	0	2	0	0	0	
RPC19	96	0	0	0	0	0	0	0	0	0	0	0	0	2	0	2	0	0	0	5	0	2	0	0	0	0	2	0	0	0	
RPC19	97	0	0	0	0	0	0	0	0	0	0	0	0	2	0	2	0	0	0	5	0	2	0	0	0	0	2	0	0	0	
RPC19	98	0	0	0	0	0	0	0	0	0	0	0	0	2	0	2	0	0	0	5	0	2	0	0	0	0	2	0	0	0	
RPC19	99	0	0	0	0	0	0	0	0	0	0	0	0	2	0	2	0	0	0	5	0	2	0	0	0	0	2	0	0	0	
RPC19	100	0	0	0	0	0	0	0	0	0	0	0	0	2	0	2	0	0	0	5	0	2	0	0	0	0	2	0	0	0	
RPC19	101	0	0	0	0	0	0	0	0	0	0	0	0	2	0	2	0	0	0	5	0	2	0	0	0	0	2	0	0	0	
RPC19	102	0	0	0	0	0	0	0	0	0	0	0	0	2	0	2	0	0	0	5	0	2	0	0	0	0	2	0	0	0	
RPC19	103	0	0	0	0	0	0	0	0	0	0	0	0	2	0	2	0	0	0	5	0	2	0	0	0	0	2	0	0	0	
RPC19	104	0	0	0	0	0	0	0	0	0	0	0	0	2	0	2	0	0	0	5	0	2	0	0	0	0	2	0	0	0	
RPC19	105	0	2	0	0	0	0	0	2	0	0	2	2	2	0	2	0	0	2	5	0	3	0	2	0	2	2	0	2	0	
RPC19	106	0	2	0	0	0	0	0	2	0	0	2	2	2	0	2	0	0	2	5	0	3	0	2	0	2	2	0	2	0	
RPC19	107	0	2	0	0	0	0	0	2	0	0	2	2	2	0	2	0	0	2	5	0	3	0	2	0	2	2	0	2	0	
RPC19	108	0	2	0	0	0	0	0	2	0	0	2	2	2	0	2	0	0	2	5	0	3	0	2	0	2	2	0	2	0	
RPC19	109	0	2	0	0	0	0	0	2	0	0	2	2	2	0	2	0	0	2	5	0	3	0	2	0	2	2	0	2	0	
RPC19	110	0	2	0	0	0	0	0	2	0	0	2	2	2	0	2	0	0	2	5	0	3	0	2	0	2	2	0	2	0	
RPC19	111	0	2	0	0	0	0	0	2	0	0	2	2	2	0	2	0	0	2	5	0	3	0	2	0	2	2	0	2	0	
RPC19	112	0	2	0	0	0	0	0	2	0	0	2	2	2	0	2	0	0	2	5	0	3	0	2	0	2	2	0	2	0	
RPC19	113	0	2	0	0	0	0	0	2	0	0	2	2	2	0	2	0	0	2	5	0	3	0	2	0	2	2	0	2	0	
RPC19	114	0	2	0	0	0	0	0	2	0	0	2	2	2	0	2	0	0	2	5	0	3	0	2	0	2	2	0	2	0	
RPC19	115	0	2	0	0	0	0	0	2	0	0	2	2	2	0	2	0	0	2	5	0	3	0	2	0	2	2	0	2	0	
RPC19	116	0	2	0	0	0	0	0	2	0	0	2	2	2	0	2	0	0	2	5	0	3	0	2	0	2	2	0	2	0	
RPC19	117	0	2	0	0	0	0	0	2	0	0	2	2	2	0	2	0	0	2	5	0	3	0	2	0	2	2	0	2	0	
RPC19	118	0	2	0	0	0	0	0	2	0	0	2	2	2	0	2	0	0	2	5	0	3	0	2	0	2	2	0	2	0	
RPC19	119	0	2	0	0	0	0	0	2	0	0	2	2	2	0	2	0	0	2	5	0	3	0	2	0	2	2	0	2	0	
RPC19	120	0	0	0	0	0	0	0	0	0	0	0	0	6	0	11	0	0	0	0	0	0	0	0	0	0	0	0	0	0	
RPC19	121	0	0	0	0	0	0	0	0	0	0	0	0	6	0	11	0	0	0	0	0	0	0	0	0	0	0	0	0	0	
RPC19	122	0	0	0	0	0	0	0	0	0	0	0	0	6	0	11	0	0	0	0	0	0	0	0	0	0	0	0	0	0	
RPC19	123	0	0	0	0	0	0	0	0	0	0	0	0	6	0	11	0	0	0	2	0	0	0	0	0	0	0	0	0	0	
RPC19	124	0	0	0	0	0	0	0	0	0	0	0	0	6	0	11	0	0	0	2	0	0	0	0	0	0	0	0	0	0	
RPC19	125	0	0	0	0	0	0	0	0	0	0	0	0	6	0	11	0	0	0	2	0	0	0	0	0	0	0	0	0	0	
RPC19	126	0	0	0	0	0	0	0	0	0	0	0	0	6	0	11	0	0	0	2	0	0	0	0	0	0	0	0	0	0	
RPC19	127	0	0	0	0	0	0	0	0	0	0	0	0	6	0	11	0	0	0	2	0	0	0	0	0	0	0	0	0	0	
RPC19	128	0	0	0	0	0	0	0	0	0	0	0	0	6	0	11	0	0	0	2	0	0	0	0	0	0	0	0	0	0	
RPC19	129	0	0	0	0	0	0	0	0	0	0	0	0	6	0	11	0	0	0	2	0	0	0	0	0	0	0	0	0	0	
RPC19	130	0	0	0	0	0	0	0	0	0	0	0	0	6	0	11	0	0	0	2	0	0	0	0	0	0	0	0	0	0	
RPC19	131	0	0	0	0	0	0	0	0	0	0	0	0	6	0	11	0	0	0	2	0	0	0	0	0	0	0	0	0	0	
RPC19	132	0	0	0	0	0	0	0	0	0	0	0	0	6	0	11	0	0	0	2	0	0	0	0	0	0	0	0	0	0	
RPC19	133	0	0	0	0	0	0	0	0	0	0	0	0	6	0	11	0	0	0	2	0	0	0	0	0	0	0	0	0	0	
RPC19	134	0	0	0	0	0	0	0	0	0	0	0	0	6	0	11	0	0	0	2	0	0	0	0	0	0	0	0	0	0	
RPC19	135	0	0	0	0	0	0	0	0	0	0	0	0	0	0	0	0	0	0	0	0	0	0	0	0	0	0	0	0	0	
RPC19	136	0	0	0	0	0	0	0	0	0	0	0	0	0	0	0	0	0	0	0	0	0	0	0	0	0	0	0	0	0	
RPC19	137	0	0	0	0	0	0	0	0	0	0	0	0	0	0	0	0	0	0	0	0	0	0	0	0	0	0	0	0	0	
RPC19	138	0	0	0	0	0	0	0	0	0	0	0	0	0	0	0	0	0	0	0	0	0	0	0	0	0	0	0	0	0	
RPC19	139	0	0	0	0	0	0	0	0	0	0	0	0	0	0	0	0	0	0	0	0	0	0	0	0	0	0	0	0	0	
RPC19	140	0	0	0	0	0	0	0	0	0	0	0	0	0	0	0	0	0	0	0	0	0	0	0	0	0	0	0	0	0	
RPC19	141	0	0	0	0	0	0	0	0	0	0	0	0	0	0	0	0	0	0	0	0	0	0	0	0	0	0	0	0	0	
RPC19	142	0	0	0	0	0	0	0	0	0	0	0	0	0	0	0	0	0	0	0	0	0	0	0	0	0	0	0	0	0	
