protein	site	PSMs_001_Stu1-3FLAG_DMSO.csv	PSMs_002_Stu1-3FLAG_Cdc200-AID.csv	PSMs_003_Stu1-3FLAG_Benomyl.csv	PSMs_004_Stu1FLAG_Bub1V5_double_step_IP.csv	PSMs_005_Stu1_TOG1del_cutout_1.csv	PSMs_006_Stu1_TOG1del_cutout_2.csv	PSMs_007_Dsn1-flag.csv	PSMs_008_Dsn1-flag_mps1-1.csv	PSMs_009_Dsn1-flag_pgal-mps1.csv	PSMs_010_Dsn1-flag_ndc80.csv	PSMs_011_Dsn1-flag_ndc80-2a.csv	PSMs_012_Dsn1-flag_ndc80-2d.csv	PSMs_013_Dsn1-flag_ndc80_cdc15-2.csv	PSMs_014_Dsn1-flag_ndc80-2a_cdc15-2.csv	PSMs_015_Dsn1-flag_ndc80-2d_cdc15-2.csv	PSMs_016_Dsn1-flag.csv	PSMs_017_Dsn1-flag_mps1-1.csv	PSMs_018_ndc80-flag.csv	PSMs_019_ndc80-3flag.csv	PSMs_020_ndc80-flag_pgal-mps1.csv	PSMs_021_ndc80-3flag_pgal-mps1.csv	PSMs_022_dad1-flag.csv	PSMs_023_dad1-flag.csv	PSMs_024_dad1-flag_pgal-mps1.csv	PSMs_025_Nitobe_SCX1_Mtw1-3FLAG.csv	PSMs_025_Nitobe_SCX2_Mtw1-3FLAG.csv	PSMs_025_Nitobe_SCX3_Mtw1-3FLAG.csv	PSMs_025_Nitobe_SCX4_Mtw1-3FLAG.csv	PSMs_025_Nitobe_SCX5_Mtw1-3FLAG.csv	
SLK19	0	0	0	0	0	0	0	0	0	0	0	0	0	0	0	0	0	0	0	0	0	0	0	0	0	0	0	0	0	0	
SLK19	1	35	24	48	0	0	0	0	0	0	0	0	0	0	0	0	0	0	0	0	0	0	0	0	0	0	0	0	0	0	
SLK19	2	35	24	48	0	0	0	0	0	0	0	0	0	0	0	0	0	0	0	0	0	0	0	0	0	0	0	0	0	0	
SLK19	3	35	24	48	0	0	0	0	0	0	0	0	0	0	0	0	0	0	0	0	0	0	0	0	0	0	0	0	0	0	
SLK19	4	35	24	48	0	0	0	0	0	0	0	0	0	0	0	0	0	0	0	0	0	0	0	0	0	0	0	0	0	0	
SLK19	5	35	24	48	0	0	0	0	0	0	0	0	0	0	0	0	0	0	0	0	0	0	0	0	0	0	0	0	0	0	
SLK19	6	35	24	48	0	0	0	0	0	0	0	0	0	0	0	0	0	0	0	0	0	0	0	0	0	0	0	0	0	0	
SLK19	7	35	24	48	0	0	0	0	0	0	0	0	0	0	0	0	0	0	0	0	0	0	0	0	0	0	0	0	0	0	
SLK19	8	35	24	48	0	0	0	0	0	0	0	0	0	0	0	0	0	0	0	0	0	0	0	0	0	0	0	0	0	0	
SLK19	9	35	24	48	0	0	0	0	0	0	0	0	0	0	0	0	0	0	0	0	0	0	0	0	0	0	0	0	0	0	
SLK19	10	35	24	48	0	0	0	0	0	0	0	0	0	0	0	0	0	0	0	0	0	0	0	0	0	0	0	0	0	0	
SLK19	11	55	57	97	2	5	2	0	0	0	0	0	0	0	0	0	0	0	0	0	0	0	0	0	0	0	0	0	0	0	
SLK19	12	55	57	97	2	5	2	0	0	0	0	0	0	0	0	0	0	0	0	0	0	0	0	0	0	0	0	0	0	0	
SLK19	13	55	57	97	2	5	2	0	0	0	0	0	0	0	0	0	0	0	0	0	0	0	0	0	0	0	0	0	0	0	
SLK19	14	55	57	97	2	5	2	0	0	0	0	0	0	0	0	0	0	0	0	0	0	0	0	0	0	0	0	0	0	0	
SLK19	15	55	57	97	2	5	2	0	0	0	0	0	0	0	0	0	0	0	0	0	0	0	0	0	0	0	0	0	0	0	
SLK19	16	55	57	97	2	5	2	0	0	0	0	0	0	0	0	0	0	0	0	0	0	0	0	0	0	0	0	0	0	0	
SLK19	17	55	57	97	2	5	2	0	0	0	0	0	0	0	0	0	0	0	0	0	0	0	0	0	0	0	0	0	0	0	
SLK19	18	55	57	97	2	5	2	0	0	0	0	0	0	0	0	0	0	0	0	0	0	0	0	0	0	0	0	0	0	0	
SLK19	19	55	57	97	2	5	2	0	0	0	0	0	0	0	0	0	0	0	0	0	0	0	0	0	0	0	0	0	0	0	
SLK19	20	3	10	13	0	0	0	0	0	0	0	0	0	0	0	0	0	0	0	0	0	0	0	0	0	0	0	0	0	0	
SLK19	21	3	10	13	0	0	0	0	0	0	0	0	0	0	0	0	0	0	0	0	0	0	0	0	0	0	0	0	0	0	
SLK19	22	3	10	13	0	0	0	0	0	0	0	0	0	0	0	0	0	0	0	0	0	0	0	0	0	0	0	0	0	0	
SLK19	23	3	10	13	0	0	0	0	0	0	0	0	0	0	0	0	0	0	0	0	0	0	0	0	0	0	0	0	0	0	
SLK19	24	3	10	13	0	0	0	0	0	0	0	0	0	0	0	0	0	0	0	0	0	0	0	0	0	0	0	0	0	0	
SLK19	25	3	10	13	0	0	0	0	0	0	0	0	0	0	0	0	0	0	0	0	0	0	0	0	0	0	0	0	0	0	
SLK19	26	3	10	13	0	0	0	0	0	0	0	0	0	0	0	0	0	0	0	0	0	0	0	0	0	0	0	0	0	0	
SLK19	27	3	10	13	0	0	0	0	0	0	0	0	0	0	0	0	0	0	0	0	0	0	0	0	0	0	0	0	0	0	
SLK19	28	3	10	13	0	0	0	0	0	0	0	0	0	0	0	0	0	0	0	0	0	0	0	0	0	0	0	0	0	0	
SLK19	29	3	10	13	0	0	0	0	0	0	0	0	0	0	0	0	0	0	0	0	0	0	0	0	0	0	0	0	0	0	
SLK19	30	3	10	13	0	0	0	0	0	0	0	0	0	0	0	0	0	0	0	0	0	0	0	0	0	0	0	0	0	0	
SLK19	31	3	10	13	0	0	0	0	0	0	0	0	0	0	0	0	0	0	0	0	0	0	0	0	0	0	0	0	0	0	
SLK19	32	3	10	13	0	0	0	0	0	0	0	0	0	0	0	0	0	0	0	0	0	0	0	0	0	0	0	0	0	0	
SLK19	33	3	10	13	0	0	0	0	0	0	0	0	0	0	0	0	0	0	0	0	0	0	0	0	0	0	0	0	0	0	
SLK19	34	8	6	9	0	0	0	0	0	0	0	0	0	0	0	0	0	0	0	0	0	0	0	0	0	0	0	0	0	0	
SLK19	35	8	6	9	0	0	0	0	0	0	0	0	0	0	0	0	0	0	0	0	0	0	0	0	0	0	0	0	0	0	
SLK19	36	8	6	9	0	0	0	0	0	0	0	0	0	0	0	0	0	0	0	0	0	0	0	0	0	0	0	0	0	0	
SLK19	37	8	6	9	0	0	0	0	0	0	0	0	0	0	0	0	0	0	0	0	0	0	0	0	0	0	0	0	0	0	
SLK19	38	8	6	9	0	0	0	0	0	0	0	0	0	0	0	0	0	0	0	0	0	0	0	0	0	0	0	0	0	0	
SLK19	39	8	6	9	0	0	0	0	0	0	0	0	0	0	0	0	0	0	0	0	0	0	0	0	0	0	0	0	0	0	
SLK19	40	8	6	9	0	0	0	0	0	0	0	0	0	0	0	0	0	0	0	0	0	0	0	0	0	0	0	0	0	0	
SLK19	41	8	6	9	0	0	0	0	0	0	0	0	0	0	0	0	0	0	0	0	0	0	0	0	0	0	0	0	0	0	
SLK19	42	8	6	9	0	0	0	0	0	0	0	0	0	0	0	0	0	0	0	0	0	0	0	0	0	0	0	0	0	0	
SLK19	43	8	6	9	0	0	0	0	0	0	0	0	0	0	0	0	0	0	0	0	0	0	0	0	0	0	0	0	0	0	
SLK19	44	8	6	9	0	0	0	0	0	0	0	0	0	0	0	0	0	0	0	0	0	0	0	0	0	0	0	0	0	0	
SLK19	45	8	6	9	0	0	0	0	0	0	0	0	0	0	0	0	0	0	0	0	0	0	0	0	0	0	0	0	0	0	
SLK19	46	8	6	9	0	0	0	0	0	0	0	0	0	0	0	0	0	0	0	0	0	0	0	0	0	0	0	0	0	0	
SLK19	47	8	6	9	0	0	0	0	0	0	0	0	0	0	0	0	0	0	0	0	0	0	0	0	0	0	0	0	0	0	
SLK19	48	8	6	9	0	0	0	0	0	0	0	0	0	0	0	0	0	0	0	0	0	0	0	0	0	0	0	0	0	0	
SLK19	49	8	6	9	0	0	0	0	0	0	0	0	0	0	0	0	0	0	0	0	0	0	0	0	0	0	0	0	0	0	
SLK19	50	8	6	9	0	0	0	0	0	0	0	0	0	0	0	0	0	0	0	0	0	0	0	0	0	0	0	0	0	0	
SLK19	51	8	6	9	0	0	0	0	0	0	0	0	0	0	0	0	0	0	0	0	0	0	0	0	0	0	0	0	0	0	
SLK19	52	8	6	9	0	0	0	0	0	0	0	0	0	0	0	0	0	0	0	0	0	0	0	0	0	0	0	0	0	0	
SLK19	53	8	6	9	0	0	0	0	0	0	0	0	0	0	0	0	0	0	0	0	0	0	0	0	0	0	0	0	0	0	
SLK19	54	8	6	9	0	0	0	0	0	0	0	0	0	0	0	0	0	0	0	0	0	0	0	0	0	0	0	0	0	0	
SLK19	55	8	6	9	0	0	0	0	0	0	0	0	0	0	0	0	0	0	0	0	0	0	0	0	0	0	0	0	0	0	
SLK19	56	8	6	9	0	0	0	0	0	0	0	0	0	0	0	0	0	0	0	0	0	0	0	0	0	0	0	0	0	0	
SLK19	57	8	6	9	0	0	0	0	0	0	0	0	0	0	0	0	0	0	0	0	0	0	0	0	0	0	0	0	0	0	
SLK19	58	8	6	9	0	0	0	0	0	0	0	0	0	0	0	0	0	0	0	0	0	0	0	0	0	0	0	0	0	0	
SLK19	59	8	6	9	0	0	0	0	0	0	0	0	0	0	0	0	0	0	0	0	0	0	0	0	0	0	0	0	0	0	
SLK19	60	8	6	9	0	0	0	0	0	0	0	0	0	0	0	0	0	0	0	0	0	0	0	0	0	0	0	0	0	0	
SLK19	61	8	6	9	0	0	0	0	0	0	0	0	0	0	0	0	0	0	0	0	0	0	0	0	0	0	0	0	0	0	
SLK19	62	0	0	0	0	0	0	0	0	0	0	0	0	0	0	0	0	0	0	0	0	0	0	0	0	0	0	0	0	0	
SLK19	63	0	0	0	0	0	0	0	0	0	0	0	0	0	0	0	0	0	0	0	0	0	0	0	0	0	0	0	0	0	
SLK19	64	2	4	3	0	0	0	0	0	0	0	0	0	0	0	0	0	0	0	0	0	0	0	0	0	0	0	0	0	0	
SLK19	65	2	4	3	0	0	0	0	0	0	0	0	0	0	0	0	0	0	0	0	0	0	0	0	0	0	0	0	0	0	
SLK19	66	2	4	3	0	0	0	0	0	0	0	0	0	0	0	0	0	0	0	0	0	0	0	0	0	0	0	0	0	0	
SLK19	67	24	35	32	0	0	0	0	0	0	0	0	0	0	0	0	0	0	0	0	0	0	0	0	0	0	0	0	0	0	
SLK19	68	24	35	32	0	0	0	0	0	0	0	0	0	0	0	0	0	0	0	0	0	0	0	0	0	0	0	0	0	0	
SLK19	69	24	35	32	0	0	0	0	0	0	0	0	0	0	0	0	0	0	0	0	0	0	0	0	0	0	0	0	0	0	
SLK19	70	24	35	32	0	0	0	0	0	0	0	0	0	0	0	0	0	0	0	0	0	0	0	0	0	0	0	0	0	0	
SLK19	71	24	35	32	0	0	0	0	0	0	0	0	0	0	0	0	0	0	0	0	0	0	0	0	0	0	0	0	0	0	
SLK19	72	24	35	32	0	0	0	0	0	0	0	0	0	0	0	0	0	0	0	0	0	0	0	0	0	0	0	0	0	0	
SLK19	73	24	35	32	0	0	0	0	0	0	0	0	0	0	0	0	0	0	0	0	0	0	0	0	0	0	0	0	0	0	
SLK19	74	24	35	32	0	0	0	0	0	0	0	0	0	0	0	0	0	0	0	0	0	0	0	0	0	0	0	0	0	0	
SLK19	75	24	35	32	0	0	0	0	0	0	0	0	0	0	0	0	0	0	0	0	0	0	0	0	0	0	0	0	0	0	
SLK19	76	24	35	32	0	0	0	0	0	0	0	0	0	0	0	0	0	0	0	0	0	0	0	0	0	0	0	0	0	0	
SLK19	77	24	35	32	0	0	0	0	0	0	0	0	0	0	0	0	0	0	0	0	0	0	0	0	0	0	0	0	0	0	
SLK19	78	3	6	11	0	2	0	0	0	0	0	0	0	0	0	0	0	0	0	0	0	0	0	0	0	0	0	0	0	0	
SLK19	79	3	6	11	0	2	0	0	0	0	0	0	0	0	0	0	0	0	0	0	0	0	0	0	0	0	0	0	0	0	
SLK19	80	3	6	11	0	2	0	0	0	0	0	0	0	0	0	0	0	0	0	0	0	0	0	0	0	0	0	0	0	0	
SLK19	81	3	6	11	0	2	0	0	0	0	0	0	0	0	0	0	0	0	0	0	0	0	0	0	0	0	0	0	0	0	
SLK19	82	3	6	11	0	2	0	0	0	0	0	0	0	0	0	0	0	0	0	0	0	0	0	0	0	0	0	0	0	0	
SLK19	83	3	6	11	0	2	0	0	0	0	0	0	0	0	0	0	0	0	0	0	0	0	0	0	0	0	0	0	0	0	
SLK19	84	3	6	11	0	2	0	0	0	0	0	0	0	0	0	0	0	0	0	0	0	0	0	0	0	0	0	0	0	0	
SLK19	85	52	88	110	5	8	0	0	0	0	0	0	0	2	0	3	0	0	0	0	0	0	0	0	0	0	0	0	0	0	
SLK19	86	52	88	110	5	8	0	0	0	0	0	0	0	2	0	3	0	0	0	0	0	0	0	0	0	0	0	0	0	0	
SLK19	87	52	88	110	5	8	0	0	0	0	0	0	0	2	0	3	0	0	0	0	0	0	0	0	0	0	0	0	0	0	
SLK19	88	52	88	110	5	8	0	0	0	0	0	0	0	2	0	3	0	0	0	0	0	0	0	0	0	0	0	0	0	0	
SLK19	89	52	88	110	5	8	0	0	0	0	0	0	0	2	0	3	0	0	0	0	0	0	0	0	0	0	0	0	0	0	
SLK19	90	52	88	110	5	8	0	0	0	0	0	0	0	2	0	3	0	0	0	0	0	0	0	0	0	0	0	0	0	0	
SLK19	91	52	88	110	5	8	0	0	0	0	0	0	0	2	0	3	0	0	0	0	0	0	0	0	0	0	0	0	0	0	
SLK19	92	52	88	110	5	8	0	0	0	0	0	0	0	2	0	3	0	0	0	0	0	0	0	0	0	0	0	0	0	0	
SLK19	93	52	88	110	5	8	0	0	0	0	0	0	0	2	0	3	0	0	0	0	0	0	0	0	0	0	0	0	0	0	
SLK19	94	52	88	110	5	8	0	0	0	0	0	0	0	2	0	3	0	0	0	0	0	0	0	0	0	0	0	0	0	0	
SLK19	95	52	88	110	5	8	0	0	0	0	0	0	0	2	0	3	0	0	0	0	0	0	0	0	0	0	0	0	0	0	
SLK19	96	52	88	110	5	8	0	0	0	0	0	0	0	2	0	3	0	0	0	0	0	0	0	0	0	0	0	0	0	0	
SLK19	97	52	88	110	5	8	0	0	0	0	0	0	0	2	0	3	0	0	0	0	0	0	0	0	0	0	0	0	0	0	
SLK19	98	4	8	6	0	0	0	0	0	0	0	0	0	0	0	0	0	0	0	0	0	0	0	0	0	0	0	0	0	0	
SLK19	99	4	8	6	0	0	0	0	0	0	0	0	0	0	0	0	0	0	0	0	0	0	0	0	0	0	0	0	0	0	
SLK19	100	4	8	6	0	0	0	0	0	0	0	0	0	0	0	0	0	0	0	0	0	0	0	0	0	0	0	0	0	0	
SLK19	101	4	8	6	0	0	0	0	0	0	0	0	0	0	0	0	0	0	0	0	0	0	0	0	0	0	0	0	0	0	
SLK19	102	4	8	6	0	0	0	0	0	0	0	0	0	0	0	0	0	0	0	0	0	0	0	0	0	0	0	0	0	0	
SLK19	103	4	8	4	0	0	0	0	0	0	0	0	0	0	0	0	0	0	0	0	0	0	0	0	0	0	0	0	0	0	
SLK19	104	67	107	83	0	0	0	0	0	0	0	0	0	0	0	0	0	0	0	0	0	0	0	0	0	0	0	0	0	0	
SLK19	105	67	107	83	0	0	0	0	0	0	0	0	0	0	0	0	0	0	0	0	0	0	0	0	0	0	0	0	0	0	
SLK19	106	67	107	83	0	0	0	0	0	0	0	0	0	0	0	0	0	0	0	0	0	0	0	0	0	0	0	0	0	0	
SLK19	107	67	107	83	0	0	0	0	0	0	0	0	0	0	0	0	0	0	0	0	0	0	0	0	0	0	0	0	0	0	
SLK19	108	67	107	83	0	0	0	0	0	0	0	0	0	0	0	0	0	0	0	0	0	0	0	0	0	0	0	0	0	0	
SLK19	109	67	107	83	0	0	0	0	0	0	0	0	0	0	0	0	0	0	0	0	0	0	0	0	0	0	0	0	0	0	
SLK19	110	67	107	83	0	0	0	0	0	0	0	0	0	0	0	0	0	0	0	0	0	0	0	0	0	0	0	0	0	0	
SLK19	111	67	107	83	0	0	0	0	0	0	0	0	0	0	0	0	0	0	0	0	0	0	0	0	0	0	0	0	0	0	
SLK19	112	67	107	83	0	0	0	0	0	0	0	0	0	0	0	0	0	0	0	0	0	0	0	0	0	0	0	0	0	0	
SLK19	113	76	109	89	0	0	0	0	0	0	0	0	0	0	0	0	0	0	0	0	0	0	0	0	0	0	0	0	0	0	
SLK19	114	76	109	89	0	0	0	0	0	0	0	0	0	0	0	0	0	0	0	0	0	0	0	0	0	0	0	0	0	0	
SLK19	115	76	109	89	0	0	0	0	0	0	0	0	0	0	0	0	0	0	0	0	0	0	0	0	0	0	0	0	0	0	
SLK19	116	76	109	89	0	0	0	0	0	0	0	0	0	0	0	0	0	0	0	0	0	0	0	0	0	0	0	0	0	0	
SLK19	117	76	109	89	0	0	0	0	0	0	0	0	0	0	0	0	0	0	0	0	0	0	0	0	0	0	0	0	0	0	
SLK19	118	76	109	89	0	0	0	0	0	0	0	0	0	0	0	0	0	0	0	0	0	0	0	0	0	0	0	0	0	0	
SLK19	119	76	109	89	0	0	0	0	0	0	0	0	0	0	0	0	0	0	0	0	0	0	0	0	0	0	0	0	0	0	
SLK19	120	76	109	89	0	0	0	0	0	0	0	0	0	0	0	0	0	0	0	0	0	0	0	0	0	0	0	0	0	0	
SLK19	121	203	236	204	0	4	0	0	0	0	0	0	0	0	0	0	0	0	0	0	0	0	0	0	0	0	0	0	0	0	
SLK19	122	203	236	204	0	4	0	0	0	0	0	0	0	0	0	0	0	0	0	0	0	0	0	0	0	0	0	0	0	0	
SLK19	123	203	236	204	0	4	0	0	0	0	0	0	0	0	0	0	0	0	0	0	0	0	0	0	0	0	0	0	0	0	
SLK19	124	203	236	204	0	4	0	0	0	0	0	0	0	0	0	0	0	0	0	0	0	0	0	0	0	0	0	0	0	0	
SLK19	125	203	236	204	0	4	0	0	0	0	0	0	0	0	0	0	0	0	0	0	0	0	0	0	0	0	0	0	0	0	
SLK19	126	203	236	204	0	4	0	0	0	0	0	0	0	0	0	0	0	0	0	0	0	0	0	0	0	0	0	0	0	0	
SLK19	127	203	236	204	0	4	0	0	0	0	0	0	0	0	0	0	0	0	0	0	0	0	0	0	0	0	0	0	0	0	
SLK19	128	203	236	204	0	4	0	0	0	0	0	0	0	0	0	0	0	0	0	0	0	0	0	0	0	0	0	0	0	0	
SLK19	129	203	236	204	0	4	0	0	0	0	0	0	0	0	0	0	0	0	0	0	0	0	0	0	0	0	0	0	0	0	
SLK19	130	203	236	204	0	4	0	0	0	0	0	0	0	0	0	0	0	0	0	0	0	0	0	0	0	0	0	0	0	0	
SLK19	131	203	236	204	0	4	0	0	0	0	0	0	0	0	0	0	0	0	0	0	0	0	0	0	0	0	0	0	0	0	
SLK19	132	5	10	8	0	0	0	0	0	0	0	0	0	0	0	0	0	0	0	0	0	0	0	0	0	0	0	0	0	0	
SLK19	133	5	10	8	0	0	0	0	0	0	0	0	0	0	0	0	0	0	0	0	0	0	0	0	0	0	0	0	0	0	
SLK19	134	5	10	8	0	0	0	0	0	0	0	0	0	0	0	0	0	0	0	0	0	0	0	0	0	0	0	0	0	0	
SLK19	135	5	10	8	0	0	0	0	0	0	0	0	0	0	0	0	0	0	0	0	0	0	0	0	0	0	0	0	0	0	
SLK19	136	5	10	8	0	0	0	0	0	0	0	0	0	0	0	0	0	0	0	0	0	0	0	0	0	0	0	0	0	0	
SLK19	137	5	10	8	0	0	0	0	0	0	0	0	0	0	0	0	0	0	0	0	0	0	0	0	0	0	0	0	0	0	
SLK19	138	5	10	8	0	0	0	0	0	0	0	0	0	0	0	0	0	0	0	0	0	0	0	0	0	0	0	0	0	0	
SLK19	139	5	10	8	0	0	0	0	0	0	0	0	0	0	0	0	0	0	0	0	0	0	0	0	0	0	0	0	0	0	
SLK19	140	0	2	0	0	0	0	0	0	0	0	0	0	0	0	0	0	0	0	0	0	0	0	0	0	0	0	0	0	0	
SLK19	141	15	18	20	0	0	0	0	0	0	0	0	0	0	0	0	0	0	0	0	0	0	0	0	0	0	0	0	0	0	
SLK19	142	15	18	20	0	0	0	0	0	0	0	0	0	0	0	0	0	0	0	0	0	0	0	0	0	0	0	0	0	0	
SLK19	143	15	18	20	0	0	0	0	0	0	0	0	0	0	0	0	0	0	0	0	0	0	0	0	0	0	0	0	0	0	
SLK19	144	52	69	63	0	0	0	0	0	0	0	0	0	0	0	2	0	0	0	0	0	0	0	0	0	2	0	0	2	0	
SLK19	145	52	69	63	0	0	0	0	0	0	0	0	0	0	0	2	0	0	0	0	0	0	0	0	0	2	0	0	2	0	
SLK19	146	52	69	63	0	0	0	0	0	0	0	0	0	0	0	2	0	0	0	0	0	0	0	0	0	2	0	0	2	0	
SLK19	147	52	69	63	0	0	0	0	0	0	0	0	0	0	0	2	0	0	0	0	0	0	0	0	0	2	0	0	2	0	
SLK19	148	52	69	63	0	0	0	0	0	0	0	0	0	0	0	2	0	0	0	0	0	0	0	0	0	2	0	0	2	0	
SLK19	149	52	69	63	0	0	0	0	0	0	0	0	0	0	0	2	0	0	0	0	0	0	0	0	0	2	0	0	2	0	
SLK19	150	52	69	63	0	0	0	0	0	0	0	0	0	0	0	2	0	0	0	0	0	0	0	0	0	2	0	0	2	0	
SLK19	151	52	69	63	0	0	0	0	0	0	0	0	0	0	0	2	0	0	0	0	0	0	0	0	0	2	0	0	2	0	
SLK19	152	52	69	63	0	0	0	0	0	0	0	0	0	0	0	2	0	0	0	0	0	0	0	0	0	2	0	0	2	0	
SLK19	153	50	67	61	0	0	0	0	0	0	0	0	0	0	0	2	0	0	0	0	0	0	0	0	0	2	0	0	2	0	
SLK19	154	50	67	61	0	0	0	0	0	0	0	0	0	0	0	2	0	0	0	0	0	0	0	0	0	2	0	0	2	0	
SLK19	155	50	67	61	0	0	0	0	0	0	0	0	0	0	0	2	0	0	0	0	0	0	0	0	0	2	0	0	2	0	
SLK19	156	50	67	61	0	0	0	0	0	0	0	0	0	0	0	2	0	0	0	0	0	0	0	0	0	2	0	0	2	0	
SLK19	157	50	67	61	0	0	0	0	0	0	0	0	0	0	0	2	0	0	0	0	0	0	0	0	0	2	0	0	2	0	
SLK19	158	50	67	61	0	0	0	0	0	0	0	0	0	0	0	2	0	0	0	0	0	0	0	0	0	2	0	0	2	0	
SLK19	159	50	67	61	0	0	0	0	0	0	0	0	0	0	0	2	0	0	0	0	0	0	0	0	0	2	0	0	2	0	
SLK19	160	29	41	36	0	0	0	0	0	0	0	0	0	0	0	2	0	0	0	0	0	0	0	0	0	2	0	0	2	0	
SLK19	161	66	85	85	0	2	0	2	2	0	0	0	0	2	2	0	2	2	0	0	2	0	0	0	0	0	0	0	0	0	
SLK19	162	66	85	85	0	2	0	2	2	0	0	0	0	2	2	0	2	2	0	0	2	0	0	0	0	0	0	0	0	0	
SLK19	163	173	192	212	4	5	0	2	2	0	0	0	0	2	5	5	2	2	0	0	2	0	0	0	0	0	0	0	0	0	
SLK19	164	173	192	212	4	5	0	2	2	0	0	0	0	2	5	5	2	2	0	0	2	0	0	0	0	0	0	0	0	0	
SLK19	165	173	192	212	4	5	0	2	2	0	0	0	0	2	5	5	2	2	0	0	2	0	0	0	0	0	0	0	0	0	
SLK19	166	173	192	212	4	5	0	2	2	0	0	0	0	2	5	5	2	2	0	0	2	0	0	0	0	0	0	0	0	0	
SLK19	167	173	192	212	4	5	0	2	2	0	0	0	0	2	5	5	2	2	0	0	2	0	0	0	0	0	0	0	0	0	
SLK19	168	173	192	212	4	5	0	2	2	0	0	0	0	2	5	5	2	2	0	0	2	0	0	0	0	0	0	0	0	0	
SLK19	169	173	192	212	4	5	0	2	2	0	0	0	0	2	5	5	2	2	0	0	2	0	0	0	0	0	0	0	0	0	
SLK19	170	173	192	212	4	5	0	2	2	0	0	0	0	2	5	5	2	2	0	0	2	0	0	0	0	0	0	0	0	0	
SLK19	171	173	192	212	4	5	0	2	2	0	0	0	0	2	5	5	2	2	0	0	2	0	0	0	0	0	0	0	0	0	
SLK19	172	173	192	212	4	5	0	2	2	0	0	0	0	2	5	5	2	2	0	0	2	0	0	0	0	0	0	0	0	0	
SLK19	173	0	4	3	0	0	0	0	0	0	0	0	0	0	3	3	0	0	0	0	0	0	0	0	0	0	0	0	0	0	
SLK19	174	0	4	3	0	0	0	0	0	0	0	0	0	0	3	3	0	0	0	0	0	0	0	0	0	0	0	0	0	0	
SLK19	175	0	4	3	0	0	0	0	0	0	0	0	0	0	3	3	0	0	0	0	0	0	0	0	0	0	0	0	0	0	
SLK19	176	0	4	3	0	0	0	0	0	0	0	0	0	0	3	3	0	0	0	0	0	0	0	0	0	0	0	0	0	0	
SLK19	177	0	4	3	0	0	0	0	0	0	0	0	0	0	3	3	0	0	0	0	0	0	0	0	0	0	0	0	0	0	
SLK19	178	102	392	233	0	3	0	0	0	0	0	0	0	0	0	0	0	0	0	0	0	0	0	0	0	0	0	0	0	0	
SLK19	179	102	392	233	0	3	0	0	0	0	0	0	0	0	0	0	0	0	0	0	0	0	0	0	0	0	0	0	0	0	
SLK19	180	102	392	233	0	3	0	0	0	0	0	0	0	0	0	0	0	0	0	0	0	0	0	0	0	0	0	0	0	0	
SLK19	181	102	392	233	0	3	0	0	0	0	0	0	0	0	0	0	0	0	0	0	0	0	0	0	0	0	0	0	0	0	
SLK19	182	102	392	233	0	3	0	0	0	0	0	0	0	0	0	0	0	0	0	0	0	0	0	0	0	0	0	0	0	0	
SLK19	183	102	392	233	0	3	0	0	0	0	0	0	0	0	0	0	0	0	0	0	0	0	0	0	0	0	0	0	0	0	
SLK19	184	102	392	233	0	3	0	0	0	0	0	0	0	0	0	0	0	0	0	0	0	0	0	0	0	0	0	0	0	0	
SLK19	185	102	392	233	0	3	0	0	0	0	0	0	0	0	0	0	0	0	0	0	0	0	0	0	0	0	0	0	0	0	
SLK19	186	102	392	233	0	3	0	0	0	0	0	0	0	0	0	0	0	0	0	0	0	0	0	0	0	0	0	0	0	0	
SLK19	187	102	392	233	0	3	0	0	0	0	0	0	0	0	0	0	0	0	0	0	0	0	0	0	0	0	0	0	0	0	
SLK19	188	102	392	233	0	3	0	0	0	0	0	0	0	0	0	0	0	0	0	0	0	0	0	0	0	0	0	0	0	0	
SLK19	189	102	392	233	0	3	0	0	0	0	0	0	0	0	0	0	0	0	0	0	0	0	0	0	0	0	0	0	0	0	
SLK19	190	102	392	233	0	3	0	0	0	0	0	0	0	0	0	0	0	0	0	0	0	0	0	0	0	0	0	0	0	0	
SLK19	191	102	392	233	0	3	0	0	0	0	0	0	0	0	0	0	0	0	0	0	0	0	0	0	0	0	0	0	0	0	
SLK19	192	102	392	233	0	3	0	0	0	0	0	0	0	0	0	0	0	0	0	0	0	0	0	0	0	0	0	0	0	0	
SLK19	193	102	392	233	0	3	0	0	0	0	0	0	0	0	0	0	0	0	0	0	0	0	0	0	0	0	0	0	0	0	
SLK19	194	102	392	233	0	3	0	0	0	0	0	0	0	0	0	0	0	0	0	0	0	0	0	0	0	0	0	0	0	0	
SLK19	195	102	392	233	0	3	0	0	0	0	0	0	0	0	0	0	0	0	0	0	0	0	0	0	0	0	0	0	0	0	
SLK19	196	102	392	233	0	3	0	0	0	0	0	0	0	0	0	0	0	0	0	0	0	0	0	0	0	0	0	0	0	0	
SLK19	197	102	392	233	0	3	0	0	0	0	0	0	0	0	0	0	0	0	0	0	0	0	0	0	0	0	0	0	0	0	
SLK19	198	102	392	233	0	3	0	0	0	0	0	0	0	0	0	0	0	0	0	0	0	0	0	0	0	0	0	0	0	0	
SLK19	199	102	392	233	0	3	0	0	0	0	0	0	0	0	0	0	0	0	0	0	0	0	0	0	0	0	0	0	0	0	
SLK19	200	102	392	233	0	3	0	0	0	0	0	0	0	0	0	0	0	0	0	0	0	0	0	0	0	0	0	0	0	0	
SLK19	201	102	392	233	0	3	0	0	0	0	0	0	0	0	0	0	0	0	0	0	0	0	0	0	0	0	0	0	0	0	
SLK19	202	102	392	233	0	3	0	0	0	0	0	0	0	0	0	0	0	0	0	0	0	0	0	0	0	0	0	0	0	0	
SLK19	203	102	392	233	0	3	0	0	0	0	0	0	0	0	0	0	0	0	0	0	0	0	0	0	0	0	0	0	0	0	
SLK19	204	102	392	233	0	3	0	0	0	0	0	0	0	0	0	0	0	0	0	0	0	0	0	0	0	0	0	0	0	0	
SLK19	205	51	89	79	0	4	2	0	0	0	0	0	0	0	0	0	0	0	0	0	0	0	0	0	0	0	0	0	0	0	
SLK19	206	51	89	79	0	4	2	0	0	0	0	0	0	0	0	0	0	0	0	0	0	0	0	0	0	0	0	0	0	0	
SLK19	207	51	89	79	0	4	2	0	0	0	0	0	0	0	0	0	0	0	0	0	0	0	0	0	0	0	0	0	0	0	
SLK19	208	51	89	79	0	4	2	0	0	0	0	0	0	0	0	0	0	0	0	0	0	0	0	0	0	0	0	0	0	0	
SLK19	209	51	89	79	0	4	2	0	0	0	0	0	0	0	0	0	0	0	0	0	0	0	0	0	0	0	0	0	0	0	
SLK19	210	51	89	79	0	4	2	0	0	0	0	0	0	0	0	0	0	0	0	0	0	0	0	0	0	0	0	0	0	0	
SLK19	211	51	89	79	0	4	2	0	0	0	0	0	0	0	0	0	0	0	0	0	0	0	0	0	0	0	0	0	0	0	
SLK19	212	51	89	79	0	4	2	0	0	0	0	0	0	0	0	0	0	0	0	0	0	0	0	0	0	0	0	0	0	0	
SLK19	213	51	89	79	0	4	2	0	0	0	0	0	0	0	0	0	0	0	0	0	0	0	0	0	0	0	0	0	0	0	
SLK19	214	103	180	125	0	7	2	0	0	0	0	0	0	0	0	2	0	0	0	0	0	0	0	0	0	0	0	0	0	0	
SLK19	215	103	180	125	0	7	2	0	0	0	0	0	0	0	0	2	0	0	0	0	0	0	0	0	0	0	0	0	0	0	
SLK19	216	103	180	125	0	7	2	0	0	0	0	0	0	0	0	2	0	0	0	0	0	0	0	0	0	0	0	0	0	0	
SLK19	217	103	180	125	0	7	2	0	0	0	0	0	0	0	0	2	0	0	0	0	0	0	0	0	0	0	0	0	0	0	
SLK19	218	103	180	125	0	7	2	0	0	0	0	0	0	0	0	2	0	0	0	0	0	0	0	0	0	0	0	0	0	0	
SLK19	219	103	180	125	0	7	2	0	0	0	0	0	0	0	0	2	0	0	0	0	0	0	0	0	0	0	0	0	0	0	
SLK19	220	103	180	125	0	7	2	0	0	0	0	0	0	0	0	2	0	0	0	0	0	0	0	0	0	0	0	0	0	0	
SLK19	221	103	180	125	0	7	2	0	0	0	0	0	0	0	0	2	0	0	0	0	0	0	0	0	0	0	0	0	0	0	
SLK19	222	103	180	125	0	7	2	0	0	0	0	0	0	0	0	2	0	0	0	0	0	0	0	0	0	0	0	0	0	0	
SLK19	223	103	180	125	0	7	2	0	0	0	0	0	0	0	0	2	0	0	0	0	0	0	0	0	0	0	0	0	0	0	
SLK19	224	103	180	125	0	7	2	0	0	0	0	0	0	0	0	2	0	0	0	0	0	0	0	0	0	0	0	0	0	0	
SLK19	225	103	180	125	0	7	2	0	0	0	0	0	0	0	0	2	0	0	0	0	0	0	0	0	0	0	0	0	0	0	
SLK19	226	76	125	94	0	2	0	0	0	0	0	0	0	0	0	4	0	0	0	0	0	0	0	0	0	0	0	0	0	0	
SLK19	227	76	125	94	0	2	0	0	0	0	0	0	0	0	0	4	0	0	0	0	0	0	0	0	0	0	0	0	0	0	
SLK19	228	76	125	94	0	2	0	0	0	0	0	0	0	0	0	4	0	0	0	0	0	0	0	0	0	0	0	0	0	0	
SLK19	229	76	125	94	0	2	0	0	0	0	0	0	0	0	0	4	0	0	0	0	0	0	0	0	0	0	0	0	0	0	
SLK19	230	76	125	94	0	2	0	0	0	0	0	0	0	0	0	4	0	0	0	0	0	0	0	0	0	0	0	0	0	0	
SLK19	231	76	125	94	0	2	0	0	0	0	0	0	0	0	0	4	0	0	0	0	0	0	0	0	0	0	0	0	0	0	
SLK19	232	76	125	94	0	2	0	0	0	0	0	0	0	0	0	4	0	0	0	0	0	0	0	0	0	0	0	0	0	0	
SLK19	233	76	125	94	0	2	0	0	0	0	0	0	0	0	0	4	0	0	0	0	0	0	0	0	0	0	0	0	0	0	
SLK19	234	60	63	72	0	4	2	0	0	0	0	0	0	0	0	4	0	0	0	0	0	0	0	0	0	0	0	0	0	0	
SLK19	235	60	63	72	0	4	2	0	0	0	0	0	0	0	0	4	0	0	0	0	0	0	0	0	0	0	0	0	0	0	
SLK19	236	60	63	72	0	4	2	0	0	0	0	0	0	0	0	4	0	0	0	0	0	0	0	0	0	0	0	0	0	0	
SLK19	237	60	63	72	0	4	2	0	0	0	0	0	0	0	0	4	0	0	0	0	0	0	0	0	0	0	0	0	0	0	
SLK19	238	60	63	72	0	4	2	0	0	0	0	0	0	0	0	4	0	0	0	0	0	0	0	0	0	0	0	0	0	0	
SLK19	239	60	63	72	0	4	2	0	0	0	0	0	0	0	0	4	0	0	0	0	0	0	0	0	0	0	0	0	0	0	
SLK19	240	60	63	72	0	4	2	0	0	0	0	0	0	0	0	4	0	0	0	0	0	0	0	0	0	0	0	0	0	0	
SLK19	241	60	63	72	0	4	2	0	0	0	0	0	0	0	0	4	0	0	0	0	0	0	0	0	0	0	0	0	0	0	
SLK19	242	62	102	72	0	3	2	0	0	0	0	0	0	3	0	6	0	0	0	0	0	0	0	0	0	0	0	0	0	0	
SLK19	243	62	102	72	0	3	2	0	0	0	0	0	0	3	0	6	0	0	0	0	0	0	0	0	0	0	0	0	0	0	
SLK19	244	62	102	72	0	3	2	0	0	0	0	0	0	3	0	6	0	0	0	0	0	0	0	0	0	0	0	0	0	0	
SLK19	245	62	102	72	0	3	2	0	0	0	0	0	0	3	0	6	0	0	0	0	0	0	0	0	0	0	0	0	0	0	
SLK19	246	62	102	72	0	3	2	0	0	0	0	0	0	3	0	6	0	0	0	0	0	0	0	0	0	0	0	0	0	0	
SLK19	247	62	102	72	0	3	2	0	0	0	0	0	0	3	0	6	0	0	0	0	0	0	0	0	0	0	0	0	0	0	
SLK19	248	62	102	72	0	3	2	0	0	0	0	0	0	3	0	6	0	0	0	0	0	0	0	0	0	0	0	0	0	0	
SLK19	249	62	102	72	0	3	2	0	0	0	0	0	0	3	0	6	0	0	0	0	0	0	0	0	0	0	0	0	0	0	
SLK19	250	62	102	72	0	3	2	0	0	0	0	0	0	3	0	6	0	0	0	0	0	0	0	0	0	0	0	0	0	0	
SLK19	251	62	102	72	0	3	2	0	0	0	0	0	0	3	0	6	0	0	0	0	0	0	0	0	0	0	0	0	0	0	
SLK19	252	62	102	72	0	3	2	0	0	0	0	0	0	3	0	6	0	0	0	0	0	0	0	0	0	0	0	0	0	0	
SLK19	253	62	102	72	0	3	2	0	0	0	0	0	0	3	0	6	0	0	0	0	0	0	0	0	0	0	0	0	0	0	
SLK19	254	62	102	72	0	3	2	0	0	0	0	0	0	3	0	6	0	0	0	0	0	0	0	0	0	0	0	0	0	0	
SLK19	255	62	102	72	0	3	2	0	0	0	0	0	0	3	0	6	0	0	0	0	0	0	0	0	0	0	0	0	0	0	
SLK19	256	124	165	126	0	4	0	0	0	0	0	0	0	3	0	8	0	0	0	0	0	0	0	0	0	0	0	0	0	0	
SLK19	257	124	165	126	0	4	0	0	0	0	0	0	0	3	0	8	0	0	0	0	0	0	0	0	0	0	0	0	0	0	
SLK19	258	128	168	130	0	4	0	0	0	0	0	0	0	3	0	8	0	0	0	0	0	0	0	0	0	0	0	0	0	0	
SLK19	259	128	168	130	0	4	0	0	0	0	0	0	0	3	0	8	0	0	0	0	0	0	0	0	0	0	0	0	0	0	
SLK19	260	128	168	130	0	4	0	0	0	0	0	0	0	3	0	8	0	0	0	0	0	0	0	0	0	0	0	0	0	0	
SLK19	261	128	168	130	0	4	0	0	0	0	0	0	0	3	0	8	0	0	0	0	0	0	0	0	0	0	0	0	0	0	
SLK19	262	128	168	130	0	4	0	0	0	0	0	0	0	3	0	8	0	0	0	0	0	0	0	0	0	0	0	0	0	0	
SLK19	263	128	168	130	0	4	0	0	0	0	0	0	0	3	0	8	0	0	0	0	0	0	0	0	0	0	0	0	0	0	
SLK19	264	128	168	130	0	4	0	0	0	0	0	0	0	3	0	8	0	0	0	0	0	0	0	0	0	0	0	0	0	0	
SLK19	265	128	168	130	0	4	0	0	0	0	0	0	0	3	0	8	0	0	0	0	0	0	0	0	0	0	0	0	0	0	
SLK19	266	128	168	130	0	4	0	0	0	0	0	0	0	3	0	8	0	0	0	0	0	0	0	0	0	0	0	0	0	0	
SLK19	267	128	168	130	0	4	0	0	0	0	0	0	0	3	0	8	0	0	0	0	0	0	0	0	0	0	0	0	0	0	
SLK19	268	128	168	130	0	4	0	0	0	0	0	0	0	3	0	8	0	0	0	0	0	0	0	0	0	0	0	0	0	0	
SLK19	269	128	168	130	0	4	0	0	0	0	0	0	0	3	0	8	0	0	0	0	0	0	0	0	0	0	0	0	0	0	
SLK19	270	128	168	130	0	4	0	0	0	0	0	0	0	3	0	8	0	0	0	0	0	0	0	0	0	0	0	0	0	0	
SLK19	271	128	168	130	0	4	0	0	0	0	0	0	0	3	0	8	0	0	0	0	0	0	0	0	0	0	0	0	0	0	
SLK19	272	103	101	105	0	2	0	0	0	0	0	0	0	2	2	2	0	0	0	0	0	0	0	0	0	0	0	0	0	0	
SLK19	273	103	101	105	0	2	0	0	0	0	0	0	0	2	2	2	0	0	0	0	0	0	0	0	0	0	0	0	0	0	
SLK19	274	103	101	105	0	2	0	0	0	0	0	0	0	2	2	2	0	0	0	0	0	0	0	0	0	0	0	0	0	0	
SLK19	275	103	101	105	0	2	0	0	0	0	0	0	0	2	2	2	0	0	0	0	0	0	0	0	0	0	0	0	0	0	
SLK19	276	103	101	105	0	2	0	0	0	0	0	0	0	2	2	2	0	0	0	0	0	0	0	0	0	0	0	0	0	0	
SLK19	277	103	101	105	0	2	0	0	0	0	0	0	0	2	2	2	0	0	0	0	0	0	0	0	0	0	0	0	0	0	
SLK19	278	103	101	105	0	2	0	0	0	0	0	0	0	2	2	2	0	0	0	0	0	0	0	0	0	0	0	0	0	0	
SLK19	279	103	101	105	0	2	0	0	0	0	0	0	0	2	2	2	0	0	0	0	0	0	0	0	0	0	0	0	0	0	
SLK19	280	103	101	105	0	2	0	0	0	0	0	0	0	2	2	2	0	0	0	0	0	0	0	0	0	0	0	0	0	0	
SLK19	281	103	101	105	0	2	0	0	0	0	0	0	0	2	2	2	0	0	0	0	0	0	0	0	0	0	0	0	0	0	
SLK19	282	95	132	133	0	5	3	0	0	0	0	0	0	2	2	2	0	0	0	0	0	0	0	0	0	0	0	0	0	0	
SLK19	283	95	132	133	0	5	3	0	0	0	0	0	0	2	2	2	0	0	0	0	0	0	0	0	0	0	0	0	0	0	
SLK19	284	95	132	133	0	5	3	0	0	0	0	0	0	2	2	2	0	0	0	0	0	0	0	0	0	0	0	0	0	0	
SLK19	285	95	132	133	0	5	3	0	0	0	0	0	0	2	2	2	0	0	0	0	0	0	0	0	0	0	0	0	0	0	
SLK19	286	95	132	133	0	5	3	0	0	0	0	0	0	2	2	2	0	0	0	0	0	0	0	0	0	0	0	0	0	0	
SLK19	287	95	132	133	0	5	3	0	0	0	0	0	0	2	2	2	0	0	0	0	0	0	0	0	0	0	0	0	0	0	
SLK19	288	95	132	133	0	5	3	0	0	0	0	0	0	2	2	2	0	0	0	0	0	0	0	0	0	0	0	0	0	0	
SLK19	289	95	132	133	0	5	3	0	0	0	0	0	0	2	2	2	0	0	0	0	0	0	0	0	0	0	0	0	0	0	
SLK19	290	95	132	133	0	5	3	0	0	0	0	0	0	2	2	2	0	0	0	0	0	0	0	0	0	0	0	0	0	0	
SLK19	291	103	140	140	0	10	6	0	0	0	0	0	0	2	2	2	0	0	0	0	0	0	0	0	0	0	0	0	0	0	
SLK19	292	103	140	140	0	10	6	0	0	0	0	0	0	2	2	2	0	0	0	0	0	0	0	0	0	0	0	0	0	0	
SLK19	293	103	140	140	0	10	6	0	0	0	0	0	0	2	2	2	0	0	0	0	0	0	0	0	0	0	0	0	0	0	
SLK19	294	103	140	140	0	10	6	0	0	0	0	0	0	2	2	2	0	0	0	0	0	0	0	0	0	0	0	0	0	0	
SLK19	295	103	140	140	0	10	6	0	0	0	0	0	0	2	2	2	0	0	0	0	0	0	0	0	0	0	0	0	0	0	
SLK19	296	103	140	140	0	10	6	0	0	0	0	0	0	2	2	2	0	0	0	0	0	0	0	0	0	0	0	0	0	0	
SLK19	297	103	140	140	0	10	6	0	0	0	0	0	0	2	2	2	0	0	0	0	0	0	0	0	0	0	0	0	0	0	
SLK19	298	103	140	140	0	10	6	0	0	0	0	0	0	2	2	2	0	0	0	0	0	0	0	0	0	0	0	0	0	0	
SLK19	299	103	140	140	0	10	6	0	0	0	0	0	0	2	2	2	0	0	0	0	0	0	0	0	0	0	0	0	0	0	
SLK19	300	103	140	140	0	10	6	0	0	0	0	0	0	2	2	2	0	0	0	0	0	0	0	0	0	0	0	0	0	0	
SLK19	301	103	140	140	0	10	6	0	0	0	0	0	0	2	2	2	0	0	0	0	0	0	0	0	0	0	0	0	0	0	
SLK19	302	103	140	140	0	10	6	0	0	0	0	0	0	2	2	2	0	0	0	0	0	0	0	0	0	0	0	0	0	0	
SLK19	303	102	116	126	0	2	0	0	0	0	0	0	0	2	2	2	0	0	0	0	0	0	0	0	0	0	0	0	0	0	
SLK19	304	102	116	126	0	2	0	0	0	0	0	0	0	2	2	2	0	0	0	0	0	0	0	0	0	0	0	0	0	0	
SLK19	305	102	116	126	0	2	0	0	0	0	0	0	0	2	2	2	0	0	0	0	0	0	0	0	0	0	0	0	0	0	
SLK19	306	102	116	126	0	2	0	0	0	0	0	0	0	2	2	2	0	0	0	0	0	0	0	0	0	0	0	0	0	0	
SLK19	307	102	116	126	0	2	0	0	0	0	0	0	0	2	2	2	0	0	0	0	0	0	0	0	0	0	0	0	0	0	
SLK19	308	102	116	126	0	2	0	0	0	0	0	0	0	2	2	2	0	0	0	0	0	0	0	0	0	0	0	0	0	0	
SLK19	309	102	116	126	0	2	0	0	0	0	0	0	0	2	2	2	0	0	0	0	0	0	0	0	0	0	0	0	0	0	
SLK19	310	102	116	126	0	2	0	0	0	0	0	0	0	2	2	2	0	0	0	0	0	0	0	0	0	0	0	0	0	0	
SLK19	311	102	116	126	0	2	0	0	0	0	0	0	0	2	2	2	0	0	0	0	0	0	0	0	0	0	0	0	0	0	
SLK19	312	2	26	3	0	0	0	0	0	0	0	0	0	0	0	0	0	0	0	0	0	0	0	0	0	0	0	0	0	0	
SLK19	313	2	40	3	0	0	0	0	0	0	0	0	0	0	0	0	0	0	0	0	0	0	0	0	0	0	0	0	0	0	
SLK19	314	2	40	3	0	0	0	0	0	0	0	0	0	0	0	0	0	0	0	0	0	0	0	0	0	0	0	0	0	0	
SLK19	315	2	40	3	0	0	0	0	0	0	0	0	0	0	0	0	0	0	0	0	0	0	0	0	0	0	0	0	0	0	
SLK19	316	2	40	3	0	0	0	0	0	0	0	0	0	0	0	0	0	0	0	0	0	0	0	0	0	0	0	0	0	0	
SLK19	317	2	40	3	0	0	0	0	0	0	0	0	0	0	0	0	0	0	0	0	0	0	0	0	0	0	0	0	0	0	
SLK19	318	2	40	3	0	0	0	0	0	0	0	0	0	0	0	0	0	0	0	0	0	0	0	0	0	0	0	0	0	0	
SLK19	319	2	40	3	0	0	0	0	0	0	0	0	0	0	0	0	0	0	0	0	0	0	0	0	0	0	0	0	0	0	
SLK19	320	2	40	3	0	0	0	0	0	0	0	0	0	0	0	0	0	0	0	0	0	0	0	0	0	0	0	0	0	0	
SLK19	321	2	40	3	0	0	0	0	0	0	0	0	0	0	0	0	0	0	0	0	0	0	0	0	0	0	0	0	0	0	
SLK19	322	2	40	3	0	0	0	0	0	0	0	0	0	0	0	0	0	0	0	0	0	0	0	0	0	0	0	0	0	0	
SLK19	323	2	40	3	0	0	0	0	0	0	0	0	0	0	0	0	0	0	0	0	0	0	0	0	0	0	0	0	0	0	
SLK19	324	2	40	3	0	0	0	0	0	0	0	0	0	0	0	0	0	0	0	0	0	0	0	0	0	0	0	0	0	0	
SLK19	325	2	40	3	0	0	0	0	0	0	0	0	0	0	0	0	0	0	0	0	0	0	0	0	0	0	0	0	0	0	
SLK19	326	2	40	3	0	0	0	0	0	0	0	0	0	0	0	0	0	0	0	0	0	0	0	0	0	0	0	0	0	0	
SLK19	327	2	40	3	0	0	0	0	0	0	0	0	0	0	0	0	0	0	0	0	0	0	0	0	0	0	0	0	0	0	
SLK19	328	2	40	3	0	0	0	0	0	0	0	0	0	0	0	0	0	0	0	0	0	0	0	0	0	0	0	0	0	0	
SLK19	329	2	40	3	0	0	0	0	0	0	0	0	0	0	0	0	0	0	0	0	0	0	0	0	0	0	0	0	0	0	
SLK19	330	2	40	3	0	0	0	0	0	0	0	0	0	0	0	0	0	0	0	0	0	0	0	0	0	0	0	0	0	0	
SLK19	331	2	40	3	0	0	0	0	0	0	0	0	0	0	0	0	0	0	0	0	0	0	0	0	0	0	0	0	0	0	
SLK19	332	2	40	3	0	0	0	0	0	0	0	0	0	0	0	0	0	0	0	0	0	0	0	0	0	0	0	0	0	0	
SLK19	333	2	40	3	0	0	0	0	0	0	0	0	0	0	0	0	0	0	0	0	0	0	0	0	0	0	0	0	0	0	
SLK19	334	6	18	5	0	8	0	0	0	0	0	0	0	0	0	0	0	0	0	0	0	0	0	0	0	0	0	0	0	0	
SLK19	335	6	18	5	0	8	0	0	0	0	0	0	0	0	0	0	0	0	0	0	0	0	0	0	0	0	0	0	0	0	
SLK19	336	6	18	5	0	8	0	0	0	0	0	0	0	0	0	0	0	0	0	0	0	0	0	0	0	0	0	0	0	0	
SLK19	337	6	18	5	0	8	0	0	0	0	0	0	0	0	0	0	0	0	0	0	0	0	0	0	0	0	0	0	0	0	
SLK19	338	6	18	5	0	8	0	0	0	0	0	0	0	0	0	0	0	0	0	0	0	0	0	0	0	0	0	0	0	0	
SLK19	339	6	18	5	0	8	0	0	0	0	0	0	0	0	0	0	0	0	0	0	0	0	0	0	0	0	0	0	0	0	
SLK19	340	6	18	5	0	8	0	0	0	0	0	0	0	0	0	0	0	0	0	0	0	0	0	0	0	0	0	0	0	0	
SLK19	341	6	18	5	0	8	0	0	0	0	0	0	0	0	0	0	0	0	0	0	0	0	0	0	0	0	0	0	0	0	
SLK19	342	6	18	5	0	8	0	0	0	0	0	0	0	0	0	0	0	0	0	0	0	0	0	0	0	0	0	0	0	0	
SLK19	343	6	18	5	0	8	0	0	0	0	0	0	0	0	0	0	0	0	0	0	0	0	0	0	0	0	0	0	0	0	
SLK19	344	29	39	41	0	0	0	0	0	0	0	0	0	0	0	0	0	0	0	0	0	0	0	0	0	0	0	0	0	0	
SLK19	345	29	39	41	0	0	0	0	0	0	0	0	0	0	0	0	0	0	0	0	0	0	0	0	0	0	0	0	0	0	
SLK19	346	29	39	41	0	0	0	0	0	0	0	0	0	0	0	0	0	0	0	0	0	0	0	0	0	0	0	0	0	0	
SLK19	347	138	159	126	0	4	0	0	0	0	0	0	0	0	0	0	0	0	0	0	0	0	0	0	0	0	0	0	0	0	
SLK19	348	138	159	126	0	4	0	0	0	0	0	0	0	0	0	0	0	0	0	0	0	0	0	0	0	0	0	0	0	0	
SLK19	349	138	159	126	0	4	0	0	0	0	0	0	0	0	0	0	0	0	0	0	0	0	0	0	0	0	0	0	0	0	
SLK19	350	138	159	126	0	4	0	0	0	0	0	0	0	0	0	0	0	0	0	0	0	0	0	0	0	0	0	0	0	0	
SLK19	351	138	159	126	0	4	0	0	0	0	0	0	0	0	0	0	0	0	0	0	0	0	0	0	0	0	0	0	0	0	
SLK19	352	138	159	126	0	4	0	0	0	0	0	0	0	0	0	0	0	0	0	0	0	0	0	0	0	0	0	0	0	0	
SLK19	353	138	159	126	0	4	0	0	0	0	0	0	0	0	0	0	0	0	0	0	0	0	0	0	0	0	0	0	0	0	
SLK19	354	138	159	126	0	4	0	0	0	0	0	0	0	0	0	0	0	0	0	0	0	0	0	0	0	0	0	0	0	0	
SLK19	355	138	159	126	0	4	0	0	0	0	0	0	0	0	0	0	0	0	0	0	0	0	0	0	0	0	0	0	0	0	
SLK19	356	138	159	126	0	4	0	0	0	0	0	0	0	0	0	0	0	0	0	0	0	0	0	0	0	0	0	0	0	0	
SLK19	357	138	159	126	0	4	0	0	0	0	0	0	0	0	0	0	0	0	0	0	0	0	0	0	0	0	0	0	0	0	
SLK19	358	138	159	126	0	4	0	0	0	0	0	0	0	0	0	0	0	0	0	0	0	0	0	0	0	0	0	0	0	0	
SLK19	359	71	91	80	0	0	0	0	0	0	0	0	0	0	0	0	0	0	0	0	0	0	0	0	0	0	0	0	0	0	
SLK19	360	71	91	80	0	0	0	0	0	0	0	0	0	0	0	0	0	0	0	0	0	0	0	0	0	0	0	0	0	0	
SLK19	361	71	91	80	0	0	0	0	0	0	0	0	0	0	0	0	0	0	0	0	0	0	0	0	0	0	0	0	0	0	
SLK19	362	16	26	26	0	0	0	0	0	0	0	0	0	0	0	0	0	0	0	0	0	0	0	0	0	0	0	0	0	0	
SLK19	363	16	26	26	0	0	0	0	0	0	0	0	0	0	0	0	0	0	0	0	0	0	0	0	0	0	0	0	0	0	
SLK19	364	16	26	26	0	0	0	0	0	0	0	0	0	0	0	0	0	0	0	0	0	0	0	0	0	0	0	0	0	0	
SLK19	365	16	26	26	0	0	0	0	0	0	0	0	0	0	0	0	0	0	0	0	0	0	0	0	0	0	0	0	0	0	
SLK19	366	16	26	26	0	0	0	0	0	0	0	0	0	0	0	0	0	0	0	0	0	0	0	0	0	0	0	0	0	0	
SLK19	367	10	9	18	0	0	0	0	0	0	0	0	0	0	0	0	0	0	0	0	0	0	0	0	0	0	0	0	0	0	
SLK19	368	10	9	18	0	0	0	0	0	0	0	0	0	0	0	0	0	0	0	0	0	0	0	0	0	0	0	0	0	0	
SLK19	369	10	9	18	0	0	0	0	0	0	0	0	0	0	0	0	0	0	0	0	0	0	0	0	0	0	0	0	0	0	
SLK19	370	10	9	18	0	0	0	0	0	0	0	0	0	0	0	0	0	0	0	0	0	0	0	0	0	0	0	0	0	0	
SLK19	371	10	9	18	0	0	0	0	0	0	0	0	0	0	0	0	0	0	0	0	0	0	0	0	0	0	0	0	0	0	
SLK19	372	10	9	18	0	0	0	0	0	0	0	0	0	0	0	0	0	0	0	0	0	0	0	0	0	0	0	0	0	0	
SLK19	373	10	9	16	0	0	0	0	0	0	0	0	0	0	0	0	0	0	0	0	0	0	0	0	0	0	0	0	0	0	
SLK19	374	10	9	16	0	0	0	0	0	0	0	0	0	0	0	0	0	0	0	0	0	0	0	0	0	0	0	0	0	0	
SLK19	375	10	9	16	0	0	0	0	0	0	0	0	0	0	0	0	0	0	0	0	0	0	0	0	0	0	0	0	0	0	
SLK19	376	0	0	0	0	0	0	0	0	0	0	0	0	0	0	0	0	0	0	0	0	0	0	0	0	0	0	0	0	0	
SLK19	377	0	0	0	0	0	0	0	0	0	0	0	0	0	0	0	0	0	0	0	0	0	0	0	0	0	0	0	0	0	
SLK19	378	0	0	0	0	0	0	0	0	0	0	0	0	0	0	0	0	0	0	0	0	0	0	0	0	0	0	0	0	0	
SLK19	379	0	0	0	0	0	0	0	0	0	0	0	0	0	0	0	0	0	0	0	0	0	0	0	0	0	0	0	0	0	
SLK19	380	24	26	32	0	3	0	0	0	0	0	0	0	0	0	0	0	0	0	0	0	0	0	0	0	0	0	0	0	0	
SLK19	381	24	26	32	0	3	0	0	0	0	0	0	0	0	0	0	0	0	0	0	0	0	0	0	0	0	0	0	0	0	
SLK19	382	50	56	70	0	6	0	0	0	0	0	0	0	2	0	0	0	0	0	0	0	0	0	0	0	0	0	0	0	0	
SLK19	383	50	56	70	0	6	0	0	0	0	0	0	0	2	0	0	0	0	0	0	0	0	0	0	0	0	0	0	0	0	
SLK19	384	50	56	70	0	6	0	0	0	0	0	0	0	2	0	0	0	0	0	0	0	0	0	0	0	0	0	0	0	0	
SLK19	385	50	56	70	0	6	0	0	0	0	0	0	0	2	0	0	0	0	0	0	0	0	0	0	0	0	0	0	0	0	
SLK19	386	50	56	70	0	6	0	0	0	0	0	0	0	2	0	0	0	0	0	0	0	0	0	0	0	0	0	0	0	0	
SLK19	387	50	56	70	0	6	0	0	0	0	0	0	0	2	0	0	0	0	0	0	0	0	0	0	0	0	0	0	0	0	
SLK19	388	50	56	70	0	6	0	0	0	0	0	0	0	2	0	0	0	0	0	0	0	0	0	0	0	0	0	0	0	0	
SLK19	389	3	4	10	0	0	0	0	0	0	0	0	0	0	0	0	0	0	0	0	0	0	0	0	0	0	0	0	0	0	
SLK19	390	3	4	10	0	0	0	0	0	0	0	0	0	0	0	0	0	0	0	0	0	0	0	0	0	0	0	0	0	0	
SLK19	391	3	4	10	0	0	0	0	0	0	0	0	0	0	0	0	0	0	0	0	0	0	0	0	0	0	0	0	0	0	
SLK19	392	3	4	10	0	0	0	0	0	0	0	0	0	0	0	0	0	0	0	0	0	0	0	0	0	0	0	0	0	0	
SLK19	393	3	4	10	0	0	0	0	0	0	0	0	0	0	0	0	0	0	0	0	0	0	0	0	0	0	0	0	0	0	
SLK19	394	3	4	10	0	0	0	0	0	0	0	0	0	0	0	0	0	0	0	0	0	0	0	0	0	0	0	0	0	0	
SLK19	395	3	4	10	0	0	0	0	0	0	0	0	0	0	0	0	0	0	0	0	0	0	0	0	0	0	0	0	0	0	
SLK19	396	0	0	0	0	0	0	0	0	0	0	0	0	2	2	3	2	0	0	0	0	0	0	0	0	0	0	0	0	0	
SLK19	397	0	0	0	0	0	0	0	0	0	0	0	0	2	2	3	2	0	0	0	0	0	0	0	0	0	0	0	0	0	
SLK19	398	0	0	0	0	0	0	0	0	0	0	0	0	2	2	3	2	0	0	0	0	0	0	0	0	0	0	0	0	0	
SLK19	399	0	0	0	0	0	0	0	0	0	0	0	0	2	2	3	2	0	0	0	0	0	0	0	0	0	0	0	0	0	
SLK19	400	0	0	0	0	0	0	0	0	0	0	0	0	2	2	3	2	0	0	0	0	0	0	0	0	0	0	0	0	0	
SLK19	401	160	297	235	2	0	0	0	2	0	0	0	0	4	4	5	2	3	0	0	0	0	0	0	0	0	0	0	0	0	
SLK19	402	160	297	235	2	0	0	0	2	0	0	0	0	4	4	5	2	3	0	0	0	0	0	0	0	0	0	0	0	0	
SLK19	403	160	297	235	2	0	0	0	2	0	0	0	0	4	4	5	2	3	0	0	0	0	0	0	0	0	0	0	0	0	
SLK19	404	160	297	235	2	0	0	0	2	0	0	0	0	4	4	5	2	3	0	0	0	0	0	0	0	0	0	0	0	0	
SLK19	405	160	297	235	2	0	0	0	2	0	0	0	0	4	4	5	2	3	0	0	0	0	0	0	0	0	0	0	0	0	
SLK19	406	160	297	235	2	0	0	0	2	0	0	0	0	4	4	5	2	3	0	0	0	0	0	0	0	0	0	0	0	0	
SLK19	407	160	297	235	2	0	0	0	2	0	0	0	0	4	4	5	2	3	0	0	0	0	0	0	0	0	0	0	0	0	
SLK19	408	160	297	235	2	0	0	0	2	0	0	0	0	4	4	5	2	3	0	0	0	0	0	0	0	0	0	0	0	0	
SLK19	409	160	297	235	2	0	0	0	2	0	0	0	0	4	4	5	2	3	0	0	0	0	0	0	0	0	0	0	0	0	
SLK19	410	160	297	235	2	0	0	0	2	0	0	0	0	4	4	5	2	3	0	0	0	0	0	0	0	0	0	0	0	0	
SLK19	411	160	297	235	2	0	0	0	2	0	0	0	0	4	4	5	2	3	0	0	0	0	0	0	0	0	0	0	0	0	
SLK19	412	160	297	235	2	0	0	0	2	0	0	0	0	4	4	5	2	3	0	0	0	0	0	0	0	0	0	0	0	0	
SLK19	413	143	269	202	2	0	0	0	2	0	0	0	0	4	4	5	2	3	0	0	0	0	0	0	0	0	0	0	0	0	
SLK19	414	143	269	202	2	0	0	0	2	0	0	0	0	4	4	5	2	3	0	0	0	0	0	0	0	0	0	0	0	0	
SLK19	415	143	269	202	2	0	0	0	2	0	0	0	0	4	4	5	2	3	0	0	0	0	0	0	0	0	0	0	0	0	
SLK19	416	143	269	202	2	0	0	0	2	0	0	0	0	4	4	5	2	3	0	0	0	0	0	0	0	0	0	0	0	0	
SLK19	417	143	269	202	2	0	0	0	2	0	0	0	0	4	4	5	2	3	0	0	0	0	0	0	0	0	0	0	0	0	
SLK19	418	143	269	202	2	0	0	0	2	0	0	0	0	4	4	5	2	3	0	0	0	0	0	0	0	0	0	0	0	0	
SLK19	419	143	269	202	2	0	0	0	2	0	0	0	0	4	4	5	2	3	0	0	0	0	0	0	0	0	0	0	0	0	
SLK19	420	143	269	202	2	0	0	0	2	0	0	0	0	4	4	5	2	3	0	0	0	0	0	0	0	0	0	0	0	0	
SLK19	421	143	269	202	2	0	0	0	2	0	0	0	0	4	4	5	2	3	0	0	0	0	0	0	0	0	0	0	0	0	
SLK19	422	143	269	202	2	0	0	0	2	0	0	0	0	4	4	5	2	3	0	0	0	0	0	0	0	0	0	0	0	0	
SLK19	423	143	269	202	2	0	0	0	2	0	0	0	0	4	4	5	2	3	0	0	0	0	0	0	0	0	0	0	0	0	
SLK19	424	143	269	202	2	0	0	0	2	0	0	0	0	4	4	5	2	3	0	0	0	0	0	0	0	0	0	0	0	0	
SLK19	425	143	269	202	2	0	0	0	2	0	0	0	0	4	4	5	2	3	0	0	0	0	0	0	0	0	0	0	0	0	
SLK19	426	143	269	202	2	0	0	0	2	0	0	0	0	4	4	5	2	3	0	0	0	0	0	0	0	0	0	0	0	0	
SLK19	427	143	269	202	2	0	0	0	2	0	0	0	0	4	4	5	2	3	0	0	0	0	0	0	0	0	0	0	0	0	
SLK19	428	157	171	188	5	12	2	3	3	0	0	0	0	5	2	6	0	4	0	0	0	0	0	0	0	0	0	0	0	0	
SLK19	429	157	171	188	5	12	2	3	3	0	0	0	0	5	2	6	0	4	0	0	0	0	0	0	0	0	0	0	0	0	
SLK19	430	157	171	188	5	12	2	3	3	0	0	0	0	5	2	6	0	4	0	0	0	0	0	0	0	0	0	0	0	0	
SLK19	431	157	171	188	5	12	2	3	3	0	0	0	0	5	2	6	0	4	0	0	0	0	0	0	0	0	0	0	0	0	
SLK19	432	157	171	188	5	12	2	3	3	0	0	0	0	5	2	6	0	4	0	0	0	0	0	0	0	0	0	0	0	0	
SLK19	433	271	261	305	5	20	2	3	3	0	0	0	0	5	2	6	0	4	0	0	0	0	0	0	0	0	0	0	0	0	
SLK19	434	271	261	305	5	20	2	3	3	0	0	0	0	5	2	6	0	4	0	0	0	0	0	0	0	0	0	0	0	0	
SLK19	435	271	261	305	5	20	2	3	3	0	0	0	0	5	2	6	0	4	0	0	0	0	0	0	0	0	0	0	0	0	
SLK19	436	271	261	305	5	20	2	3	3	0	0	0	0	5	2	6	0	4	0	0	0	0	0	0	0	0	0	0	0	0	
SLK19	437	271	261	305	5	20	2	3	3	0	0	0	0	5	2	6	0	4	0	0	0	0	0	0	0	0	0	0	0	0	
SLK19	438	271	261	305	5	20	2	3	3	0	0	0	0	5	2	6	0	4	0	0	0	0	0	0	0	0	0	0	0	0	
SLK19	439	271	261	305	5	20	2	3	3	0	0	0	0	5	2	6	0	4	0	0	0	0	0	0	0	0	0	0	0	0	
SLK19	440	271	261	305	5	20	2	3	3	0	0	0	0	5	2	6	0	4	0	0	0	0	0	0	0	0	0	0	0	0	
SLK19	441	35	60	61	0	0	0	2	2	0	0	0	0	0	0	2	0	0	0	0	0	0	0	0	0	0	0	0	0	0	
SLK19	442	35	60	61	0	0	0	2	2	0	0	0	0	0	0	2	0	0	0	0	0	0	0	0	0	0	0	0	0	0	
SLK19	443	35	60	61	0	0	0	2	2	0	0	0	0	0	0	2	0	0	0	0	0	0	0	0	0	0	0	0	0	0	
SLK19	444	35	60	61	0	0	0	2	2	0	0	0	0	0	0	2	0	0	0	0	0	0	0	0	0	0	0	0	0	0	
SLK19	445	50	86	90	0	4	0	2	2	0	0	0	0	2	0	2	0	0	0	0	0	0	0	0	0	0	0	0	0	0	
SLK19	446	50	86	90	0	4	0	2	2	0	0	0	0	2	0	2	0	0	0	0	0	0	0	0	0	0	0	0	0	0	
SLK19	447	50	86	90	0	4	0	2	2	0	0	0	0	2	0	2	0	0	0	0	0	0	0	0	0	0	0	0	0	0	
SLK19	448	50	86	90	0	4	0	2	2	0	0	0	0	2	0	2	0	0	0	0	0	0	0	0	0	0	0	0	0	0	
SLK19	449	50	86	90	0	4	0	2	2	0	0	0	0	2	0	2	0	0	0	0	0	0	0	0	0	0	0	0	0	0	
SLK19	450	102	137	144	2	8	3	2	2	0	0	0	0	2	0	4	0	0	0	0	0	0	0	0	0	0	0	0	0	0	
SLK19	451	102	137	144	2	8	3	2	2	0	0	0	0	2	0	4	0	0	0	0	0	0	0	0	0	0	0	0	0	0	
SLK19	452	102	137	144	2	8	3	2	2	0	0	0	0	2	0	4	0	0	0	0	0	0	0	0	0	0	0	0	0	0	
SLK19	453	102	137	144	2	8	3	2	2	0	0	0	0	2	0	4	0	0	0	0	0	0	0	0	0	0	0	0	0	0	
SLK19	454	102	137	144	2	8	3	2	2	0	0	0	0	2	0	4	0	0	0	0	0	0	0	0	0	0	0	0	0	0	
SLK19	455	102	137	144	2	8	3	2	2	0	0	0	0	2	0	4	0	0	0	0	0	0	0	0	0	0	0	0	0	0	
SLK19	456	102	137	144	2	8	3	2	2	0	0	0	0	2	0	4	0	0	0	0	0	0	0	0	0	0	0	0	0	0	
SLK19	457	102	137	144	2	8	3	2	2	0	0	0	0	2	0	4	0	0	0	0	0	0	0	0	0	0	0	0	0	0	
SLK19	458	102	137	144	2	8	3	2	2	0	0	0	0	2	0	4	0	0	0	0	0	0	0	0	0	0	0	0	0	0	
SLK19	459	102	137	144	2	8	3	2	2	0	0	0	0	2	0	4	0	0	0	0	0	0	0	0	0	0	0	0	0	0	
SLK19	460	102	137	144	2	8	3	2	2	0	0	0	0	2	0	4	0	0	0	0	0	0	0	0	0	0	0	0	0	0	
SLK19	461	102	137	144	2	8	3	2	2	0	0	0	0	2	0	4	0	0	0	0	0	0	0	0	0	0	0	0	0	0	
SLK19	462	102	137	144	2	8	3	2	2	0	0	0	0	2	0	4	0	0	0	0	0	0	0	0	0	0	0	0	0	0	
SLK19	463	102	137	144	2	8	3	2	2	0	0	0	0	2	0	4	0	0	0	0	0	0	0	0	0	0	0	0	0	0	
SLK19	464	92	136	106	6	3	0	0	0	0	0	0	0	4	4	2	0	0	0	0	0	0	0	0	0	0	0	0	0	0	
SLK19	465	92	136	106	6	3	0	0	0	0	0	0	0	4	4	2	0	0	0	0	0	0	0	0	0	0	0	0	0	0	
SLK19	466	92	136	106	6	3	0	0	0	0	0	0	0	4	4	2	0	0	0	0	0	0	0	0	0	0	0	0	0	0	
SLK19	467	92	136	106	6	3	0	0	0	0	0	0	0	4	4	2	0	0	0	0	0	0	0	0	0	0	0	0	0	0	
SLK19	468	92	136	106	6	3	0	0	0	0	0	0	0	4	4	2	0	0	0	0	0	0	0	0	0	0	0	0	0	0	
SLK19	469	92	136	106	6	3	0	0	0	0	0	0	0	4	4	2	0	0	0	0	0	0	0	0	0	0	0	0	0	0	
SLK19	470	92	136	106	6	3	0	0	0	0	0	0	0	4	4	2	0	0	0	0	0	0	0	0	0	0	0	0	0	0	
SLK19	471	95	133	107	6	3	0	0	0	0	0	0	0	4	4	2	0	0	0	0	0	0	0	0	0	0	0	0	0	0	
SLK19	472	95	133	107	6	3	0	0	0	0	0	0	0	4	4	2	0	0	0	0	0	0	0	0	0	0	0	0	0	0	
SLK19	473	95	133	107	6	3	0	0	0	0	0	0	0	4	4	2	0	0	0	0	0	0	0	0	0	0	0	0	0	0	
SLK19	474	95	133	107	6	3	0	0	0	0	0	0	0	4	4	2	0	0	0	0	0	0	0	0	0	0	0	0	0	0	
SLK19	475	95	133	107	6	3	0	0	0	0	0	0	0	4	4	2	0	0	0	0	0	0	0	0	0	0	0	0	0	0	
SLK19	476	95	133	107	6	3	0	0	0	0	0	0	0	4	4	2	0	0	0	0	0	0	0	0	0	0	0	0	0	0	
SLK19	477	95	133	107	6	3	0	0	0	0	0	0	0	4	4	2	0	0	0	0	0	0	0	0	0	0	0	0	0	0	
SLK19	478	95	133	107	6	3	0	0	0	0	0	0	0	4	4	2	0	0	0	0	0	0	0	0	0	0	0	0	0	0	
SLK19	479	95	133	107	6	3	0	0	0	0	0	0	0	4	4	2	0	0	0	0	0	0	0	0	0	0	0	0	0	0	
SLK19	480	37	36	47	0	6	2	0	0	0	0	0	0	3	2	2	0	0	0	0	0	0	0	0	0	0	0	0	0	0	
SLK19	481	37	36	47	0	6	2	0	0	0	0	0	0	3	2	2	0	0	0	0	0	0	0	0	0	0	0	0	0	0	
SLK19	482	37	36	47	0	9	2	0	0	0	0	0	0	3	2	2	0	0	0	0	0	0	0	0	0	0	0	0	0	0	
SLK19	483	37	36	47	0	9	2	0	0	0	0	0	0	3	2	2	0	0	0	0	0	0	0	0	0	0	0	0	0	0	
SLK19	484	37	36	47	0	9	2	0	0	0	0	0	0	3	2	2	0	0	0	0	0	0	0	0	0	0	0	0	0	0	
SLK19	485	37	36	47	0	9	2	0	0	0	0	0	0	3	2	2	0	0	0	0	0	0	0	0	0	0	0	0	0	0	
SLK19	486	37	36	47	0	9	2	0	0	0	0	0	0	3	2	2	0	0	0	0	0	0	0	0	0	0	0	0	0	0	
SLK19	487	37	36	47	0	9	2	0	0	0	0	0	0	3	2	2	0	0	0	0	0	0	0	0	0	0	0	0	0	0	
SLK19	488	37	36	47	0	9	2	0	0	0	0	0	0	3	2	2	0	0	0	0	0	0	0	0	0	0	0	0	0	0	
SLK19	489	37	36	47	0	9	2	0	0	0	0	0	0	3	2	2	0	0	0	0	0	0	0	0	0	0	0	0	0	0	
SLK19	490	18	33	29	0	2	0	0	0	0	0	0	0	3	2	2	0	0	0	0	0	0	0	0	0	0	0	0	0	0	
SLK19	491	18	33	29	0	2	0	0	0	0	0	0	0	3	2	2	0	0	0	0	0	0	0	0	0	0	0	0	0	0	
SLK19	492	18	33	29	0	2	0	0	0	0	0	0	0	3	2	2	0	0	0	0	0	0	0	0	0	0	0	0	0	0	
SLK19	493	18	33	29	0	2	0	0	0	0	0	0	0	3	2	2	0	0	0	0	0	0	0	0	0	0	0	0	0	0	
SLK19	494	18	30	25	0	0	0	0	0	0	0	0	0	0	0	2	0	0	0	0	0	0	0	0	0	0	0	0	0	0	
SLK19	495	18	30	25	0	0	0	0	0	0	0	0	0	0	0	2	0	0	0	0	0	0	0	0	0	0	0	0	0	0	
SLK19	496	18	30	25	0	0	0	0	0	0	0	0	0	0	0	2	0	0	0	0	0	0	0	0	0	0	0	0	0	0	
SLK19	497	18	30	25	0	0	0	0	0	0	0	0	0	0	0	2	0	0	0	0	0	0	0	0	0	0	0	0	0	0	
SLK19	498	18	30	25	0	0	0	0	0	0	0	0	0	0	0	2	0	0	0	0	0	0	0	0	0	0	0	0	0	0	
SLK19	499	18	30	25	0	0	0	0	0	0	0	0	0	0	0	2	0	0	0	0	0	0	0	0	0	0	0	0	0	0	
SLK19	500	18	30	25	0	0	0	0	0	0	0	0	0	0	0	2	0	0	0	0	0	0	0	0	0	0	0	0	0	0	
SLK19	501	12	62	68	4	0	0	0	0	0	0	0	0	0	0	0	0	0	0	0	0	0	0	0	0	0	0	0	0	0	
SLK19	502	12	62	68	4	0	0	0	0	0	0	0	0	0	0	0	0	0	0	0	0	0	0	0	0	0	0	0	0	0	
SLK19	503	12	62	68	4	0	0	0	0	0	0	0	0	0	0	0	0	0	0	0	0	0	0	0	0	0	0	0	0	0	
SLK19	504	12	62	68	4	0	0	0	0	0	0	0	0	0	0	0	0	0	0	0	0	0	0	0	0	0	0	0	0	0	
SLK19	505	12	62	68	4	0	0	0	0	0	0	0	0	0	0	0	0	0	0	0	0	0	0	0	0	0	0	0	0	0	
SLK19	506	12	62	68	4	0	0	0	0	0	0	0	0	0	0	0	0	0	0	0	0	0	0	0	0	0	0	0	0	0	
SLK19	507	12	62	68	4	0	0	0	0	0	0	0	0	0	0	0	0	0	0	0	0	0	0	0	0	0	0	0	0	0	
SLK19	508	12	62	68	4	0	0	0	0	0	0	0	0	0	0	0	0	0	0	0	0	0	0	0	0	0	0	0	0	0	
SLK19	509	12	62	68	4	0	0	0	0	0	0	0	0	0	0	0	0	0	0	0	0	0	0	0	0	0	0	0	0	0	
SLK19	510	12	62	68	4	0	0	0	0	0	0	0	0	0	0	0	0	0	0	0	0	0	0	0	0	0	0	0	0	0	
SLK19	511	12	62	68	4	0	0	0	0	0	0	0	0	0	0	0	0	0	0	0	0	0	0	0	0	0	0	0	0	0	
SLK19	512	12	62	68	4	0	0	0	0	0	0	0	0	0	0	0	0	0	0	0	0	0	0	0	0	0	0	0	0	0	
SLK19	513	12	62	68	4	0	0	0	0	0	0	0	0	0	0	0	0	0	0	0	0	0	0	0	0	0	0	0	0	0	
SLK19	514	12	62	68	4	0	0	0	0	0	0	0	0	0	0	0	0	0	0	0	0	0	0	0	0	0	0	0	0	0	
SLK19	515	12	62	68	4	0	0	0	0	0	0	0	0	0	0	0	0	0	0	0	0	0	0	0	0	0	0	0	0	0	
SLK19	516	12	62	68	4	0	0	0	0	0	0	0	0	0	0	0	0	0	0	0	0	0	0	0	0	0	0	0	0	0	
SLK19	517	12	62	68	4	0	0	0	0	0	0	0	0	0	0	0	0	0	0	0	0	0	0	0	0	0	0	0	0	0	
SLK19	518	12	62	68	4	0	0	0	0	0	0	0	0	0	0	0	0	0	0	0	0	0	0	0	0	0	0	0	0	0	
SLK19	519	0	0	0	0	0	0	0	0	0	0	0	0	0	2	0	0	0	0	0	0	0	0	0	0	0	0	0	0	0	
SLK19	520	0	0	0	0	0	0	0	0	0	0	0	0	0	2	0	0	0	0	0	0	0	0	0	0	0	0	0	0	0	
SLK19	521	0	0	0	0	0	0	0	0	0	0	0	0	0	2	0	0	0	0	0	0	0	0	0	0	0	0	0	0	0	
SLK19	522	0	0	0	0	0	0	0	0	0	0	0	0	0	2	0	0	0	0	0	0	0	0	0	0	0	0	0	0	0	
SLK19	523	0	0	0	0	0	0	0	0	0	0	0	0	0	2	0	0	0	0	0	0	0	0	0	0	0	0	0	0	0	
SLK19	524	0	0	0	0	0	0	0	0	0	0	0	0	0	2	0	0	0	0	0	0	0	0	0	0	0	0	0	0	0	
SLK19	525	117	112	118	3	38	15	2	2	0	0	0	0	3	4	0	0	0	0	0	0	0	0	0	0	0	0	0	0	0	
SLK19	526	117	112	118	3	38	15	2	2	0	0	0	0	3	4	0	0	0	0	0	0	0	0	0	0	0	0	0	0	0	
SLK19	527	117	112	118	3	38	15	2	2	0	0	0	0	3	4	0	0	0	0	0	0	0	0	0	0	0	0	0	0	0	
SLK19	528	117	112	118	3	38	15	2	2	0	0	0	0	3	4	0	0	0	0	0	0	0	0	0	0	0	0	0	0	0	
SLK19	529	117	112	118	3	38	15	2	2	0	0	0	0	3	4	0	0	0	0	0	0	0	0	0	0	0	0	0	0	0	
SLK19	530	117	112	118	3	38	15	2	2	0	0	0	0	3	4	0	0	0	0	0	0	0	0	0	0	0	0	0	0	0	
SLK19	531	117	112	118	3	38	15	2	2	0	0	0	0	3	4	0	0	0	0	0	0	0	0	0	0	0	0	0	0	0	
SLK19	532	117	112	118	3	38	15	2	2	0	0	0	0	3	4	0	0	0	0	0	0	0	0	0	0	0	0	0	0	0	
SLK19	533	117	112	118	3	38	15	2	2	0	0	0	0	3	4	0	0	0	0	0	0	0	0	0	0	0	0	0	0	0	
SLK19	534	117	112	118	3	38	15	2	2	0	0	0	0	3	4	0	0	0	0	0	0	0	0	0	0	0	0	0	0	0	
SLK19	535	117	112	118	3	38	15	2	2	0	0	0	0	3	4	0	0	0	0	0	0	0	0	0	0	0	0	0	0	0	
SLK19	536	117	112	118	3	38	15	2	2	0	0	0	0	3	4	0	0	0	0	0	0	0	0	0	0	0	0	0	0	0	
SLK19	537	117	112	118	3	38	15	2	2	0	0	0	0	3	4	0	0	0	0	0	0	0	0	0	0	0	0	0	0	0	
SLK19	538	0	0	0	0	5	0	0	0	0	0	0	0	0	2	0	0	0	0	0	0	0	0	0	0	0	0	0	0	0	
SLK19	539	0	0	0	0	5	0	0	0	0	0	0	0	0	2	0	0	0	0	0	0	0	0	0	0	0	0	0	0	0	
SLK19	540	0	0	0	0	5	0	0	0	0	0	0	0	0	2	0	0	0	0	0	0	0	0	0	0	0	0	0	0	0	
SLK19	541	0	0	0	0	5	0	0	0	0	0	0	0	0	2	0	0	0	0	0	0	0	0	0	0	0	0	0	0	0	
SLK19	542	0	0	0	0	5	0	0	0	0	0	0	0	0	2	0	0	0	0	0	0	0	0	0	0	0	0	0	0	0	
SLK19	543	14	27	18	0	0	0	0	0	0	0	0	0	0	0	0	0	0	0	0	0	0	0	0	0	0	0	0	0	0	
SLK19	544	14	27	18	0	0	0	0	0	0	0	0	0	0	0	0	0	0	0	0	0	0	0	0	0	0	0	0	0	0	
SLK19	545	14	27	18	0	0	0	0	0	0	0	0	0	0	0	0	0	0	0	0	0	0	0	0	0	0	0	0	0	0	
SLK19	546	14	27	18	0	0	0	0	0	0	0	0	0	0	0	0	0	0	0	0	0	0	0	0	0	0	0	0	0	0	
SLK19	547	14	27	18	0	0	0	0	0	0	0	0	0	0	0	0	0	0	0	0	0	0	0	0	0	0	0	0	0	0	
SLK19	548	14	27	18	0	0	0	0	0	0	0	0	0	0	0	0	0	0	0	0	0	0	0	0	0	0	0	0	0	0	
SLK19	549	14	27	18	0	0	0	0	0	0	0	0	0	0	0	0	0	0	0	0	0	0	0	0	0	0	0	0	0	0	
SLK19	550	14	27	18	0	0	0	0	0	0	0	0	0	0	0	0	0	0	0	0	0	0	0	0	0	0	0	0	0	0	
SLK19	551	14	27	18	0	0	0	0	0	0	0	0	0	0	0	0	0	0	0	0	0	0	0	0	0	0	0	0	0	0	
SLK19	552	201	307	299	0	2	0	2	2	0	0	0	0	2	3	4	0	0	0	0	0	0	0	0	0	0	0	0	0	0	
SLK19	553	201	307	299	0	2	0	2	2	0	0	0	0	2	3	4	0	0	0	0	0	0	0	0	0	0	0	0	0	0	
SLK19	554	275	420	406	0	25	2	2	2	0	0	0	0	2	5	7	0	0	0	0	0	0	0	0	0	0	0	0	0	0	
SLK19	555	275	420	406	0	25	2	2	2	0	0	0	0	2	5	7	0	0	0	0	0	0	0	0	0	0	0	0	0	0	
SLK19	556	275	420	406	0	25	2	2	2	0	0	0	0	2	5	7	0	0	0	0	0	0	0	0	0	0	0	0	0	0	
SLK19	557	275	420	406	0	25	2	2	2	0	0	0	0	2	5	7	0	0	0	0	0	0	0	0	0	0	0	0	0	0	
SLK19	558	275	420	406	0	25	2	2	2	0	0	0	0	2	5	7	0	0	0	0	0	0	0	0	0	0	0	0	0	0	
SLK19	559	275	420	406	0	25	2	2	2	0	0	0	0	2	5	7	0	0	0	0	0	0	0	0	0	0	0	0	0	0	
SLK19	560	275	420	406	0	25	2	2	2	0	0	0	0	2	5	7	0	0	0	0	0	0	0	0	0	0	0	0	0	0	
SLK19	561	275	420	406	0	25	2	2	2	0	0	0	0	2	5	7	0	0	0	0	0	0	0	0	0	0	0	0	0	0	
SLK19	562	275	420	406	0	25	2	2	2	0	0	0	0	2	5	7	0	0	0	0	0	0	0	0	0	0	0	0	0	0	
SLK19	563	275	420	406	0	25	2	2	2	0	0	0	0	2	5	7	0	0	0	0	0	0	0	0	0	0	0	0	0	0	
SLK19	564	275	420	406	0	25	2	2	2	0	0	0	0	2	5	7	0	0	0	0	0	0	0	0	0	0	0	0	0	0	
SLK19	565	275	420	406	0	25	2	2	2	0	0	0	0	2	5	7	0	0	0	0	0	0	0	0	0	0	0	0	0	0	
SLK19	566	275	420	406	0	25	2	2	2	0	0	0	0	2	5	7	0	0	0	0	0	0	0	0	0	0	0	0	0	0	
SLK19	567	275	420	406	0	25	2	2	2	0	0	0	0	2	5	7	0	0	0	0	0	0	0	0	0	0	0	0	0	0	
SLK19	568	275	420	406	0	25	2	2	2	0	0	0	0	2	5	7	0	0	0	0	0	0	0	0	0	0	0	0	0	0	
SLK19	569	271	412	402	0	25	2	2	2	0	0	0	0	2	5	7	0	0	0	0	0	0	0	0	0	0	0	0	0	0	
SLK19	570	65	85	76	0	0	0	0	0	0	0	0	0	2	0	0	0	0	0	0	0	0	0	0	0	0	0	0	0	0	
SLK19	571	65	85	76	0	0	0	0	0	0	0	0	0	2	0	0	0	0	0	0	0	0	0	0	0	0	0	0	0	0	
SLK19	572	65	85	76	0	0	0	0	0	0	0	0	0	2	0	0	0	0	0	0	0	0	0	0	0	0	0	0	0	0	
SLK19	573	65	85	76	0	0	0	0	0	0	0	0	0	2	0	0	0	0	0	0	0	0	0	0	0	0	0	0	0	0	
SLK19	574	65	85	76	0	0	0	0	0	0	0	0	0	2	0	0	0	0	0	0	0	0	0	0	0	0	0	0	0	0	
SLK19	575	73	90	91	0	0	0	0	0	0	0	0	0	2	0	0	0	0	0	0	0	0	0	0	0	0	0	0	0	0	
SLK19	576	73	90	91	0	0	0	0	0	0	0	0	0	2	0	0	0	0	0	0	0	0	0	0	0	0	0	0	0	0	
SLK19	577	73	90	91	0	0	0	0	0	0	0	0	0	2	0	0	0	0	0	0	0	0	0	0	0	0	0	0	0	0	
SLK19	578	73	90	91	0	0	0	0	0	0	0	0	0	2	0	0	0	0	0	0	0	0	0	0	0	0	0	0	0	0	
SLK19	579	73	90	91	0	0	0	0	0	0	0	0	0	2	0	0	0	0	0	0	0	0	0	0	0	0	0	0	0	0	
SLK19	580	8	5	15	0	2	0	0	0	0	0	0	0	4	2	2	0	0	0	0	0	0	0	0	0	0	0	0	0	0	
SLK19	581	8	5	15	0	2	0	0	0	0	0	0	0	4	2	2	0	0	0	0	0	0	0	0	0	0	0	0	0	0	
SLK19	582	8	5	15	0	2	0	0	0	0	0	0	0	4	2	2	0	0	0	0	0	0	0	0	0	0	0	0	0	0	
SLK19	583	8	5	15	0	2	0	0	0	0	0	0	0	4	2	2	0	0	0	0	0	0	0	0	0	0	0	0	0	0	
SLK19	584	8	5	15	0	2	0	0	0	0	0	0	0	4	2	2	0	0	0	0	0	0	0	0	0	0	0	0	0	0	
SLK19	585	55	56	63	0	5	2	0	0	0	0	0	0	2	2	2	0	0	0	0	0	0	0	0	0	0	0	0	0	0	
SLK19	586	55	56	63	0	5	2	0	0	0	0	0	0	2	2	2	0	0	0	0	0	0	0	0	0	0	0	0	0	0	
SLK19	587	55	56	63	0	5	2	0	0	0	0	0	0	2	2	2	0	0	0	0	0	0	0	0	0	0	0	0	0	0	
SLK19	588	55	56	63	0	5	2	0	0	0	0	0	0	2	2	2	0	0	0	0	0	0	0	0	0	0	0	0	0	0	
SLK19	589	55	56	63	0	5	2	0	0	0	0	0	0	2	2	2	0	0	0	0	0	0	0	0	0	0	0	0	0	0	
SLK19	590	55	56	63	0	5	2	0	0	0	0	0	0	2	2	2	0	0	0	0	0	0	0	0	0	0	0	0	0	0	
SLK19	591	55	56	63	0	5	2	0	0	0	0	0	0	2	2	2	0	0	0	0	0	0	0	0	0	0	0	0	0	0	
SLK19	592	55	56	63	0	5	2	0	0	0	0	0	0	2	2	2	0	0	0	0	0	0	0	0	0	0	0	0	0	0	
SLK19	593	55	56	63	0	5	2	0	0	0	0	0	0	2	2	2	0	0	0	0	0	0	0	0	0	0	0	0	0	0	
SLK19	594	0	2	6	0	0	0	0	0	0	0	0	0	2	2	0	0	0	0	0	0	0	0	0	0	0	0	0	0	0	
SLK19	595	0	2	6	0	0	0	0	0	0	0	0	0	2	2	0	0	0	0	0	0	0	0	0	0	0	0	0	0	0	
SLK19	596	66	63	65	8	13	3	0	0	0	0	0	0	0	0	2	0	0	0	0	0	0	0	0	0	0	0	0	0	0	
SLK19	597	66	63	65	8	13	3	0	0	0	0	0	0	0	0	2	0	0	0	0	0	0	0	0	0	0	0	0	0	0	
SLK19	598	66	63	65	8	13	3	0	0	0	0	0	0	0	0	2	0	0	0	0	0	0	0	0	0	0	0	0	0	0	
SLK19	599	66	63	65	8	13	3	0	0	0	0	0	0	0	0	2	0	0	0	0	0	0	0	0	0	0	0	0	0	0	
SLK19	600	66	63	65	8	13	3	0	0	0	0	0	0	0	0	2	0	0	0	0	0	0	0	0	0	0	0	0	0	0	
SLK19	601	66	63	65	8	13	3	0	0	0	0	0	0	0	0	2	0	0	0	0	0	0	0	0	0	0	0	0	0	0	
SLK19	602	66	63	65	8	13	3	0	0	0	0	0	0	0	0	2	0	0	0	0	0	0	0	0	0	0	0	0	0	0	
SLK19	603	66	63	65	8	13	3	0	0	0	0	0	0	0	0	2	0	0	0	0	0	0	0	0	0	0	0	0	0	0	
SLK19	604	66	63	65	8	13	3	0	0	0	0	0	0	0	0	2	0	0	0	0	0	0	0	0	0	0	0	0	0	0	
SLK19	605	66	63	65	8	13	3	0	0	0	0	0	0	0	0	2	0	0	0	0	0	0	0	0	0	0	0	0	0	0	
SLK19	606	66	63	65	8	13	3	0	0	0	0	0	0	0	0	2	0	0	0	0	0	0	0	0	0	0	0	0	0	0	
SLK19	607	66	63	65	8	13	3	0	0	0	0	0	0	0	0	2	0	0	0	0	0	0	0	0	0	0	0	0	0	0	
SLK19	608	66	63	65	8	13	3	0	0	0	0	0	0	0	0	2	0	0	0	0	0	0	0	0	0	0	0	0	0	0	
SLK19	609	66	63	65	8	13	3	0	0	0	0	0	0	0	0	2	0	0	0	0	0	0	0	0	0	0	0	0	0	0	
SLK19	610	66	63	65	8	13	3	0	0	0	0	0	0	0	0	2	0	0	0	0	0	0	0	0	0	0	0	0	0	0	
SLK19	611	55	50	54	8	8	3	0	0	0	0	0	0	0	0	2	0	0	0	0	0	0	0	0	0	0	0	0	0	0	
SLK19	612	55	50	54	8	8	3	0	0	0	0	0	0	0	0	2	0	0	0	0	0	0	0	0	0	0	0	0	0	0	
SLK19	613	55	50	54	8	8	3	0	0	0	0	0	0	0	0	2	0	0	0	0	0	0	0	0	0	0	0	0	0	0	
SLK19	614	107	132	121	9	2	0	0	0	0	0	0	0	4	2	4	0	0	0	0	0	0	0	0	0	0	0	0	0	0	
SLK19	615	107	132	121	9	2	0	0	0	0	0	0	0	4	2	4	0	0	0	0	0	0	0	0	0	0	0	0	0	0	
SLK19	616	107	132	121	9	2	0	0	0	0	0	0	0	4	2	4	0	0	0	0	0	0	0	0	0	0	0	0	0	0	
SLK19	617	107	132	121	9	2	0	0	0	0	0	0	0	4	2	4	0	0	0	0	0	0	0	0	0	0	0	0	0	0	
SLK19	618	107	132	121	9	2	0	0	0	0	0	0	0	4	2	4	0	0	0	0	0	0	0	0	0	0	0	0	0	0	
SLK19	619	107	132	121	9	2	0	0	0	0	0	0	0	4	2	4	0	0	0	0	0	0	0	0	0	0	0	0	0	0	
SLK19	620	107	132	121	9	2	0	0	0	0	0	0	0	4	2	4	0	0	0	0	0	0	0	0	0	0	0	0	0	0	
SLK19	621	107	132	121	9	2	0	0	0	0	0	0	0	4	2	4	0	0	0	0	0	0	0	0	0	0	0	0	0	0	
SLK19	622	107	132	121	9	2	0	0	0	0	0	0	0	4	2	4	0	0	0	0	0	0	0	0	0	0	0	0	0	0	
SLK19	623	107	132	121	9	2	0	0	0	0	0	0	0	4	2	4	0	0	0	0	0	0	0	0	0	0	0	0	0	0	
SLK19	624	107	132	121	9	2	0	0	0	0	0	0	0	4	2	4	0	0	0	0	0	0	0	0	0	0	0	0	0	0	
SLK19	625	107	132	121	9	2	0	0	0	0	0	0	0	4	2	4	0	0	0	0	0	0	0	0	0	0	0	0	0	0	
SLK19	626	107	132	121	9	2	0	0	0	0	0	0	0	4	2	4	0	0	0	0	0	0	0	0	0	0	0	0	0	0	
SLK19	627	168	236	244	0	3	0	0	0	0	0	0	0	0	0	8	0	0	0	0	0	0	0	0	0	0	0	0	0	2	
SLK19	628	168	236	244	0	3	0	0	0	0	0	0	0	0	0	8	0	0	0	0	0	0	0	0	0	0	0	0	0	2	
SLK19	629	168	236	244	0	3	0	0	0	0	0	0	0	0	0	8	0	0	0	0	0	0	0	0	0	0	0	0	0	2	
SLK19	630	184	248	266	0	3	0	0	0	0	0	0	0	0	0	6	0	0	0	0	0	0	0	0	0	0	0	0	0	2	
SLK19	631	184	248	266	0	3	0	0	0	0	0	0	0	0	0	6	0	0	0	0	0	0	0	0	0	0	0	0	0	2	
SLK19	632	184	248	266	0	3	0	0	0	0	0	0	0	0	0	6	0	0	0	0	0	0	0	0	0	0	0	0	0	2	
SLK19	633	184	248	266	0	3	0	0	0	0	0	0	0	0	0	6	0	0	0	0	0	0	0	0	0	0	0	0	0	2	
SLK19	634	184	248	266	0	3	0	0	0	0	0	0	0	0	0	6	0	0	0	0	0	0	0	0	0	0	0	0	0	2	
SLK19	635	184	248	266	0	3	0	0	0	0	0	0	0	0	0	6	0	0	0	0	0	0	0	0	0	0	0	0	0	2	
SLK19	636	184	248	266	0	3	0	0	0	0	0	0	0	0	0	6	0	0	0	0	0	0	0	0	0	0	0	0	0	2	
SLK19	637	184	248	266	0	3	0	0	0	0	0	0	0	0	0	6	0	0	0	0	0	0	0	0	0	0	0	0	0	2	
SLK19	638	184	248	266	0	3	0	0	0	0	0	0	0	0	0	6	0	0	0	0	0	0	0	0	0	0	0	0	0	2	
SLK19	639	0	0	2	0	0	0	0	0	0	0	0	0	0	2	2	0	0	0	0	0	0	0	0	0	0	0	0	0	0	
SLK19	640	0	0	2	0	0	0	0	0	0	0	0	0	0	2	2	0	0	0	0	0	0	0	0	0	0	0	0	0	0	
SLK19	641	0	0	0	0	0	0	0	0	0	0	0	0	0	2	0	0	0	0	0	0	0	0	0	0	0	0	0	0	0	
SLK19	642	0	0	0	0	0	0	0	0	0	0	0	0	0	2	0	0	0	0	0	0	0	0	0	0	0	0	0	0	0	
SLK19	643	0	0	0	0	0	0	0	0	0	0	0	0	0	2	0	0	0	0	0	0	0	0	0	0	0	0	0	0	0	
SLK19	644	72	90	112	6	6	0	0	2	0	0	0	0	3	5	2	0	0	0	2	0	0	0	0	0	0	0	0	0	0	
SLK19	645	72	90	112	6	6	0	0	2	0	0	0	0	3	5	2	0	0	0	2	0	0	0	0	0	0	0	0	0	0	
SLK19	646	72	90	112	6	6	0	0	2	0	0	0	0	3	5	2	0	0	0	2	0	0	0	0	0	0	0	0	0	0	
SLK19	647	72	90	112	6	6	0	0	2	0	0	0	0	3	5	2	0	0	0	2	0	0	0	0	0	0	0	0	0	0	
SLK19	648	72	90	112	6	6	0	0	2	0	0	0	0	3	5	2	0	0	0	2	0	0	0	0	0	0	0	0	0	0	
SLK19	649	72	90	112	6	6	0	0	2	0	0	0	0	3	5	2	0	0	0	2	0	0	0	0	0	0	0	0	0	0	
SLK19	650	72	90	112	6	6	0	0	2	0	0	0	0	3	5	2	0	0	0	2	0	0	0	0	0	0	0	0	0	0	
SLK19	651	72	90	112	6	6	0	0	2	0	0	0	0	3	5	2	0	0	0	2	0	0	0	0	0	0	0	0	0	0	
SLK19	652	72	90	112	6	6	0	0	2	0	0	0	0	3	5	2	0	0	0	2	0	0	0	0	0	0	0	0	0	0	
SLK19	653	72	90	112	6	6	0	0	2	0	0	0	0	3	5	2	0	0	0	2	0	0	0	0	0	0	0	0	0	0	
SLK19	654	72	90	112	6	6	0	0	2	0	0	0	0	3	5	2	0	0	0	2	0	0	0	0	0	0	0	0	0	0	
SLK19	655	74	120	127	0	6	2	0	0	0	0	0	0	6	2	7	0	0	0	0	0	0	0	0	0	0	0	0	0	0	
SLK19	656	74	120	127	0	6	2	0	0	0	0	0	0	6	2	7	0	0	0	0	0	0	0	0	0	0	0	0	0	0	
SLK19	657	74	120	127	0	6	2	0	0	0	0	0	0	6	2	7	0	0	0	0	0	0	0	0	0	0	0	0	0	0	
SLK19	658	74	120	127	0	6	2	0	0	0	0	0	0	6	2	7	0	0	0	0	0	0	0	0	0	0	0	0	0	0	
SLK19	659	74	120	127	0	6	2	0	0	0	0	0	0	6	2	7	0	0	0	0	0	0	0	0	0	0	0	0	0	0	
SLK19	660	74	120	127	0	6	2	0	0	0	0	0	0	6	2	7	0	0	0	0	0	0	0	0	0	0	0	0	0	0	
SLK19	661	74	120	127	0	6	2	0	0	0	0	0	0	6	2	7	0	0	0	0	0	0	0	0	0	0	0	0	0	0	
SLK19	662	74	120	127	0	6	2	0	0	0	0	0	0	6	2	7	0	0	0	0	0	0	0	0	0	0	0	0	0	0	
SLK19	663	74	120	127	0	6	2	0	0	0	0	0	0	6	2	7	0	0	0	0	0	0	0	0	0	0	0	0	0	0	
SLK19	664	74	120	127	0	6	2	0	0	0	0	0	0	6	2	7	0	0	0	0	0	0	0	0	0	0	0	0	0	0	
SLK19	665	114	224	195	5	0	0	0	0	0	0	0	0	6	2	5	0	0	0	0	0	0	0	0	0	0	0	0	0	0	
SLK19	666	114	224	195	5	0	0	0	0	0	0	0	0	6	2	5	0	0	0	0	0	0	0	0	0	0	0	0	0	0	
SLK19	667	114	224	195	5	0	0	0	0	0	0	0	0	6	2	5	0	0	0	0	0	0	0	0	0	0	0	0	0	0	
SLK19	668	114	224	195	5	0	0	0	0	0	0	0	0	6	2	5	0	0	0	0	0	0	0	0	0	0	0	0	0	0	
SLK19	669	114	224	195	5	0	0	0	0	0	0	0	0	6	2	5	0	0	0	0	0	0	0	0	0	0	0	0	0	0	
SLK19	670	114	224	195	5	0	0	0	0	0	0	0	0	6	2	5	0	0	0	0	0	0	0	0	0	0	0	0	0	0	
SLK19	671	114	224	195	5	0	0	0	0	0	0	0	0	6	2	5	0	0	0	0	0	0	0	0	0	0	0	0	0	0	
SLK19	672	114	224	195	5	0	0	0	0	0	0	0	0	6	2	5	0	0	0	0	0	0	0	0	0	0	0	0	0	0	
SLK19	673	114	224	195	5	0	0	0	0	0	0	0	0	6	2	5	0	0	0	0	0	0	0	0	0	0	0	0	0	0	
SLK19	674	114	224	195	5	0	0	0	0	0	0	0	0	6	2	5	0	0	0	0	0	0	0	0	0	0	0	0	0	0	
SLK19	675	114	224	195	5	0	0	0	0	0	0	0	0	6	2	5	0	0	0	0	0	0	0	0	0	0	0	0	0	0	
SLK19	676	114	224	195	5	0	0	0	0	0	0	0	0	6	2	5	0	0	0	0	0	0	0	0	0	0	0	0	0	0	
SLK19	677	114	224	195	5	0	0	0	0	0	0	0	0	6	2	5	0	0	0	0	0	0	0	0	0	0	0	0	0	0	
SLK19	678	114	224	195	5	0	0	0	0	0	0	0	0	6	2	5	0	0	0	0	0	0	0	0	0	0	0	0	0	0	
SLK19	679	114	224	195	5	0	0	0	0	0	0	0	0	6	2	5	0	0	0	0	0	0	0	0	0	0	0	0	0	0	
SLK19	680	114	224	195	5	0	0	0	0	0	0	0	0	6	2	5	0	0	0	0	0	0	0	0	0	0	0	0	0	0	
SLK19	681	114	224	195	5	0	0	0	0	0	0	0	0	6	2	5	0	0	0	0	0	0	0	0	0	0	0	0	0	0	
SLK19	682	0	0	0	0	0	0	0	0	0	0	0	0	0	3	0	0	0	0	0	0	0	0	0	0	0	0	0	0	0	
SLK19	683	0	0	0	0	0	0	0	0	0	0	0	0	0	3	0	0	0	0	0	0	0	0	0	0	0	0	0	0	0	
SLK19	684	0	0	0	0	0	0	0	0	0	0	0	0	0	3	0	0	0	0	0	0	0	0	0	0	0	0	0	0	0	
SLK19	685	0	0	0	0	0	0	0	0	0	0	0	0	0	3	0	0	0	0	0	0	0	0	0	0	0	0	0	0	0	
SLK19	686	0	0	0	0	0	0	0	0	0	0	0	0	0	3	0	0	0	0	0	0	0	0	0	0	0	0	0	0	0	
SLK19	687	0	0	0	0	0	0	0	0	0	0	0	0	0	3	0	0	0	0	0	0	0	0	0	0	0	0	0	0	0	
SLK19	688	0	0	0	0	0	0	0	0	0	0	0	0	0	3	0	0	0	0	0	0	0	0	0	0	0	0	0	0	0	
SLK19	689	0	0	0	0	0	0	0	0	0	0	0	0	0	3	0	0	0	0	0	0	0	0	0	0	0	0	0	0	0	
SLK19	690	0	0	0	0	0	0	0	0	0	0	0	0	0	3	0	0	0	0	0	0	0	0	0	0	0	0	0	0	0	
SLK19	691	0	0	0	0	0	0	0	0	0	0	0	0	0	3	0	0	0	0	0	0	0	0	0	0	0	0	0	0	0	
SLK19	692	0	0	0	0	0	0	0	0	0	0	0	0	0	3	0	0	0	0	0	0	0	0	0	0	0	0	0	0	0	
SLK19	693	109	187	173	0	2	0	0	0	0	0	0	0	0	0	0	0	0	0	0	0	0	0	0	0	0	0	0	0	0	
SLK19	694	109	187	173	0	2	0	0	0	0	0	0	0	0	0	0	0	0	0	0	0	0	0	0	0	0	0	0	0	0	
SLK19	695	109	187	173	0	2	0	0	0	0	0	0	0	0	0	0	0	0	0	0	0	0	0	0	0	0	0	0	0	0	
SLK19	696	109	187	173	0	2	0	0	0	0	0	0	0	0	0	0	0	0	0	0	0	0	0	0	0	0	0	0	0	0	
SLK19	697	109	187	173	0	2	0	0	0	0	0	0	0	0	0	0	0	0	0	0	0	0	0	0	0	0	0	0	0	0	
SLK19	698	109	187	173	0	2	0	0	0	0	0	0	0	0	0	0	0	0	0	0	0	0	0	0	0	0	0	0	0	0	
SLK19	699	109	187	173	0	2	0	0	0	0	0	0	0	0	0	0	0	0	0	0	0	0	0	0	0	0	0	0	0	0	
SLK19	700	109	187	173	0	2	0	0	0	0	0	0	0	0	0	0	0	0	0	0	0	0	0	0	0	0	0	0	0	0	
SLK19	701	109	187	173	0	2	0	0	0	0	0	0	0	0	0	0	0	0	0	0	0	0	0	0	0	0	0	0	0	0	
SLK19	702	109	187	173	0	2	0	0	0	0	0	0	0	0	0	0	0	0	0	0	0	0	0	0	0	0	0	0	0	0	
SLK19	703	109	187	173	0	2	0	0	0	0	0	0	0	0	0	0	0	0	0	0	0	0	0	0	0	0	0	0	0	0	
SLK19	704	109	187	173	0	2	0	0	0	0	0	0	0	0	0	0	0	0	0	0	0	0	0	0	0	0	0	0	0	0	
SLK19	705	109	187	173	0	2	0	0	0	0	0	0	0	0	0	0	0	0	0	0	0	0	0	0	0	0	0	0	0	0	
SLK19	706	109	187	173	0	2	0	0	0	0	0	0	0	0	0	0	0	0	0	0	0	0	0	0	0	0	0	0	0	0	
SLK19	707	109	187	173	0	2	0	0	0	0	0	0	0	0	0	0	0	0	0	0	0	0	0	0	0	0	0	0	0	0	
SLK19	708	109	187	173	0	2	0	0	0	0	0	0	0	0	0	0	0	0	0	0	0	0	0	0	0	0	0	0	0	0	
SLK19	709	109	187	173	0	2	0	0	0	0	0	0	0	0	0	0	0	0	0	0	0	0	0	0	0	0	0	0	0	0	
SLK19	710	109	187	173	0	2	0	0	0	0	0	0	0	0	0	0	0	0	0	0	0	0	0	0	0	0	0	0	0	0	
SLK19	711	109	187	173	0	2	0	0	0	0	0	0	0	0	0	0	0	0	0	0	0	0	0	0	0	0	0	0	0	0	
SLK19	712	109	187	173	0	2	0	0	0	0	0	0	0	0	0	0	0	0	0	0	0	0	0	0	0	0	0	0	0	0	
SLK19	713	109	187	173	0	2	0	0	0	0	0	0	0	0	0	0	0	0	0	0	0	0	0	0	0	0	0	0	0	0	
SLK19	714	109	187	173	0	2	0	0	0	0	0	0	0	0	0	0	0	0	0	0	0	0	0	0	0	0	0	0	0	0	
SLK19	715	109	187	173	0	2	0	0	0	0	0	0	0	0	0	0	0	0	0	0	0	0	0	0	0	0	0	0	0	0	
SLK19	716	25	53	53	0	0	0	0	0	0	0	0	0	0	0	0	0	0	0	0	0	0	0	0	0	0	0	0	0	0	
SLK19	717	25	53	53	0	0	0	0	0	0	0	0	0	0	0	0	0	0	0	0	0	0	0	0	0	0	0	0	0	0	
SLK19	718	25	50	51	0	0	0	0	0	0	0	0	0	0	0	0	0	0	0	0	0	0	0	0	0	0	0	0	0	0	
SLK19	719	25	50	51	0	0	0	0	0	0	0	0	0	0	0	0	0	0	0	0	0	0	0	0	0	0	0	0	0	0	
SLK19	720	25	50	51	0	0	0	0	0	0	0	0	0	0	0	0	0	0	0	0	0	0	0	0	0	0	0	0	0	0	
SLK19	721	25	50	51	0	0	0	0	0	0	0	0	0	0	0	0	0	0	0	0	0	0	0	0	0	0	0	0	0	0	
SLK19	722	0	0	0	0	0	0	0	0	0	0	0	0	0	0	0	0	0	0	0	0	0	0	0	0	0	0	0	0	0	
SLK19	723	0	0	0	0	0	0	0	0	0	0	0	0	0	0	0	0	0	0	0	0	0	0	0	0	0	0	0	0	0	
SLK19	724	0	0	0	0	0	0	0	0	0	0	0	0	0	0	0	0	0	0	0	0	0	0	0	0	0	0	0	0	0	
SLK19	725	0	0	0	0	0	0	0	0	0	0	0	0	0	0	0	0	0	0	0	0	0	0	0	0	0	0	0	0	0	
SLK19	726	0	0	0	0	0	0	0	0	0	0	0	0	0	0	0	0	0	0	0	0	0	0	0	0	0	0	0	0	0	
SLK19	727	0	0	0	0	0	0	0	0	0	0	0	0	0	0	0	0	0	0	0	0	0	0	0	0	0	0	0	0	0	
SLK19	728	0	0	3	0	0	0	0	0	0	0	0	0	0	0	0	0	0	0	0	0	0	0	0	0	0	0	0	0	0	
SLK19	729	0	0	3	0	0	0	0	0	0	0	0	0	0	0	0	0	0	0	0	0	0	0	0	0	0	0	0	0	0	
SLK19	730	0	0	3	0	0	0	0	0	0	0	0	0	0	0	0	0	0	0	0	0	0	0	0	0	0	0	0	0	0	
SLK19	731	0	0	3	0	0	0	0	0	0	0	0	0	0	0	0	0	0	0	0	0	0	0	0	0	0	0	0	0	0	
SLK19	732	0	0	3	0	0	0	0	0	0	0	0	0	0	0	0	0	0	0	0	0	0	0	0	0	0	0	0	0	0	
SLK19	733	0	0	3	0	0	0	0	0	0	0	0	0	0	0	0	0	0	0	0	0	0	0	0	0	0	0	0	0	0	
SLK19	734	0	0	3	0	0	0	0	0	0	0	0	0	0	0	0	0	0	0	0	0	0	0	0	0	0	0	0	0	0	
SLK19	735	0	0	3	0	0	0	0	0	0	0	0	0	0	0	0	0	0	0	0	0	0	0	0	0	0	0	0	0	0	
SLK19	736	0	0	3	0	0	0	0	0	0	0	0	0	0	0	0	0	0	0	0	0	0	0	0	0	0	0	0	0	0	
SLK19	737	0	0	3	0	0	0	0	0	0	0	0	0	0	0	0	0	0	0	0	0	0	0	0	0	0	0	0	0	0	
SLK19	738	0	0	3	0	0	0	0	0	0	0	0	0	0	0	0	0	0	0	0	0	0	0	0	0	0	0	0	0	0	
SLK19	739	0	0	3	0	0	0	0	0	0	0	0	0	0	0	0	0	0	0	0	0	0	0	0	0	0	0	0	0	0	
SLK19	740	0	0	0	0	0	0	0	0	0	0	0	0	0	0	0	0	0	0	0	0	0	0	0	0	0	0	0	0	0	
SLK19	741	0	0	0	0	0	0	0	0	0	0	0	0	0	0	0	0	0	0	0	0	0	0	0	0	0	0	0	0	0	
SLK19	742	0	0	0	0	0	0	0	0	0	0	0	0	0	0	0	0	0	0	0	0	0	0	0	0	0	0	0	0	0	
SLK19	743	0	0	0	0	0	0	0	0	0	0	0	0	0	0	0	0	0	0	0	0	0	0	0	0	0	0	0	0	0	
SLK19	744	0	0	0	0	0	0	0	0	0	0	0	0	0	0	0	0	0	0	0	0	0	0	0	0	0	0	0	0	0	
SLK19	745	0	0	0	0	0	0	0	0	0	0	0	0	0	0	0	0	0	0	0	0	0	0	0	0	0	0	0	0	0	
SLK19	746	0	0	0	0	0	0	0	0	0	0	0	0	0	0	0	0	0	0	0	0	0	0	0	0	0	0	0	0	0	
SLK19	747	17	91	49	0	0	0	0	0	0	0	0	0	0	0	0	0	0	0	0	0	0	0	0	0	0	0	0	0	0	
SLK19	748	17	91	49	0	0	0	0	0	0	0	0	0	0	0	0	0	0	0	0	0	0	0	0	0	0	0	0	0	0	
SLK19	749	79	262	169	4	3	0	0	0	0	0	0	0	0	0	0	0	0	0	0	0	0	0	0	0	0	0	0	0	0	
SLK19	750	79	262	169	4	3	0	0	0	0	0	0	0	0	0	0	0	0	0	0	0	0	0	0	0	0	0	0	0	0	
SLK19	751	79	262	169	4	3	0	0	0	0	0	0	0	0	0	0	0	0	0	0	0	0	0	0	0	0	0	0	0	0	
SLK19	752	79	262	169	4	3	0	0	0	0	0	0	0	0	0	0	0	0	0	0	0	0	0	0	0	0	0	0	0	0	
SLK19	753	79	262	169	4	3	0	0	0	0	0	0	0	0	0	0	0	0	0	0	0	0	0	0	0	0	0	0	0	0	
SLK19	754	79	262	169	4	3	0	0	0	0	0	0	0	0	0	0	0	0	0	0	0	0	0	0	0	0	0	0	0	0	
SLK19	755	79	262	169	4	3	0	0	0	0	0	0	0	0	0	0	0	0	0	0	0	0	0	0	0	0	0	0	0	0	
SLK19	756	79	262	169	4	3	0	0	0	0	0	0	0	0	0	0	0	0	0	0	0	0	0	0	0	0	0	0	0	0	
SLK19	757	79	262	169	4	3	0	0	0	0	0	0	0	0	0	0	0	0	0	0	0	0	0	0	0	0	0	0	0	0	
SLK19	758	79	262	169	4	3	0	0	0	0	0	0	0	0	0	0	0	0	0	0	0	0	0	0	0	0	0	0	0	0	
SLK19	759	79	262	169	4	3	0	0	0	0	0	0	0	0	0	0	0	0	0	0	0	0	0	0	0	0	0	0	0	0	
SLK19	760	79	262	169	4	3	0	0	0	0	0	0	0	0	0	0	0	0	0	0	0	0	0	0	0	0	0	0	0	0	
SLK19	761	79	262	169	4	3	0	0	0	0	0	0	0	0	0	0	0	0	0	0	0	0	0	0	0	0	0	0	0	0	
SLK19	762	15	55	44	0	0	0	0	0	0	0	0	0	0	0	0	0	0	0	0	0	0	0	0	0	0	0	0	0	0	
SLK19	763	15	55	44	0	0	0	0	0	0	0	0	0	0	0	0	0	0	0	0	0	0	0	0	0	0	0	0	0	0	
SLK19	764	15	55	44	0	0	0	0	0	0	0	0	0	0	0	0	0	0	0	0	0	0	0	0	0	0	0	0	0	0	
SLK19	765	15	55	44	0	0	0	0	0	0	0	0	0	0	0	0	0	0	0	0	0	0	0	0	0	0	0	0	0	0	
SLK19	766	0	0	0	0	0	0	0	0	0	0	0	0	0	0	0	0	0	0	0	0	0	0	0	0	0	0	0	0	0	
SLK19	767	0	0	0	0	0	0	0	0	0	0	0	0	0	0	0	0	0	0	0	0	0	0	0	0	0	0	0	0	0	
SLK19	768	0	0	0	0	0	0	0	0	0	0	0	0	0	0	0	0	0	0	0	0	0	0	0	0	0	0	0	0	0	
SLK19	769	0	0	0	0	0	0	0	0	0	0	0	0	0	0	0	0	0	0	0	0	0	0	0	0	0	0	0	0	0	
SLK19	770	0	0	0	0	0	0	0	0	0	0	0	0	0	0	0	0	0	0	0	0	0	0	0	0	0	0	0	0	0	
SLK19	771	0	0	0	0	0	0	0	0	0	0	0	0	0	0	0	0	0	0	0	0	0	0	0	0	0	0	0	0	0	
SLK19	772	3	11	13	0	0	0	0	0	0	0	0	0	3	4	3	0	0	0	0	0	0	0	0	0	0	0	0	0	0	
SLK19	773	3	11	13	0	0	0	0	0	0	0	0	0	3	4	3	0	0	0	0	0	0	0	0	0	0	0	0	0	0	
SLK19	774	3	11	13	0	0	0	0	0	0	0	0	0	3	4	3	0	0	0	0	0	0	0	0	0	0	0	0	0	0	
SLK19	775	3	11	13	0	0	0	0	0	0	0	0	0	3	4	3	0	0	0	0	0	0	0	0	0	0	0	0	0	0	
SLK19	776	3	11	13	0	0	0	0	0	0	0	0	0	3	4	3	0	0	0	0	0	0	0	0	0	0	0	0	0	0	
SLK19	777	101	130	133	0	5	0	0	0	0	0	0	0	5	4	5	0	0	0	0	0	0	0	0	0	0	0	0	0	0	
SLK19	778	101	130	133	0	5	0	0	0	0	0	0	0	5	4	5	0	0	0	0	0	0	0	0	0	0	0	0	0	0	
SLK19	779	101	130	133	0	5	0	0	0	0	0	0	0	5	4	5	0	0	0	0	0	0	0	0	0	0	0	0	0	0	
SLK19	780	101	130	133	0	5	0	0	0	0	0	0	0	5	4	5	0	0	0	0	0	0	0	0	0	0	0	0	0	0	
SLK19	781	151	171	180	0	12	3	0	0	0	0	0	0	5	4	5	0	0	0	0	0	0	0	0	0	0	0	0	0	0	
SLK19	782	151	171	180	0	12	3	0	0	0	0	0	0	5	4	5	0	0	0	0	0	0	0	0	0	0	0	0	0	0	
SLK19	783	151	171	180	0	12	3	0	0	0	0	0	0	5	4	5	0	0	0	0	0	0	0	0	0	0	0	0	0	0	
SLK19	784	151	171	180	0	12	3	0	0	0	0	0	0	5	4	5	0	0	0	0	0	0	0	0	0	0	0	0	0	0	
SLK19	785	151	171	180	0	12	3	0	0	0	0	0	0	5	4	5	0	0	0	0	0	0	0	0	0	0	0	0	0	0	
SLK19	786	151	171	180	0	12	3	0	0	0	0	0	0	5	4	5	0	0	0	0	0	0	0	0	0	0	0	0	0	0	
SLK19	787	151	171	180	0	12	3	0	0	0	0	0	0	5	4	5	0	0	0	0	0	0	0	0	0	0	0	0	0	0	
SLK19	788	151	171	180	0	12	3	0	0	0	0	0	0	5	4	5	0	0	0	0	0	0	0	0	0	0	0	0	0	0	
SLK19	789	151	171	180	0	12	3	0	0	0	0	0	0	5	4	5	0	0	0	0	0	0	0	0	0	0	0	0	0	0	
SLK19	790	65	77	102	6	8	0	0	2	0	0	0	0	2	3	2	0	0	0	2	0	0	0	0	0	0	0	0	0	0	
SLK19	791	65	77	102	6	8	0	0	2	0	0	0	0	2	3	2	0	0	0	2	0	0	0	0	0	0	0	0	0	0	
SLK19	792	65	77	102	6	8	0	0	2	0	0	0	0	2	3	2	0	0	0	2	0	0	0	0	0	0	0	0	0	0	
SLK19	793	65	77	102	6	8	0	0	2	0	0	0	0	2	3	2	0	0	0	2	0	0	0	0	0	0	0	0	0	0	
SLK19	794	65	77	102	6	8	0	0	2	0	0	0	0	2	3	2	0	0	0	2	0	0	0	0	0	0	0	0	0	0	
SLK19	795	65	77	102	6	8	0	0	2	0	0	0	0	2	3	2	0	0	0	2	0	0	0	0	0	0	0	0	0	0	
SLK19	796	65	77	102	6	8	0	0	2	0	0	0	0	2	3	2	0	0	0	2	0	0	0	0	0	0	0	0	0	0	
SLK19	797	65	77	102	6	8	0	0	2	0	0	0	0	2	3	2	0	0	0	2	0	0	0	0	0	0	0	0	0	0	
SLK19	798	65	77	102	6	8	0	0	2	0	0	0	0	2	3	2	0	0	0	2	0	0	0	0	0	0	0	0	0	0	
SLK19	799	65	77	102	6	8	0	0	2	0	0	0	0	2	3	2	0	0	0	2	0	0	0	0	0	0	0	0	0	0	
SLK19	800	65	77	102	6	8	0	0	2	0	0	0	0	2	3	2	0	0	0	2	0	0	0	0	0	0	0	0	0	0	
SLK19	801	23	26	27	0	3	0	0	0	0	0	0	0	2	2	2	0	0	0	0	0	0	0	0	0	0	0	0	0	0	
SLK19	802	23	26	27	0	3	0	0	0	0	0	0	0	2	2	2	0	0	0	0	0	0	0	0	0	0	0	0	0	0	
SLK19	803	23	26	27	0	3	0	0	0	0	0	0	0	2	2	2	0	0	0	0	0	0	0	0	0	0	0	0	0	0	
SLK19	804	23	26	27	0	3	0	0	0	0	0	0	0	2	2	2	0	0	0	0	0	0	0	0	0	0	0	0	0	0	
SLK19	805	23	26	27	0	3	0	0	0	0	0	0	0	2	2	2	0	0	0	0	0	0	0	0	0	0	0	0	0	0	
SLK19	806	23	26	27	0	3	0	0	0	0	0	0	0	2	2	2	0	0	0	0	0	0	0	0	0	0	0	0	0	0	
SLK19	807	23	26	27	0	3	0	0	0	0	0	0	0	2	2	2	0	0	0	0	0	0	0	0	0	0	0	0	0	0	
SLK19	808	23	26	27	0	3	0	0	0	0	0	0	0	2	2	2	0	0	0	0	0	0	0	0	0	0	0	0	0	0	
SLK19	809	23	26	27	0	3	0	0	0	0	0	0	0	2	2	2	0	0	0	0	0	0	0	0	0	0	0	0	0	0	
SLK19	810	23	26	27	0	3	0	0	0	0	0	0	0	2	2	2	0	0	0	0	0	0	0	0	0	0	0	0	0	0	
SLK19	811	23	26	27	0	3	0	0	0	0	0	0	0	2	2	2	0	0	0	0	0	0	0	0	0	0	0	0	0	0	
SLK19	812	23	26	27	0	3	0	0	0	0	0	0	0	2	2	2	0	0	0	0	0	0	0	0	0	0	0	0	0	0	
SLK19	813	23	26	27	0	3	0	0	0	0	0	0	0	2	2	2	0	0	0	0	0	0	0	0	0	0	0	0	0	0	
SLK19	814	23	26	27	0	3	0	0	0	0	0	0	0	2	2	2	0	0	0	0	0	0	0	0	0	0	0	0	0	0	
SLK19	815	0	0	0	0	0	0	0	0	0	0	0	0	0	0	0	0	0	0	0	0	0	0	0	0	0	0	0	0	0	
SLK19	816	0	0	0	0	0	0	0	0	0	0	0	0	0	0	0	0	0	0	0	0	0	0	0	0	0	0	0	0	0	
SLK19	817	0	0	0	0	0	0	0	0	0	0	0	0	0	0	0	0	0	0	0	0	0	0	0	0	0	0	0	0	0	
SLK19	818	0	0	0	0	0	0	0	0	0	0	0	0	0	0	0	0	0	0	0	0	0	0	0	0	0	0	0	0	0	
SLK19	819	0	0	0	0	0	0	0	0	0	0	0	0	0	0	0	0	0	0	0	0	0	0	0	0	0	0	0	0	0	
SLK19	820	0	0	0	0	0	0	0	0	0	0	0	0	0	0	0	0	0	0	0	0	0	0	0	0	0	0	0	0	0	
SLK19	821	0	0	0	0	0	0	0	0	0	0	0	0	0	0	0	0	0	0	0	0	0	0	0	0	0	0	0	0	0	
