protein	site	PSMs_001_Stu1-3FLAG_DMSO.csv	PSMs_002_Stu1-3FLAG_Cdc200-AID.csv	PSMs_003_Stu1-3FLAG_Benomyl.csv	PSMs_004_Stu1FLAG_Bub1V5_double_step_IP.csv	PSMs_005_Stu1_TOG1del_cutout_1.csv	PSMs_006_Stu1_TOG1del_cutout_2.csv	PSMs_007_Dsn1-flag.csv	PSMs_008_Dsn1-flag_mps1-1.csv	PSMs_009_Dsn1-flag_pgal-mps1.csv	PSMs_010_Dsn1-flag_ndc80.csv	PSMs_011_Dsn1-flag_ndc80-2a.csv	PSMs_012_Dsn1-flag_ndc80-2d.csv	PSMs_013_Dsn1-flag_ndc80_cdc15-2.csv	PSMs_014_Dsn1-flag_ndc80-2a_cdc15-2.csv	PSMs_015_Dsn1-flag_ndc80-2d_cdc15-2.csv	PSMs_016_Dsn1-flag.csv	PSMs_017_Dsn1-flag_mps1-1.csv	PSMs_018_ndc80-flag.csv	PSMs_019_ndc80-3flag.csv	PSMs_020_ndc80-flag_pgal-mps1.csv	PSMs_021_ndc80-3flag_pgal-mps1.csv	PSMs_022_dad1-flag.csv	PSMs_023_dad1-flag.csv	PSMs_024_dad1-flag_pgal-mps1.csv	PSMs_025_Nitobe_SCX1_Mtw1-3FLAG.csv	PSMs_025_Nitobe_SCX2_Mtw1-3FLAG.csv	PSMs_025_Nitobe_SCX3_Mtw1-3FLAG.csv	PSMs_025_Nitobe_SCX4_Mtw1-3FLAG.csv	PSMs_025_Nitobe_SCX5_Mtw1-3FLAG.csv	
SPC25	0	0	0	0	0	0	0	0	0	0	0	0	0	0	0	0	0	0	0	0	0	0	0	0	0	0	0	0	0	0	
SPC25	1	0	0	0	0	0	0	0	0	0	4	5	2	6	7	8	2	2	0	15	0	12	0	12	4	6	2	0	2	2	
SPC25	2	0	0	0	0	0	0	0	0	0	4	5	2	6	7	8	2	2	0	15	0	12	0	12	4	6	2	0	2	2	
SPC25	3	0	0	0	0	0	0	0	0	0	4	5	2	6	7	8	2	2	0	15	0	12	0	12	4	6	2	0	2	2	
SPC25	4	0	0	0	0	0	0	0	0	0	4	5	2	6	7	8	2	2	0	15	0	12	0	12	4	6	2	0	2	2	
SPC25	5	0	0	0	0	0	0	0	0	0	4	5	2	6	7	8	2	2	0	15	0	12	0	12	4	6	2	0	2	2	
SPC25	6	0	0	0	0	0	0	0	0	0	4	5	2	6	7	8	2	2	0	15	0	12	0	12	4	6	2	0	2	2	
SPC25	7	0	0	0	0	0	0	0	0	0	4	5	2	6	7	8	2	2	0	15	0	12	0	12	4	6	2	0	2	2	
SPC25	8	0	0	0	0	0	0	0	0	0	4	5	2	6	7	8	2	2	0	15	0	12	0	12	4	6	2	0	2	2	
SPC25	9	0	0	0	0	0	0	0	0	0	4	5	2	6	7	8	2	2	0	15	0	12	0	12	4	6	2	0	2	2	
SPC25	10	0	0	0	0	0	0	0	0	0	4	5	2	6	7	8	2	2	0	15	0	12	0	12	4	6	2	0	2	2	
SPC25	11	0	0	0	0	0	0	0	0	0	4	5	2	6	7	8	2	2	0	15	0	12	0	12	4	6	2	0	2	2	
SPC25	12	0	0	0	0	0	0	0	0	0	4	5	2	6	7	8	2	2	0	15	0	12	0	12	4	6	2	0	2	2	
SPC25	13	0	0	0	0	0	0	14	20	6	22	29	10	26	32	20	2	2	29	5	25	9	0	3	0	2	0	0	0	2	
SPC25	14	0	0	0	0	0	0	31	48	12	51	67	21	61	99	51	2	2	61	0	59	8	0	0	0	0	0	0	0	2	
SPC25	15	0	0	0	0	0	0	31	48	12	51	67	21	61	99	51	2	2	61	0	59	8	0	0	0	0	0	0	0	2	
SPC25	16	0	0	0	0	0	0	31	48	12	51	67	21	61	99	51	2	2	61	0	59	8	0	0	0	0	0	0	0	2	
SPC25	17	0	0	0	0	0	0	31	48	12	51	67	21	61	99	51	2	2	61	0	59	8	0	0	0	0	0	0	0	2	
SPC25	18	0	0	0	0	0	0	31	48	12	51	67	21	61	99	51	2	2	61	0	59	8	0	0	0	0	0	0	0	2	
SPC25	19	0	0	0	0	0	0	31	48	12	51	67	21	61	99	51	2	2	61	0	59	8	0	0	0	0	0	0	0	2	
SPC25	20	0	0	0	0	0	0	34	56	12	54	72	26	68	104	66	2	2	67	10	68	14	0	2	0	2	4	0	0	0	
SPC25	21	0	0	0	0	0	0	34	56	12	54	72	26	68	104	66	2	2	67	10	68	14	0	2	0	2	4	0	0	0	
SPC25	22	0	0	0	0	0	0	34	56	12	54	72	26	68	104	66	2	2	67	10	68	14	0	2	0	2	4	0	0	0	
SPC25	23	0	0	0	0	0	0	34	56	12	54	72	26	68	104	66	2	2	67	10	68	14	0	2	0	2	4	0	0	0	
SPC25	24	0	0	0	0	0	0	34	56	12	54	72	26	68	104	66	2	2	67	10	68	14	0	2	0	2	4	0	0	0	
SPC25	25	0	0	0	0	0	0	34	56	12	54	72	26	68	104	66	2	2	67	10	68	14	0	2	0	2	4	0	0	0	
SPC25	26	0	0	0	0	0	0	34	56	12	54	72	26	68	104	66	2	2	67	10	68	14	0	2	0	2	4	0	0	0	
SPC25	27	0	0	0	0	0	0	34	56	12	54	72	26	68	104	66	2	2	67	10	68	14	0	2	0	2	4	0	0	0	
SPC25	28	0	0	0	0	0	0	0	0	0	0	2	0	3	4	5	0	0	5	0	0	0	0	0	0	0	0	0	0	0	
SPC25	29	0	0	0	0	0	0	0	0	0	0	2	0	3	4	5	0	0	5	0	0	0	0	0	0	0	0	0	0	0	
SPC25	30	0	0	0	0	0	0	0	0	0	0	2	0	3	4	5	0	0	5	0	0	0	0	0	0	0	0	0	0	0	
SPC25	31	0	0	0	0	0	0	0	0	0	0	2	0	3	4	5	0	0	5	0	0	0	0	0	0	0	0	0	0	0	
SPC25	32	0	0	0	0	0	0	0	0	0	0	2	0	3	4	5	0	0	5	0	0	0	0	0	0	0	0	0	0	0	
SPC25	33	0	0	0	0	0	0	0	0	0	0	2	0	3	4	5	0	0	5	0	0	0	0	0	0	0	0	0	0	0	
SPC25	34	0	0	0	0	0	0	4	3	4	3	9	6	8	11	19	0	0	9	37	4	33	0	0	3	7	8	8	6	8	
SPC25	35	0	0	0	0	0	0	4	3	4	3	9	6	8	11	19	0	0	9	37	4	33	0	0	3	7	8	8	6	8	
SPC25	36	0	0	0	0	0	0	4	3	4	3	9	6	8	11	19	0	0	9	37	4	33	0	0	3	7	8	8	6	8	
SPC25	37	0	0	0	0	0	0	4	3	4	3	9	6	8	11	19	0	0	9	37	4	33	0	0	3	7	8	8	6	8	
SPC25	38	0	0	0	0	0	0	4	3	4	3	9	6	8	11	19	0	0	9	37	4	33	0	0	3	7	8	8	6	8	
SPC25	39	0	0	0	0	0	0	4	3	4	3	9	6	8	11	19	0	0	9	37	4	33	0	0	3	7	8	8	6	8	
SPC25	40	0	0	0	0	0	0	4	3	4	3	9	6	8	11	19	0	0	9	37	4	33	0	0	3	7	8	8	6	8	
SPC25	41	0	0	0	0	0	0	4	3	4	3	9	6	8	11	19	0	0	9	37	4	33	0	0	3	7	8	8	6	8	
SPC25	42	0	0	0	0	0	0	4	3	4	3	9	6	8	11	19	0	0	9	37	4	33	0	0	3	7	8	8	6	8	
SPC25	43	0	0	0	0	0	0	4	3	4	3	9	6	8	11	19	0	0	9	37	4	33	0	0	3	7	8	8	6	8	
SPC25	44	0	0	0	0	0	0	4	3	4	3	9	6	8	11	19	0	0	9	37	4	33	0	0	3	7	8	8	6	8	
SPC25	45	0	0	0	0	0	0	0	0	0	3	9	3	9	5	24	0	0	3	136	0	41	0	0	0	0	0	0	3	12	
SPC25	46	0	0	0	0	0	0	0	0	0	3	9	3	9	5	24	0	0	3	136	0	41	0	0	0	0	0	0	3	12	
SPC25	47	0	0	0	0	0	0	0	0	0	3	9	3	9	5	24	0	0	3	136	0	41	0	0	0	0	0	0	3	12	
SPC25	48	0	0	0	0	0	0	0	0	0	3	9	3	9	5	24	0	0	3	136	0	41	0	0	0	0	0	0	3	12	
SPC25	49	0	0	0	0	0	0	0	0	0	3	9	3	9	5	24	0	0	3	136	0	41	0	0	0	0	0	0	3	12	
SPC25	50	0	0	0	0	0	0	0	0	0	3	9	3	9	5	24	0	0	3	136	0	41	0	0	0	0	0	0	3	12	
SPC25	51	0	0	0	0	0	0	0	0	0	3	9	3	9	5	24	0	0	3	136	0	41	0	0	0	0	0	0	3	12	
SPC25	52	0	0	0	0	0	0	0	0	0	3	9	3	9	5	24	0	0	3	136	0	41	0	0	0	0	0	0	3	12	
SPC25	53	0	0	0	0	0	0	0	0	0	3	9	3	9	5	24	0	0	3	136	0	41	0	0	0	0	0	0	3	12	
SPC25	54	0	0	0	0	0	0	0	0	0	3	9	3	9	5	24	0	0	3	136	0	41	0	0	0	0	0	0	3	12	
SPC25	55	0	0	0	0	0	0	0	0	0	3	9	3	9	5	24	0	0	3	136	0	41	0	0	0	0	0	0	3	12	
SPC25	56	0	0	0	0	0	0	0	0	0	3	9	3	9	5	24	0	0	3	136	0	41	0	0	0	0	0	0	3	12	
SPC25	57	0	0	0	0	0	0	0	0	0	3	9	3	9	5	24	0	0	3	136	0	41	0	0	0	0	0	0	3	12	
SPC25	58	0	0	0	0	0	0	0	0	0	3	9	3	9	5	24	0	0	3	136	0	41	0	0	0	0	0	0	3	12	
SPC25	59	0	0	0	0	0	0	0	0	0	3	9	3	9	5	24	0	0	3	136	0	41	0	0	0	0	0	0	3	12	
SPC25	60	0	0	0	0	0	0	2	2	0	2	3	0	8	5	16	0	0	5	0	0	8	0	0	0	0	0	0	0	0	
SPC25	61	0	0	0	0	0	0	2	2	0	2	3	0	8	5	16	0	0	5	0	0	8	0	0	0	0	0	0	0	0	
SPC25	62	0	0	0	0	0	0	2	2	0	2	3	0	8	5	16	0	0	5	0	0	8	0	0	0	0	0	0	0	0	
SPC25	63	0	0	0	0	0	0	2	2	0	2	3	0	8	5	16	0	0	5	0	0	8	0	0	0	0	0	0	0	0	
SPC25	64	0	0	0	0	0	0	2	2	0	2	3	0	8	5	16	0	0	5	0	0	8	0	0	0	0	0	0	0	0	
SPC25	65	0	0	4	0	0	0	6	8	0	7	5	3	13	13	16	0	0	27	44	10	29	0	0	2	25	20	18	14	34	
SPC25	66	0	0	4	0	0	0	6	8	0	7	5	3	13	13	16	0	0	27	44	10	29	0	0	2	25	20	18	14	34	
SPC25	67	0	0	4	0	0	0	6	8	0	7	5	3	13	13	16	0	0	27	44	10	29	0	0	2	25	20	18	14	34	
SPC25	68	0	0	4	0	0	0	6	8	0	7	5	3	13	13	16	0	0	27	44	10	29	0	0	2	25	20	18	14	34	
SPC25	69	0	0	4	0	0	0	6	8	0	7	5	3	13	13	16	0	0	27	44	10	29	0	0	2	25	20	18	14	34	
SPC25	70	0	0	4	0	0	0	6	8	0	7	5	3	13	13	16	0	0	27	44	10	29	0	0	2	25	20	18	14	34	
SPC25	71	0	0	4	0	0	0	6	8	0	7	5	3	13	13	16	0	0	27	44	10	29	0	0	2	25	20	18	14	34	
SPC25	72	0	0	4	0	0	0	6	8	0	7	5	3	13	13	16	0	0	27	44	10	29	0	0	2	25	20	18	14	34	
SPC25	73	0	0	4	0	0	0	6	8	0	7	5	3	13	13	16	0	0	27	44	10	29	0	0	2	25	20	18	14	34	
SPC25	74	0	0	4	0	0	0	6	8	0	7	5	3	13	13	16	0	0	27	44	10	29	0	0	2	25	20	18	14	34	
SPC25	75	0	0	4	0	0	0	6	8	0	7	5	3	13	13	16	0	0	27	44	10	29	0	0	2	25	20	18	14	34	
SPC25	76	0	0	4	0	0	0	6	8	0	7	5	3	13	13	16	0	0	27	44	10	29	0	0	2	25	20	18	14	34	
SPC25	77	0	0	4	0	0	0	6	8	0	7	5	3	13	13	16	0	0	27	44	10	29	0	0	2	25	20	18	14	34	
SPC25	78	0	0	4	0	0	0	6	8	0	7	5	3	13	13	16	0	0	27	44	10	29	0	0	2	25	20	18	14	34	
SPC25	79	0	0	4	0	0	0	6	8	0	7	5	3	13	13	16	0	0	27	44	10	29	0	0	2	25	20	18	14	34	
SPC25	80	0	0	4	0	0	0	6	8	0	7	5	3	13	13	16	0	0	27	44	10	29	0	0	2	25	20	18	14	34	
SPC25	81	0	0	4	0	0	0	6	8	0	7	5	3	13	13	16	0	0	27	44	10	29	0	0	2	25	20	18	14	34	
SPC25	82	0	0	4	0	0	0	6	8	0	7	5	3	13	13	16	0	0	27	44	10	29	0	0	2	25	20	18	14	34	
SPC25	83	0	0	0	0	0	0	0	2	0	2	2	0	2	5	2	0	0	10	0	3	0	0	0	0	0	0	0	0	0	
SPC25	84	0	0	0	0	0	0	0	2	0	2	2	0	2	5	2	0	0	10	0	3	0	0	0	0	0	0	0	0	0	
SPC25	85	0	0	0	0	0	0	0	2	0	2	2	0	2	5	2	0	0	10	0	3	0	0	0	0	0	0	0	0	0	
SPC25	86	0	0	0	0	0	0	0	2	0	2	2	0	2	5	2	0	0	10	0	3	0	0	0	0	0	0	0	0	0	
SPC25	87	0	0	0	0	0	0	0	0	0	2	0	0	2	7	2	0	2	0	0	0	0	0	0	0	0	0	0	0	0	
SPC25	88	0	0	0	0	0	0	0	0	0	2	0	0	2	7	2	0	2	0	0	0	0	0	0	0	0	0	0	0	0	
SPC25	89	0	0	0	0	0	0	0	0	0	2	0	0	2	7	2	0	2	0	0	0	0	0	0	0	0	0	0	0	0	
SPC25	90	0	0	0	0	0	0	0	0	0	2	0	0	2	7	2	0	2	0	0	0	0	0	0	0	0	0	0	0	0	
SPC25	91	0	0	0	0	0	0	0	0	0	2	0	0	2	7	2	0	2	0	0	0	0	0	0	0	0	0	0	0	0	
SPC25	92	0	0	0	0	0	0	0	0	0	2	0	0	2	7	2	0	2	0	0	0	0	0	0	0	0	0	0	0	0	
SPC25	93	0	0	0	0	0	0	0	0	0	2	0	0	2	7	2	0	2	0	0	0	0	0	0	0	0	0	0	0	0	
SPC25	94	0	0	0	0	0	0	0	0	0	2	0	0	2	7	2	0	2	0	0	0	0	0	0	0	0	0	0	0	0	
SPC25	95	0	0	0	0	0	0	0	0	0	2	0	0	2	7	2	0	2	0	0	0	0	0	0	0	0	0	0	0	0	
SPC25	96	0	0	0	0	0	0	0	0	0	2	0	0	2	7	2	0	2	0	0	0	0	0	0	0	0	0	0	0	0	
SPC25	97	0	0	0	0	0	0	0	0	0	2	0	0	2	7	2	0	2	0	0	0	0	0	0	0	0	0	0	0	0	
SPC25	98	0	0	0	0	0	0	0	0	0	2	0	2	4	4	2	0	0	0	0	0	0	0	0	0	0	0	0	0	0	
SPC25	99	0	0	0	0	0	0	4	0	0	5	5	2	6	9	5	0	0	4	0	0	0	0	0	0	0	0	0	0	0	
SPC25	100	0	0	0	0	0	0	4	0	0	5	5	2	6	9	5	0	0	4	0	0	0	0	0	0	0	0	0	0	0	
SPC25	101	0	0	0	0	0	0	4	0	0	5	5	2	6	9	5	0	0	4	0	0	0	0	0	0	0	0	0	0	0	
SPC25	102	0	0	0	0	0	0	4	0	0	5	5	2	6	9	5	0	0	4	0	0	0	0	0	0	0	0	0	0	0	
SPC25	103	0	0	0	0	0	0	4	0	0	5	5	2	6	9	5	0	0	4	0	0	0	0	0	0	0	0	0	0	0	
SPC25	104	0	0	0	0	0	0	4	0	0	5	5	2	6	9	5	0	0	4	0	0	0	0	0	0	0	0	0	0	0	
SPC25	105	0	0	0	0	0	0	4	0	0	5	5	2	6	9	5	0	0	4	0	0	0	0	0	0	0	0	0	0	0	
SPC25	106	0	0	0	0	0	0	4	0	0	5	5	2	6	9	5	0	0	4	0	0	0	0	0	0	0	0	0	0	0	
SPC25	107	0	0	0	0	0	0	4	0	0	5	5	2	6	9	5	0	0	4	0	0	0	0	0	0	0	0	0	0	0	
SPC25	108	0	0	0	0	0	0	26	27	13	69	91	19	33	85	25	0	0	23	12	39	11	2	3	0	4	4	2	4	0	
SPC25	109	0	0	0	0	0	0	26	27	13	69	91	19	33	85	25	0	0	23	12	39	11	2	3	0	4	4	2	4	0	
SPC25	110	0	0	0	0	0	0	26	27	13	69	91	19	33	85	25	0	0	23	12	39	11	2	3	0	4	4	2	4	0	
SPC25	111	0	0	0	0	0	0	26	27	13	69	91	19	33	85	25	0	0	23	12	39	11	2	3	0	4	4	2	4	0	
SPC25	112	0	0	0	0	0	0	26	27	13	69	91	19	33	85	25	0	0	23	12	39	11	2	3	0	4	4	2	4	0	
SPC25	113	0	0	0	0	0	0	26	27	13	69	91	19	33	85	25	0	0	23	12	39	11	2	3	0	4	4	2	4	0	
SPC25	114	0	0	0	0	0	0	26	27	13	69	91	19	33	85	25	0	0	23	12	39	11	2	3	0	4	4	2	4	0	
SPC25	115	0	0	0	0	0	0	26	27	13	69	91	19	33	85	25	0	0	23	12	39	11	2	3	0	4	4	2	4	0	
SPC25	116	0	0	0	0	0	0	26	27	13	69	91	19	33	85	25	0	0	23	12	39	11	2	3	0	4	4	2	4	0	
SPC25	117	0	0	0	0	0	0	2	0	0	0	2	0	0	0	2	0	0	2	2	0	2	0	0	0	0	2	0	6	4	
SPC25	118	0	0	0	0	0	0	2	0	0	0	2	0	0	0	2	0	0	2	2	0	2	0	0	0	0	2	0	6	4	
SPC25	119	0	0	0	0	0	0	0	0	0	0	4	0	2	0	4	0	0	0	2	0	2	0	0	0	0	6	0	6	4	
SPC25	120	0	0	0	0	0	0	0	0	0	0	4	0	2	0	4	0	0	0	2	0	2	0	0	0	0	6	0	6	4	
SPC25	121	0	0	0	0	0	0	0	0	0	0	4	0	2	0	4	0	0	0	2	0	2	0	0	0	0	6	0	6	4	
SPC25	122	0	0	0	0	0	0	0	0	0	0	4	0	2	0	4	0	0	0	2	0	2	0	0	0	0	6	0	6	4	
SPC25	123	0	0	0	0	0	0	0	0	0	0	4	0	2	0	4	0	0	0	2	0	2	0	0	0	0	6	0	6	4	
SPC25	124	0	0	0	0	0	0	0	0	0	0	4	0	2	0	4	0	0	0	2	0	2	0	0	0	0	6	0	6	4	
SPC25	125	0	0	0	0	0	0	0	0	2	2	2	2	4	3	3	0	0	6	0	2	0	0	0	0	0	0	0	0	0	
SPC25	126	0	0	0	0	0	0	0	0	2	2	2	2	4	3	3	0	0	6	0	2	0	0	0	0	0	0	0	0	0	
SPC25	127	0	0	0	0	0	0	6	7	2	5	7	7	20	13	40	0	2	28	53	22	49	0	4	2	13	13	4	2	0	
SPC25	128	0	0	0	0	0	0	6	7	2	5	7	7	20	13	40	0	2	28	53	22	49	0	4	2	13	13	4	2	0	
SPC25	129	0	0	0	0	0	0	6	7	2	5	7	7	20	13	40	0	2	28	53	22	49	0	4	2	13	13	4	2	0	
SPC25	130	0	0	0	0	0	0	6	7	2	5	7	7	20	13	40	0	2	28	53	22	49	0	4	2	13	13	4	2	0	
SPC25	131	0	0	0	0	0	0	6	7	2	5	7	7	20	13	40	0	2	28	53	22	49	0	4	2	13	13	4	2	0	
SPC25	132	0	0	0	0	0	0	6	7	2	5	7	7	20	13	40	0	2	28	53	22	49	0	4	2	13	13	4	2	0	
SPC25	133	0	0	0	0	0	0	6	7	2	5	7	7	20	13	40	0	2	28	53	22	49	0	4	2	13	13	4	2	0	
SPC25	134	0	0	0	0	0	0	6	7	2	5	7	7	20	13	40	0	2	28	53	22	49	0	4	2	13	13	4	2	0	
SPC25	135	0	0	0	0	0	0	6	7	2	5	7	7	20	13	40	0	2	28	53	22	49	0	4	2	13	13	4	2	0	
SPC25	136	0	0	0	0	0	0	6	7	2	5	7	7	20	13	40	0	2	28	53	22	49	0	4	2	13	13	4	2	0	
SPC25	137	0	0	0	0	0	0	6	7	2	5	7	7	20	13	40	0	2	28	53	22	49	0	4	2	13	13	4	2	0	
SPC25	138	0	0	0	0	0	0	6	7	2	5	7	7	20	13	40	0	2	28	53	22	49	0	4	2	13	13	4	2	0	
SPC25	139	0	0	0	0	0	0	6	7	2	5	7	7	20	13	40	0	2	28	53	22	49	0	4	2	13	13	4	2	0	
SPC25	140	0	0	0	0	0	0	6	7	2	5	7	7	20	13	40	0	2	28	53	22	49	0	4	2	13	13	4	2	0	
SPC25	141	0	0	0	0	0	0	6	7	2	5	7	7	20	13	40	0	2	28	53	22	49	0	4	2	13	13	4	2	0	
SPC25	142	0	0	0	0	0	0	6	7	2	5	7	7	20	13	40	0	2	28	53	22	49	0	4	2	13	13	4	2	0	
SPC25	143	0	0	0	0	0	0	6	7	2	5	7	7	20	13	40	0	2	28	53	22	49	0	4	2	13	13	4	2	0	
SPC25	144	0	0	0	0	0	0	3	3	3	0	0	2	2	2	2	2	0	7	0	6	0	0	0	0	0	0	0	0	0	
SPC25	145	0	0	0	0	0	0	3	3	3	0	0	2	2	2	2	2	0	7	0	6	0	0	0	0	0	0	0	0	0	
SPC25	146	0	0	0	0	0	0	3	3	3	0	0	2	2	2	2	2	0	7	0	6	0	0	0	0	0	0	0	0	0	
SPC25	147	0	0	0	0	0	0	3	3	3	0	0	2	2	2	2	2	0	7	0	6	0	0	0	0	0	0	0	0	0	
SPC25	148	0	0	0	0	0	0	3	3	3	0	0	2	2	2	2	2	0	7	0	6	0	0	0	0	0	0	0	0	0	
SPC25	149	0	0	0	0	0	0	9	10	3	15	37	12	23	17	15	2	0	11	22	14	13	0	0	0	11	4	7	9	5	
SPC25	150	0	0	0	0	0	0	9	10	3	15	37	12	23	17	15	2	0	11	22	14	13	0	0	0	11	4	7	9	5	
SPC25	151	0	0	0	0	0	0	9	10	3	15	37	12	23	17	15	2	0	11	22	14	13	0	0	0	11	4	7	9	5	
SPC25	152	0	0	0	0	0	0	9	10	3	15	37	12	23	17	15	2	0	11	22	14	13	0	0	0	11	4	7	9	5	
SPC25	153	0	0	0	0	0	0	9	10	3	15	37	12	23	17	15	2	0	11	22	14	13	0	0	0	11	4	7	9	5	
SPC25	154	0	0	0	0	0	0	9	10	3	15	37	12	23	17	15	2	0	11	22	14	13	0	0	0	11	4	7	9	5	
SPC25	155	0	0	0	0	0	0	9	10	3	15	37	12	23	17	15	2	0	11	22	14	13	0	0	0	11	4	7	9	5	
SPC25	156	0	0	0	0	0	0	9	10	3	15	37	12	23	17	15	2	0	11	22	14	13	0	0	0	11	4	7	9	5	
SPC25	157	0	0	0	0	0	0	9	10	3	15	37	12	23	17	15	2	0	11	22	14	13	0	0	0	11	4	7	9	5	
SPC25	158	0	0	0	0	0	0	9	10	3	15	37	12	23	17	15	2	0	11	22	14	13	0	0	0	11	4	7	9	5	
SPC25	159	0	0	0	0	0	0	9	10	3	15	37	12	23	17	15	2	0	11	22	14	13	0	0	0	11	4	7	9	5	
SPC25	160	0	0	0	0	0	0	9	10	3	15	37	12	23	17	15	2	0	11	22	14	13	0	0	0	11	4	7	9	5	
SPC25	161	0	0	0	0	0	0	2	7	0	5	14	4	12	8	15	0	0	9	7	10	4	0	0	0	4	2	2	2	0	
SPC25	162	0	0	0	0	0	0	2	7	0	5	14	4	12	8	15	0	0	9	7	10	4	0	0	0	4	2	2	2	0	
SPC25	163	0	0	0	0	0	0	2	7	0	5	14	4	12	8	15	0	0	9	7	10	4	0	0	0	4	2	2	2	0	
SPC25	164	0	0	0	0	0	0	2	7	0	5	14	4	12	8	15	0	0	9	7	10	4	0	0	0	4	2	2	2	0	
SPC25	165	0	0	0	0	0	0	2	7	0	5	14	4	12	8	15	0	0	9	7	10	4	0	0	0	4	2	2	2	0	
SPC25	166	0	0	0	0	0	0	2	7	0	5	14	4	12	8	15	0	0	9	7	10	4	0	0	0	4	2	2	2	0	
SPC25	167	0	0	0	0	0	0	2	7	0	5	14	4	12	8	15	0	0	9	7	10	4	0	0	0	4	2	2	2	0	
SPC25	168	0	0	0	0	0	0	2	7	0	5	14	4	12	8	15	0	0	9	7	10	4	0	0	0	4	2	2	2	0	
SPC25	169	0	0	0	0	0	0	0	0	0	0	0	0	4	0	14	0	0	2	47	0	23	0	0	0	0	0	3	5	8	
SPC25	170	0	0	0	0	0	0	0	0	0	0	0	0	4	0	14	0	0	2	47	0	23	0	0	0	0	0	3	5	8	
SPC25	171	0	0	0	0	0	0	0	0	0	0	0	0	4	0	14	0	0	2	47	0	23	0	0	0	0	0	3	5	8	
SPC25	172	0	0	0	0	0	0	0	0	0	0	0	0	4	0	14	0	0	2	47	0	23	0	0	0	0	0	3	5	8	
SPC25	173	0	0	0	0	0	0	0	0	0	0	0	0	4	0	14	0	0	2	47	0	23	0	0	0	0	0	3	5	8	
SPC25	174	0	0	0	0	0	0	0	0	0	0	0	0	4	0	14	0	0	2	47	0	23	0	0	0	0	0	3	5	8	
SPC25	175	0	0	0	0	0	0	0	0	0	0	0	0	4	0	14	0	0	2	47	0	23	0	0	0	0	0	3	5	8	
SPC25	176	0	0	0	0	0	0	0	0	0	0	0	0	4	0	14	0	0	2	47	0	23	0	0	0	0	0	3	5	8	
SPC25	177	0	0	0	0	0	0	0	0	0	0	0	0	4	0	14	0	0	2	47	0	23	0	0	0	0	0	3	5	8	
SPC25	178	0	0	0	0	0	0	0	0	0	0	0	0	4	0	14	0	0	2	47	0	23	0	0	0	0	0	3	5	8	
SPC25	179	0	0	0	0	0	0	0	0	0	0	0	0	4	0	14	0	0	2	47	0	23	0	0	0	0	0	3	5	8	
SPC25	180	0	0	0	0	0	0	0	0	0	0	0	0	4	0	14	0	0	2	47	0	23	0	0	0	0	0	3	5	8	
SPC25	181	0	0	0	0	0	0	0	0	0	0	0	0	4	0	14	0	0	2	47	0	23	0	0	0	0	0	3	5	8	
SPC25	182	0	0	0	0	0	0	0	0	0	0	0	0	4	0	14	0	0	2	47	0	23	0	0	0	0	0	3	5	8	
SPC25	183	0	0	0	0	0	0	0	0	0	0	0	0	4	0	14	0	0	2	47	0	23	0	0	0	0	0	3	5	8	
SPC25	184	0	0	0	0	0	0	0	0	0	0	0	0	4	0	14	0	0	2	47	0	23	0	0	0	0	0	3	5	8	
SPC25	185	0	0	0	0	0	0	0	0	0	0	0	0	4	0	14	0	0	2	47	0	23	0	0	0	0	0	3	5	8	
SPC25	186	0	0	0	0	0	0	0	0	0	0	0	0	4	0	14	0	0	2	47	0	23	0	0	0	0	0	3	5	8	
SPC25	187	0	0	0	0	0	0	0	0	0	0	0	0	4	0	14	0	0	2	47	0	23	0	0	0	0	0	3	5	8	
SPC25	188	0	0	0	0	0	0	0	0	0	0	0	0	4	0	14	0	0	2	47	0	23	0	0	0	0	0	3	5	8	
SPC25	189	0	0	0	0	0	0	0	0	0	0	0	0	4	0	14	0	0	2	47	0	23	0	0	0	0	0	3	5	8	
SPC25	190	0	0	0	0	0	0	0	0	0	0	0	0	4	0	14	0	0	2	47	0	23	0	0	0	0	0	3	5	8	
SPC25	191	0	0	0	0	0	0	0	0	0	0	0	0	4	0	14	0	0	2	47	0	23	0	0	0	0	0	3	5	8	
SPC25	192	0	0	0	0	0	0	0	0	0	0	0	0	0	0	2	0	0	0	0	0	0	0	0	0	0	0	0	0	0	
SPC25	193	0	0	0	0	0	0	0	0	0	0	0	0	0	0	2	0	0	0	0	0	0	0	0	0	0	0	0	0	0	
SPC25	194	0	0	0	0	0	0	0	0	0	0	2	0	3	0	4	0	0	0	2	0	37	0	0	0	13	6	13	12	2	
SPC25	195	0	0	0	0	0	0	0	0	0	0	2	0	3	0	4	0	0	0	2	0	37	0	0	0	13	6	13	12	2	
SPC25	196	0	0	0	0	0	0	0	0	0	0	2	0	3	0	4	0	0	0	2	0	37	0	0	0	13	6	13	12	2	
SPC25	197	0	0	0	0	0	0	0	0	0	0	2	0	3	0	4	0	0	0	2	0	37	0	0	0	13	6	13	12	2	
SPC25	198	0	0	0	0	0	0	0	0	0	0	2	0	3	0	4	0	0	0	2	0	37	0	0	0	13	6	13	12	2	
SPC25	199	0	0	0	0	0	0	0	0	0	0	2	0	3	0	4	0	0	0	2	0	37	0	0	0	13	6	13	12	2	
SPC25	200	0	0	0	0	0	0	0	0	0	0	2	0	3	0	4	0	0	0	2	0	37	0	0	0	13	6	13	12	2	
SPC25	201	0	0	0	0	0	0	0	0	0	0	2	0	3	0	4	0	0	0	2	0	37	0	0	0	13	6	13	12	2	
SPC25	202	0	0	0	0	0	0	0	0	0	0	2	0	3	0	4	0	0	0	2	0	37	0	0	0	13	6	13	12	2	
SPC25	203	0	0	0	0	0	0	0	0	0	0	2	0	3	0	4	0	0	0	2	0	37	0	0	0	13	6	13	12	2	
SPC25	204	0	0	0	0	0	0	0	0	0	0	2	0	3	0	4	0	0	0	2	0	37	0	0	0	13	6	13	12	2	
SPC25	205	0	0	0	0	0	0	0	0	0	0	2	0	3	0	4	0	0	0	2	0	37	0	0	0	13	6	13	12	2	
SPC25	206	0	0	0	0	0	0	0	0	0	0	2	0	3	0	4	0	0	0	2	0	37	0	0	0	13	6	13	12	2	
SPC25	207	0	0	0	0	0	0	0	0	0	0	2	0	3	0	4	0	0	0	2	0	37	0	0	0	13	6	13	12	2	
SPC25	208	0	0	0	0	0	0	0	0	0	0	2	0	3	0	4	0	0	0	2	0	37	0	0	0	13	6	13	12	2	
SPC25	209	0	0	0	0	0	0	0	0	0	0	2	0	3	0	4	0	0	0	2	0	37	0	0	0	13	6	13	12	2	
SPC25	210	0	0	0	0	0	0	0	0	0	0	2	0	3	0	4	0	0	0	2	0	37	0	0	0	13	6	13	12	2	
SPC25	211	0	0	0	0	0	0	0	0	0	0	2	0	3	0	4	0	0	0	2	0	37	0	0	0	13	6	13	12	2	
SPC25	212	0	0	0	0	0	0	0	0	0	0	2	0	3	0	4	0	0	0	2	0	37	0	0	0	13	6	13	12	2	
SPC25	213	0	0	0	0	0	0	0	0	0	0	2	0	3	0	4	0	0	0	2	0	37	0	0	0	13	6	13	12	2	
SPC25	214	0	0	0	0	0	0	0	0	0	0	2	0	3	0	4	0	0	0	2	0	37	0	0	0	13	6	13	12	2	
SPC25	215	0	0	0	0	0	0	0	0	0	0	0	0	0	0	0	0	0	0	0	0	2	0	0	0	0	0	0	0	0	
SPC25	216	0	0	0	0	0	0	0	0	0	0	0	0	0	0	0	0	0	0	0	0	2	0	0	0	0	0	0	0	0	
SPC25	217	0	0	0	0	0	0	0	0	0	0	0	0	0	0	0	0	0	0	0	0	2	0	0	0	0	0	0	0	0	
SPC25	218	0	0	0	0	0	0	0	0	0	0	0	0	0	0	0	0	0	0	0	0	2	0	0	0	0	0	0	0	0	
SPC25	219	0	0	0	0	0	0	0	0	0	0	0	0	0	0	0	0	0	0	0	0	2	0	0	0	0	0	0	0	0	
SPC25	220	0	0	0	0	0	0	0	0	0	0	0	0	0	0	0	0	0	0	0	0	2	0	0	0	0	0	0	0	0	
SPC25	221	0	0	0	0	0	0	0	0	0	0	0	0	0	0	0	0	0	0	0	0	2	0	0	0	0	0	0	0	0	
