protein	site	PSMs_001_Stu1-3FLAG_DMSO.csv	PSMs_002_Stu1-3FLAG_Cdc200-AID.csv	PSMs_003_Stu1-3FLAG_Benomyl.csv	PSMs_004_Stu1FLAG_Bub1V5_double_step_IP.csv	PSMs_005_Stu1_TOG1del_cutout_1.csv	PSMs_006_Stu1_TOG1del_cutout_2.csv	PSMs_007_Dsn1-flag.csv	PSMs_008_Dsn1-flag_mps1-1.csv	PSMs_009_Dsn1-flag_pgal-mps1.csv	PSMs_010_Dsn1-flag_ndc80.csv	PSMs_011_Dsn1-flag_ndc80-2a.csv	PSMs_012_Dsn1-flag_ndc80-2d.csv	PSMs_013_Dsn1-flag_ndc80_cdc15-2.csv	PSMs_014_Dsn1-flag_ndc80-2a_cdc15-2.csv	PSMs_015_Dsn1-flag_ndc80-2d_cdc15-2.csv	PSMs_016_Dsn1-flag.csv	PSMs_017_Dsn1-flag_mps1-1.csv	PSMs_018_ndc80-flag.csv	PSMs_019_ndc80-3flag.csv	PSMs_020_ndc80-flag_pgal-mps1.csv	PSMs_021_ndc80-3flag_pgal-mps1.csv	PSMs_022_dad1-flag.csv	PSMs_023_dad1-flag.csv	PSMs_024_dad1-flag_pgal-mps1.csv	PSMs_025_Nitobe_SCX1_Mtw1-3FLAG.csv	PSMs_025_Nitobe_SCX2_Mtw1-3FLAG.csv	PSMs_025_Nitobe_SCX3_Mtw1-3FLAG.csv	PSMs_025_Nitobe_SCX4_Mtw1-3FLAG.csv	PSMs_025_Nitobe_SCX5_Mtw1-3FLAG.csv	
STU2	0	0	0	0	0	0	0	0	0	0	0	0	0	0	0	0	0	0	0	0	0	0	0	0	0	0	0	0	0	0	
STU2	1	0	0	0	0	0	0	0	0	0	0	4	0	4	4	6	0	2	0	2	0	0	0	0	0	0	0	0	0	0	
STU2	2	0	0	0	0	0	0	0	0	0	0	4	0	4	4	6	0	2	0	2	0	0	0	0	0	0	0	0	0	0	
STU2	3	0	0	0	0	0	0	0	0	0	0	4	0	4	4	6	0	2	0	2	0	0	0	0	0	0	0	0	0	0	
STU2	4	0	0	0	0	0	0	0	0	0	0	4	0	4	4	6	0	2	0	2	0	0	0	0	0	0	0	0	0	0	
STU2	5	0	0	0	0	0	0	0	0	0	0	4	0	4	4	6	0	2	0	2	0	0	0	0	0	0	0	0	0	0	
STU2	6	0	0	0	0	0	0	0	0	0	0	4	0	4	4	6	0	2	0	2	0	0	0	0	0	0	0	0	0	0	
STU2	7	0	0	0	0	0	0	0	0	0	0	4	0	4	4	6	0	2	0	2	0	0	0	0	0	0	0	0	0	0	
STU2	8	0	0	0	0	0	0	0	0	0	0	4	0	4	4	6	0	2	0	2	0	0	0	0	0	0	0	0	0	0	
STU2	9	0	0	0	0	0	0	0	0	0	0	4	0	4	4	6	0	2	0	2	0	0	0	0	0	0	0	0	0	0	
STU2	10	0	0	0	0	0	0	0	0	0	0	4	0	4	4	6	0	2	0	2	0	0	0	0	0	0	0	0	0	0	
STU2	11	0	0	0	0	0	0	0	0	0	0	4	0	4	4	6	0	2	0	2	0	0	0	0	0	0	0	0	0	0	
STU2	12	0	0	0	0	0	0	0	0	0	0	4	0	4	4	6	0	2	0	2	0	0	0	0	0	0	0	0	0	0	
STU2	13	0	0	0	0	0	0	0	0	0	0	4	0	4	4	6	0	2	0	2	0	0	0	0	0	0	0	0	0	0	
STU2	14	0	0	0	0	0	0	0	0	0	0	4	0	4	4	6	0	2	0	2	0	0	0	0	0	0	0	0	0	0	
STU2	15	0	0	0	0	0	0	0	0	0	0	4	0	4	4	6	0	2	0	2	0	0	0	0	0	0	0	0	0	0	
STU2	16	0	0	0	0	0	0	0	0	0	0	4	0	4	4	6	0	2	0	2	0	0	0	0	0	0	0	0	0	0	
STU2	17	0	0	0	0	0	0	0	0	0	0	4	0	4	4	6	0	2	0	2	0	0	0	0	0	0	0	0	0	0	
STU2	18	0	0	0	0	0	0	0	2	0	0	0	0	2	0	5	0	0	0	0	0	0	0	0	0	0	0	0	0	0	
STU2	19	0	0	0	0	0	0	0	2	0	0	0	0	2	0	5	0	0	0	0	0	0	0	0	0	0	0	0	0	0	
STU2	20	0	0	0	0	0	0	0	2	0	0	0	0	2	0	5	0	0	0	0	0	0	0	0	0	0	0	0	0	0	
STU2	21	0	0	0	0	0	0	0	2	0	0	0	0	2	0	5	0	0	0	0	0	0	0	0	0	0	0	0	0	0	
STU2	22	0	0	0	0	0	0	0	2	0	0	0	0	2	0	5	0	0	0	0	0	0	0	0	0	0	0	0	0	0	
STU2	23	0	0	0	0	0	0	0	2	0	0	0	0	2	0	5	0	0	0	0	0	0	0	0	0	0	0	0	0	0	
STU2	24	0	0	0	0	0	0	0	2	0	0	0	0	2	0	5	0	0	0	0	0	0	0	0	0	0	0	0	0	0	
STU2	25	0	0	0	0	0	0	0	2	0	0	0	0	4	2	10	0	0	0	0	0	0	0	0	0	0	0	0	0	0	
STU2	26	0	0	0	0	0	0	0	2	0	0	0	0	4	2	10	0	0	0	0	0	0	0	0	0	0	0	0	0	0	
STU2	27	0	0	0	0	0	0	0	2	0	0	0	0	7	5	13	0	0	0	0	0	0	0	0	0	0	0	0	0	0	
STU2	28	0	0	0	0	0	0	0	2	0	0	0	0	7	5	13	0	0	0	0	0	0	0	0	0	0	0	0	0	0	
STU2	29	0	0	0	0	0	0	0	2	0	0	0	0	7	5	13	0	0	0	0	0	0	0	0	0	0	0	0	0	0	
STU2	30	0	0	0	0	0	0	0	2	0	0	0	0	7	5	13	0	0	0	0	0	0	0	0	0	0	0	0	0	0	
STU2	31	0	0	0	0	0	0	0	2	0	0	0	0	7	5	13	0	0	0	0	0	0	0	0	0	0	0	0	0	0	
STU2	32	0	0	0	0	0	0	0	2	0	0	0	0	7	5	13	0	0	0	0	0	0	0	0	0	0	0	0	0	0	
STU2	33	0	0	0	0	0	0	0	2	0	0	0	0	7	5	13	0	0	0	0	0	0	0	0	0	0	0	0	0	0	
STU2	34	0	0	0	0	0	0	0	2	0	0	0	0	7	5	13	0	0	0	0	0	0	0	0	0	0	0	0	0	0	
STU2	35	0	0	0	0	0	0	0	2	0	0	0	0	7	5	13	0	0	0	0	0	0	0	0	0	0	0	0	0	0	
STU2	36	0	0	0	0	0	0	0	2	0	0	0	0	7	5	13	0	0	0	0	0	0	0	0	0	0	0	0	0	0	
STU2	37	0	0	0	0	0	0	0	2	0	0	0	0	7	5	13	0	0	0	0	0	0	0	0	0	0	0	0	0	0	
STU2	38	0	0	0	0	0	0	0	2	0	0	0	0	7	5	13	0	0	0	0	0	0	0	0	0	0	0	0	0	0	
STU2	39	0	0	0	0	0	0	0	0	0	0	0	0	0	0	0	0	0	0	0	0	0	0	0	0	0	0	0	0	0	
STU2	40	0	0	0	0	0	0	0	0	0	0	0	0	0	0	0	0	0	0	0	0	0	0	0	0	0	0	0	0	0	
STU2	41	0	0	0	0	0	0	0	0	0	0	0	0	0	0	0	0	0	0	0	0	0	0	0	0	0	0	0	0	0	
STU2	42	0	0	0	0	0	0	0	0	0	0	0	0	0	0	0	0	0	0	0	0	0	0	0	0	0	0	0	0	0	
STU2	43	0	0	0	0	0	0	0	0	0	0	0	0	0	0	0	0	0	0	0	0	0	0	0	0	0	0	0	0	0	
STU2	44	0	0	0	0	0	0	0	0	0	0	0	0	0	0	0	0	0	0	0	0	0	0	0	0	0	0	0	0	0	
STU2	45	0	0	0	0	0	0	0	0	0	0	0	0	0	0	0	0	0	0	0	0	0	0	0	0	0	0	0	0	0	
STU2	46	0	0	0	0	0	0	0	0	0	0	0	0	0	0	0	0	0	0	0	0	0	0	0	0	0	0	0	0	0	
STU2	47	0	0	0	0	0	0	0	0	0	0	0	0	0	0	0	0	0	0	0	0	0	0	0	0	0	0	0	0	0	
STU2	48	0	0	0	0	0	0	0	0	0	0	0	0	0	0	0	0	0	0	0	0	0	0	0	0	0	0	0	0	0	
STU2	49	0	0	0	0	0	0	0	0	0	0	0	0	0	0	0	0	0	0	0	0	0	0	0	0	0	0	0	0	0	
STU2	50	0	0	0	0	0	0	0	0	0	0	0	0	0	0	0	0	0	0	0	0	0	0	0	0	0	0	0	0	0	
STU2	51	0	0	0	0	0	0	0	0	0	0	0	0	0	0	0	0	0	0	0	0	0	0	0	0	0	0	0	0	0	
STU2	52	0	0	0	0	0	0	0	0	0	0	0	0	0	0	0	0	0	0	0	0	0	0	0	0	0	0	0	0	0	
STU2	53	0	0	0	0	0	0	0	0	0	0	0	0	0	0	0	0	0	0	0	0	0	0	0	0	0	0	0	0	0	
STU2	54	0	0	0	0	0	0	0	0	0	0	0	0	0	0	0	0	0	0	0	0	0	0	0	0	0	0	0	0	0	
STU2	55	0	0	0	0	0	0	0	0	0	0	0	0	0	0	0	0	0	0	0	0	0	0	0	0	0	0	0	0	0	
STU2	56	0	0	0	0	0	0	0	0	0	0	0	0	0	0	0	0	0	0	0	0	0	0	0	0	0	0	0	0	0	
STU2	57	0	0	0	0	0	0	0	0	0	0	0	0	0	0	0	0	0	0	0	0	0	0	0	0	0	0	0	0	0	
STU2	58	0	0	0	0	0	0	0	0	0	0	0	0	0	0	0	0	0	0	0	0	0	0	0	0	0	0	0	0	0	
STU2	59	0	0	0	0	0	0	0	0	0	0	0	0	0	0	0	0	0	0	0	0	0	0	0	0	0	0	0	0	0	
STU2	60	0	0	0	0	0	0	0	0	0	0	0	0	0	0	0	0	0	0	0	0	0	0	0	0	0	0	0	0	0	
STU2	61	0	0	0	0	0	0	0	0	0	0	0	0	0	0	0	0	0	0	0	0	0	0	0	0	0	0	0	0	0	
STU2	62	0	0	0	0	0	0	0	0	0	0	0	0	0	0	0	0	0	0	0	0	0	0	0	0	0	0	0	0	0	
STU2	63	0	0	0	0	0	0	0	0	0	0	0	0	0	0	0	0	0	0	0	0	0	0	0	0	0	0	0	0	0	
STU2	64	0	0	0	0	0	0	0	0	0	0	0	0	0	0	0	0	0	0	0	0	0	0	0	0	0	0	0	0	0	
STU2	65	0	0	0	0	0	0	0	0	0	0	0	0	0	0	0	0	0	0	0	0	0	0	0	0	0	0	0	0	0	
STU2	66	0	0	0	0	0	0	0	0	0	0	0	0	0	0	0	0	0	0	0	0	0	0	0	0	0	0	0	0	0	
STU2	67	0	0	0	0	0	0	0	0	0	0	0	0	0	0	0	0	0	0	0	0	0	0	0	0	0	0	0	0	0	
STU2	68	0	0	0	0	0	0	0	0	0	0	0	0	0	0	0	0	0	0	0	0	0	0	0	0	0	0	0	0	0	
STU2	69	0	0	0	0	0	0	0	0	0	0	0	0	0	0	0	0	0	0	0	0	0	0	0	0	0	0	0	0	0	
STU2	70	0	0	0	0	0	0	0	0	0	0	0	0	0	0	0	0	0	0	0	0	0	0	0	0	0	0	0	0	0	
STU2	71	0	0	0	0	0	0	0	0	0	0	0	0	0	0	0	0	0	0	0	0	0	0	0	0	0	0	0	0	0	
STU2	72	0	0	0	0	0	0	0	0	0	0	0	0	0	0	0	0	0	0	0	0	0	0	0	0	0	0	0	0	0	
STU2	73	0	0	0	0	0	0	0	0	0	0	0	0	0	0	0	0	0	0	0	0	0	0	0	0	0	0	0	0	0	
STU2	74	0	0	0	0	0	0	0	0	0	0	0	0	0	0	0	0	0	0	0	0	0	0	0	0	0	0	0	0	0	
STU2	75	0	0	0	0	0	0	0	0	0	0	0	0	0	0	0	0	0	0	0	0	0	0	0	0	0	0	0	0	0	
STU2	76	0	0	0	0	0	0	0	0	0	0	0	0	0	0	0	0	0	0	0	0	0	0	0	0	0	0	0	0	0	
STU2	77	0	0	0	0	0	0	0	0	0	0	0	0	0	0	0	0	0	0	0	0	0	0	0	0	0	0	0	0	0	
STU2	78	0	0	0	0	0	0	0	0	0	0	0	0	0	0	0	0	0	0	0	0	0	0	0	0	0	0	0	0	0	
STU2	79	0	0	0	0	0	0	0	0	0	0	0	0	0	0	0	0	0	0	0	0	0	0	0	0	0	0	0	0	0	
STU2	80	0	0	0	0	0	0	0	0	0	0	0	0	0	0	0	0	0	0	0	0	0	0	0	0	0	0	0	0	0	
STU2	81	0	0	0	0	0	0	0	0	0	0	0	0	0	0	0	0	0	0	0	0	0	0	0	0	0	0	0	0	0	
STU2	82	0	0	0	0	0	0	0	0	0	0	0	0	0	0	0	0	0	0	0	0	0	0	0	0	0	0	0	0	0	
STU2	83	0	0	0	0	0	0	0	0	0	0	0	0	0	0	0	0	0	0	0	0	0	0	0	0	0	0	0	0	0	
STU2	84	0	0	0	0	0	0	0	0	0	0	0	0	0	0	0	0	0	0	0	0	0	0	0	0	0	0	0	0	0	
STU2	85	0	0	0	0	0	0	0	0	0	0	0	0	0	0	0	0	0	0	0	0	0	0	0	0	0	0	0	0	0	
STU2	86	0	0	0	0	0	0	0	0	0	0	0	0	0	0	0	0	0	0	0	0	0	0	0	0	0	0	0	0	0	
STU2	87	0	0	0	0	0	0	0	0	0	0	0	0	0	0	0	0	0	0	0	0	0	0	0	0	0	0	0	0	0	
STU2	88	0	0	0	0	0	0	0	0	0	0	0	0	0	0	0	0	0	0	0	0	0	0	0	0	0	0	0	0	0	
STU2	89	0	0	0	0	0	0	0	0	0	0	0	0	0	0	0	0	0	0	0	0	0	0	0	0	0	0	0	0	0	
STU2	90	0	0	0	0	0	0	0	0	0	0	0	0	0	0	0	0	0	0	0	0	0	0	0	0	0	0	0	0	0	
STU2	91	0	0	0	0	0	0	0	0	0	0	0	0	0	0	0	0	0	0	0	0	0	0	0	0	0	0	0	0	0	
STU2	92	0	0	0	0	0	0	0	0	0	0	0	0	0	0	0	0	0	0	0	0	0	0	0	0	0	0	0	0	0	
STU2	93	0	0	0	0	0	0	2	0	0	0	0	0	2	2	2	0	0	0	0	0	0	0	0	0	4	4	4	4	2	
STU2	94	0	0	0	0	0	0	2	0	0	0	0	0	2	2	2	0	0	0	0	0	0	0	0	0	4	4	4	4	2	
STU2	95	0	0	0	0	0	0	2	0	0	0	0	0	2	2	2	0	0	0	0	0	0	0	0	0	4	4	4	4	2	
STU2	96	0	0	0	0	0	0	2	0	0	0	0	0	2	2	2	0	0	0	0	0	0	0	0	0	4	4	4	4	2	
STU2	97	0	0	0	0	0	0	2	0	0	0	0	0	2	2	2	0	0	0	0	0	0	0	0	0	4	4	4	4	2	
STU2	98	0	0	0	0	0	0	2	0	0	0	0	0	2	2	2	0	0	0	0	0	0	0	0	0	4	4	4	4	2	
STU2	99	0	0	0	0	0	0	2	0	0	0	0	0	2	2	2	0	0	0	0	0	0	0	0	0	4	4	4	4	2	
STU2	100	0	0	0	0	0	0	2	0	0	0	0	0	2	2	2	0	0	0	0	0	0	0	0	0	4	4	4	4	2	
STU2	101	0	0	0	0	0	0	2	0	0	0	0	0	2	2	2	0	0	0	0	0	0	0	0	0	4	4	4	4	2	
STU2	102	0	0	0	0	0	0	2	0	0	0	0	0	2	2	2	0	0	0	0	0	0	0	0	0	4	4	4	4	2	
STU2	103	0	0	0	0	0	0	2	0	0	0	0	0	2	2	2	0	0	0	0	0	0	0	0	0	4	4	4	4	2	
STU2	104	0	0	0	0	0	0	2	0	0	0	0	0	2	2	2	0	0	0	0	0	0	0	0	0	4	4	4	4	2	
STU2	105	0	0	0	0	0	0	2	0	0	0	0	0	2	2	2	0	0	0	0	0	0	0	0	0	4	4	4	4	2	
STU2	106	0	0	0	0	0	0	2	0	0	0	0	0	2	2	2	0	0	0	0	0	0	0	0	0	4	4	4	4	2	
STU2	107	0	0	0	0	0	0	2	0	0	0	0	0	2	2	2	0	0	0	0	0	0	0	0	0	4	4	4	4	2	
STU2	108	0	0	0	0	0	0	2	0	0	0	0	0	2	2	2	0	0	0	0	0	0	0	0	0	4	4	4	4	2	
STU2	109	0	0	0	0	0	0	2	0	0	0	0	0	2	2	2	0	0	0	0	0	0	0	0	0	4	4	4	4	2	
STU2	110	0	0	0	0	0	0	2	0	0	0	0	0	2	2	2	0	0	0	0	0	0	0	0	0	4	4	4	4	2	
STU2	111	0	0	0	0	0	0	2	0	0	0	0	0	2	2	2	0	0	0	0	0	0	0	0	0	0	0	0	0	0	
STU2	112	0	0	0	0	0	0	2	0	0	0	0	0	2	2	2	0	0	0	0	0	0	0	0	0	0	0	0	0	0	
STU2	113	0	0	0	0	0	0	2	0	0	0	0	0	2	2	2	0	0	0	0	0	0	0	0	0	0	0	0	0	0	
STU2	114	0	0	0	0	0	0	2	0	0	0	0	0	2	2	2	0	0	0	0	0	0	0	0	0	0	0	0	0	0	
STU2	115	0	0	0	0	0	0	2	0	0	0	0	0	2	2	2	0	0	0	0	0	0	0	0	0	0	0	0	0	0	
STU2	116	0	0	0	0	0	0	2	0	0	0	0	0	2	2	2	0	0	0	0	0	0	0	0	0	0	0	0	0	0	
STU2	117	0	0	0	0	0	0	0	0	0	0	0	0	0	0	0	0	0	0	0	0	0	0	0	0	0	0	0	0	0	
STU2	118	0	0	0	0	0	0	0	0	0	0	0	0	0	0	0	0	0	0	0	0	0	0	0	0	0	0	0	0	0	
STU2	119	0	0	0	0	0	0	0	0	0	0	0	0	0	0	0	0	0	0	0	0	0	0	0	0	0	0	0	0	0	
STU2	120	0	0	0	0	0	0	0	0	0	0	0	0	0	0	0	0	0	0	0	0	0	0	0	0	0	0	0	0	0	
STU2	121	0	0	0	0	0	0	0	0	0	0	0	0	0	0	0	0	0	0	0	0	0	0	0	0	0	0	0	0	0	
STU2	122	0	0	0	0	0	0	0	0	0	0	0	0	0	0	0	0	0	0	0	0	0	0	0	0	0	0	0	0	0	
STU2	123	0	0	0	0	0	0	0	0	0	0	0	0	0	0	0	0	0	0	0	0	0	0	0	0	0	0	0	0	0	
STU2	124	0	0	0	0	0	0	0	0	0	0	0	0	0	0	0	0	0	0	0	0	0	0	0	0	0	0	0	0	0	
STU2	125	0	0	0	0	0	0	0	0	0	0	0	0	0	0	0	0	0	0	0	0	0	0	0	0	0	0	0	0	0	
STU2	126	0	0	0	0	0	0	0	0	0	0	0	0	0	0	0	0	0	0	0	0	0	0	0	0	0	0	0	0	0	
STU2	127	0	0	0	0	0	0	0	0	0	0	0	0	0	0	0	0	0	0	0	0	0	0	0	0	0	0	0	0	0	
STU2	128	0	0	0	0	0	0	0	0	0	0	0	0	0	0	0	0	0	0	0	0	0	0	0	0	0	0	0	0	0	
STU2	129	0	0	0	0	0	0	0	0	0	0	0	0	0	0	0	0	0	0	0	0	0	0	0	0	0	0	0	0	0	
STU2	130	0	0	0	0	0	0	0	0	0	0	0	0	0	0	0	0	0	0	0	0	0	0	0	0	0	0	0	0	0	
STU2	131	0	0	0	0	0	0	0	0	0	0	0	0	0	0	0	0	0	0	0	0	0	0	0	0	0	0	0	0	0	
STU2	132	0	0	0	0	0	0	0	0	0	0	0	0	0	0	0	0	0	0	0	0	0	0	0	0	0	0	0	0	0	
STU2	133	0	0	0	0	0	0	0	0	0	0	0	0	0	0	0	0	0	0	0	0	0	0	0	0	0	0	0	0	0	
STU2	134	0	0	0	0	0	0	0	0	0	0	0	0	0	0	0	0	0	0	0	0	0	0	0	0	0	0	0	0	0	
STU2	135	0	0	0	0	0	0	0	0	0	0	0	0	0	0	0	0	0	0	0	0	0	0	0	0	0	0	0	0	0	
STU2	136	0	0	0	0	0	0	0	0	0	0	0	0	0	0	0	0	0	0	0	0	0	0	0	0	0	0	0	0	0	
STU2	137	0	0	0	0	0	0	0	0	0	0	0	0	0	0	0	0	0	0	0	0	0	0	0	0	0	0	0	0	0	
STU2	138	0	0	0	0	0	0	0	0	0	0	0	0	0	0	0	0	0	0	0	0	0	0	0	0	0	0	0	0	0	
STU2	139	0	0	0	0	0	0	0	0	0	0	0	0	0	0	0	0	0	0	0	0	0	0	0	0	0	0	0	0	0	
STU2	140	0	0	0	0	0	0	0	0	0	0	0	0	0	0	0	0	0	0	0	0	0	0	0	0	0	0	0	0	0	
STU2	141	0	0	0	0	0	0	0	0	0	0	0	0	0	0	0	0	0	0	0	0	0	0	0	0	0	0	0	0	0	
STU2	142	0	0	0	0	0	0	0	0	0	0	0	0	0	0	0	0	0	0	0	0	0	0	0	0	0	0	0	0	0	
STU2	143	0	0	0	0	0	0	0	0	0	0	0	0	0	0	0	0	0	0	0	0	0	0	0	0	0	0	0	0	0	
STU2	144	0	0	0	0	0	0	0	0	0	0	0	0	0	0	0	0	0	0	0	0	0	0	0	0	0	0	0	0	0	
STU2	145	0	0	0	0	0	0	0	0	0	0	0	0	0	0	0	0	0	0	0	0	0	0	0	0	0	0	0	0	0	
STU2	146	0	0	0	0	0	0	0	0	0	0	0	0	0	0	0	0	0	0	0	0	0	0	0	0	0	0	0	0	0	
STU2	147	0	0	0	0	0	0	0	0	0	0	0	0	0	0	0	0	0	0	0	0	0	0	0	0	0	0	0	0	0	
STU2	148	0	0	0	0	0	0	0	0	0	0	0	0	0	0	0	0	0	0	0	0	0	0	0	0	0	0	0	0	0	
STU2	149	0	0	0	0	0	0	0	0	0	0	0	0	0	0	0	0	0	0	0	0	0	0	0	0	0	0	0	0	0	
STU2	150	0	0	0	0	0	0	0	0	0	0	0	0	0	0	0	0	0	0	0	0	0	0	0	0	0	0	0	0	0	
STU2	151	0	0	0	0	0	0	0	0	0	0	0	0	0	0	0	0	0	0	0	0	0	0	0	0	0	0	0	0	0	
STU2	152	0	0	0	0	0	0	0	0	0	0	0	0	0	0	0	0	0	0	0	0	0	0	0	0	0	0	0	0	0	
STU2	153	0	0	0	0	0	0	0	0	0	0	0	0	0	0	0	0	0	0	0	0	0	0	0	0	0	0	0	0	0	
STU2	154	0	0	0	0	0	0	0	0	0	0	0	0	0	0	0	0	0	0	0	0	0	0	0	0	0	0	0	0	0	
STU2	155	0	0	0	0	0	0	0	0	0	0	0	0	0	0	0	0	0	0	0	0	0	0	0	0	0	0	0	0	0	
STU2	156	0	0	0	0	0	0	0	0	0	0	0	0	0	0	0	0	0	0	0	0	0	0	0	0	0	0	0	0	0	
STU2	157	0	0	0	0	0	0	0	0	0	0	0	0	0	0	0	0	0	0	0	0	0	0	0	0	0	0	0	0	0	
STU2	158	0	0	0	0	0	0	0	0	0	0	0	0	0	0	0	0	0	0	0	0	0	0	0	0	0	0	0	0	0	
STU2	159	0	0	0	0	0	0	0	0	0	0	0	0	0	0	0	0	0	0	0	0	0	0	0	0	0	0	0	0	0	
STU2	160	0	0	0	0	0	0	0	0	0	0	0	0	0	0	0	0	0	0	0	0	0	0	0	0	0	0	0	0	0	
STU2	161	0	0	0	0	0	0	0	0	0	0	0	0	0	0	0	0	0	0	0	0	0	0	0	0	0	0	0	0	0	
STU2	162	0	0	0	0	0	0	0	0	0	0	0	0	0	0	0	0	0	0	0	0	0	0	0	0	0	0	0	0	0	
STU2	163	0	0	0	0	0	0	0	0	0	0	0	0	0	0	0	0	0	0	0	0	0	0	0	0	0	0	0	0	0	
STU2	164	0	0	0	0	0	0	0	0	0	0	0	0	0	0	0	0	0	0	0	0	0	0	0	0	0	0	0	0	0	
STU2	165	0	0	0	0	0	0	0	0	0	0	0	0	0	0	0	0	0	0	0	0	0	0	0	0	0	0	0	0	0	
STU2	166	0	0	0	0	0	0	0	0	0	0	0	0	0	0	0	0	0	0	0	0	0	0	0	0	0	0	0	0	0	
STU2	167	0	0	0	0	0	0	0	0	0	0	0	0	0	0	0	0	0	0	0	0	0	0	0	0	0	0	0	0	0	
STU2	168	0	0	0	0	0	0	0	0	0	0	0	0	0	0	0	0	0	0	0	0	0	0	0	0	0	0	0	0	0	
STU2	169	0	0	0	0	0	0	0	0	0	0	0	0	0	0	0	0	0	0	0	0	0	0	0	0	0	0	0	0	0	
STU2	170	0	0	0	0	0	0	0	0	0	0	0	0	0	0	0	0	0	0	0	0	0	0	0	0	0	0	0	0	0	
STU2	171	0	0	0	0	0	0	0	0	0	0	0	0	0	0	0	0	0	0	0	0	0	0	0	0	0	0	0	0	0	
STU2	172	0	0	0	0	0	0	0	0	0	0	0	0	0	0	0	0	0	0	0	0	0	0	0	0	0	0	0	0	0	
STU2	173	0	0	0	0	0	0	0	0	0	0	0	0	0	0	0	0	0	0	0	0	0	0	0	0	0	0	0	0	0	
STU2	174	0	0	0	0	0	0	0	0	0	0	0	0	0	0	0	0	0	0	0	0	0	0	0	0	0	0	0	0	0	
STU2	175	0	0	0	0	0	0	0	0	0	0	0	0	0	0	0	0	0	0	0	0	0	0	0	0	0	0	0	0	0	
STU2	176	0	0	0	0	0	0	0	0	0	0	0	0	0	0	0	0	0	0	0	0	0	0	0	0	0	0	0	0	0	
STU2	177	0	0	0	0	0	0	0	0	0	0	0	0	0	0	0	0	0	0	0	0	0	0	0	0	0	0	0	0	0	
STU2	178	0	0	0	0	0	0	0	0	0	0	0	0	0	0	0	0	0	0	0	0	0	0	0	0	0	0	0	0	0	
STU2	179	0	0	0	0	0	0	0	0	0	0	0	0	0	0	0	0	0	0	0	0	0	0	0	0	0	0	0	0	0	
STU2	180	0	0	0	0	0	0	0	0	0	0	0	0	0	0	0	0	0	0	0	0	0	0	0	0	0	0	0	0	0	
STU2	181	0	0	0	0	0	0	0	0	0	0	0	0	0	0	0	0	0	0	0	0	0	0	0	0	0	0	0	0	0	
STU2	182	0	0	0	0	0	0	0	0	0	0	0	0	0	0	0	0	0	0	0	0	0	0	0	0	0	0	0	0	0	
STU2	183	0	0	0	0	0	0	0	0	0	0	0	0	0	0	0	0	0	0	0	0	0	0	0	0	0	0	0	0	0	
STU2	184	0	0	0	0	0	0	0	0	0	0	0	0	0	0	0	0	0	0	0	0	0	0	0	0	0	0	0	0	0	
STU2	185	0	0	0	0	0	0	0	0	0	0	0	0	0	0	0	0	0	0	0	0	0	0	0	0	0	0	0	0	0	
STU2	186	0	0	0	0	0	0	0	0	0	0	0	0	0	0	0	0	0	0	0	0	0	0	0	0	0	0	0	0	0	
STU2	187	0	0	0	0	0	0	0	0	0	0	0	0	0	0	0	0	0	0	0	0	0	0	0	0	0	0	0	0	0	
STU2	188	0	0	0	0	0	0	0	0	0	0	0	0	0	0	0	0	0	0	0	0	0	0	0	0	0	0	0	0	0	
STU2	189	0	0	0	0	0	0	0	0	0	0	0	0	0	0	0	0	0	0	0	0	0	0	0	0	0	0	0	0	0	
STU2	190	0	0	0	0	0	0	0	0	0	0	0	0	0	0	0	0	0	0	0	0	0	0	0	0	0	0	0	0	0	
STU2	191	0	0	0	0	0	0	0	0	0	0	0	0	0	0	0	0	0	0	0	0	0	0	0	0	0	0	0	0	0	
STU2	192	0	0	0	0	0	0	0	0	0	0	0	0	0	0	0	0	0	0	0	0	0	0	0	0	0	0	0	0	0	
STU2	193	0	0	0	0	0	0	0	0	0	0	0	0	0	0	0	0	0	0	0	0	0	0	0	0	0	0	0	0	0	
STU2	194	0	0	0	0	0	0	0	0	0	0	0	0	0	0	0	0	0	0	0	0	0	0	0	0	0	0	0	0	0	
STU2	195	0	0	0	0	0	0	0	0	0	0	0	0	0	0	0	0	0	0	0	0	0	0	0	0	0	0	0	0	0	
STU2	196	0	0	0	0	0	0	0	0	0	0	0	0	0	0	0	0	0	0	0	0	0	0	0	0	0	0	0	0	0	
STU2	197	0	0	0	0	0	0	0	0	0	0	0	0	0	0	0	0	0	0	0	0	0	0	0	0	0	0	0	0	0	
STU2	198	0	0	0	0	0	0	0	0	0	0	0	0	0	0	0	0	0	0	0	0	0	0	0	0	0	0	0	0	0	
STU2	199	0	0	0	0	0	0	0	0	0	0	0	0	0	0	0	0	0	0	0	0	0	0	0	0	0	0	0	0	0	
STU2	200	0	0	0	0	0	0	0	0	0	0	0	0	0	0	0	0	0	0	0	0	0	0	0	0	0	0	0	0	0	
STU2	201	0	0	0	0	0	0	0	0	0	0	0	0	0	0	0	0	0	0	0	0	0	0	0	0	2	2	0	2	0	
STU2	202	0	0	0	0	0	0	0	0	0	0	0	0	0	0	0	0	0	0	0	0	0	0	0	0	2	2	0	2	0	
STU2	203	0	0	0	0	0	0	0	0	0	0	0	0	0	0	0	0	0	0	0	0	0	0	0	0	2	2	0	2	0	
STU2	204	0	0	0	0	0	0	0	0	0	0	0	0	0	0	0	0	0	0	0	0	0	0	0	0	2	2	0	2	0	
STU2	205	0	0	0	0	0	0	0	0	0	0	0	0	0	0	0	0	0	0	0	0	0	0	0	0	2	2	0	2	0	
STU2	206	0	0	0	0	0	0	0	0	0	0	0	0	0	0	0	0	0	0	0	0	0	0	0	0	2	2	0	2	0	
STU2	207	0	0	0	0	0	0	0	0	0	0	0	0	0	0	0	0	0	0	0	0	0	0	0	0	2	2	0	2	0	
STU2	208	0	0	0	0	0	0	0	0	0	0	0	0	0	0	0	0	0	0	0	0	0	0	0	0	2	2	0	2	0	
STU2	209	0	0	0	0	0	0	0	0	0	0	0	0	0	0	0	0	0	0	0	0	0	0	0	0	2	2	0	2	0	
STU2	210	0	0	0	0	0	0	0	0	0	0	0	0	0	0	0	0	0	0	0	0	0	0	0	0	2	2	0	2	0	
STU2	211	0	0	0	0	0	0	0	0	0	0	0	0	0	0	0	0	0	0	0	0	0	0	0	0	2	2	0	2	0	
STU2	212	0	0	0	0	0	0	0	0	0	0	0	0	0	0	0	0	0	0	0	0	0	0	0	0	2	2	0	2	0	
STU2	213	0	0	0	0	0	0	0	0	0	0	0	0	2	0	2	0	0	0	0	0	0	0	0	0	4	3	2	5	2	
STU2	214	0	0	0	0	0	0	0	0	0	0	0	0	2	0	2	0	0	0	0	0	0	0	0	0	4	3	2	5	2	
STU2	215	0	0	0	0	0	0	0	0	0	0	0	0	2	0	2	0	0	0	0	0	0	0	0	0	4	3	2	5	2	
STU2	216	0	0	0	0	0	0	0	0	0	0	0	0	2	0	2	0	0	0	0	0	0	0	0	0	4	3	2	5	2	
STU2	217	0	0	0	0	0	0	0	0	0	0	0	0	2	0	2	0	0	0	0	0	0	0	0	0	4	3	2	5	2	
STU2	218	0	0	0	0	0	0	0	0	0	0	0	0	2	0	2	0	0	0	0	0	0	0	0	0	4	3	2	5	2	
STU2	219	0	0	0	0	0	0	0	0	0	0	0	0	2	0	2	0	0	0	0	0	0	0	0	0	4	3	2	5	2	
STU2	220	0	0	0	0	0	0	0	0	0	0	0	0	2	0	2	0	0	0	0	0	0	0	0	0	4	3	2	5	2	
STU2	221	0	0	0	0	0	0	0	0	0	0	0	0	2	0	2	0	0	0	0	0	0	0	0	0	4	3	2	5	2	
STU2	222	0	0	0	0	0	0	0	0	0	0	0	0	2	0	2	0	0	0	0	0	0	0	0	0	4	3	2	5	2	
STU2	223	0	0	0	0	0	0	0	0	0	0	0	0	2	0	2	0	0	0	0	0	0	0	0	0	4	3	2	5	2	
STU2	224	0	0	0	0	0	0	0	0	0	0	0	0	2	0	2	0	0	0	0	0	0	0	0	0	4	3	2	5	2	
STU2	225	0	0	0	0	0	0	0	0	0	0	0	0	2	0	2	0	0	0	0	0	0	0	0	0	4	3	2	5	2	
STU2	226	0	0	0	0	0	0	0	0	0	0	0	0	2	0	2	0	0	0	0	0	0	0	0	0	4	3	2	5	2	
STU2	227	0	0	0	0	0	0	0	0	0	0	0	0	2	0	2	0	0	0	0	0	0	0	0	0	4	3	2	5	2	
STU2	228	0	0	0	0	0	0	0	0	0	0	0	0	0	0	0	0	0	0	0	0	0	0	0	0	2	0	2	3	0	
STU2	229	0	0	0	0	0	0	2	2	0	0	3	0	3	2	3	0	0	0	0	0	0	0	0	0	0	0	0	0	0	
STU2	230	0	0	0	0	0	0	2	2	0	0	3	0	3	2	3	0	0	0	0	0	0	0	0	0	0	0	0	0	0	
STU2	231	0	0	0	0	0	0	2	2	0	0	3	0	3	2	3	0	0	0	0	0	0	0	0	0	0	0	0	0	0	
STU2	232	0	0	0	0	0	0	2	2	0	0	3	0	3	2	3	0	0	0	0	0	0	0	0	0	0	0	0	0	0	
STU2	233	0	0	0	0	0	0	2	2	0	0	3	0	3	2	3	0	0	0	0	0	0	0	0	0	0	0	0	0	0	
STU2	234	0	0	0	0	0	0	2	2	0	0	3	0	3	2	3	0	0	0	0	0	0	0	0	0	0	0	0	0	0	
STU2	235	0	0	0	0	0	0	2	2	0	0	3	0	3	2	3	0	0	0	0	0	0	0	0	0	0	0	0	0	0	
STU2	236	0	0	0	0	0	0	2	2	0	0	3	0	3	2	3	0	0	0	0	0	0	0	0	0	0	0	0	0	0	
STU2	237	0	0	0	0	0	0	2	2	0	0	3	0	3	2	3	0	0	0	0	0	0	0	0	0	0	0	0	0	0	
STU2	238	0	0	0	0	0	0	2	2	0	0	3	0	3	2	3	0	0	0	0	0	0	0	0	0	0	0	0	0	0	
STU2	239	0	0	0	0	0	0	2	2	0	0	3	0	3	2	3	0	0	0	0	0	0	0	0	0	0	0	0	0	0	
STU2	240	0	0	0	0	0	0	2	2	0	0	3	0	3	4	3	0	0	0	0	0	0	0	0	0	0	0	0	0	0	
STU2	241	0	0	0	0	0	0	2	2	0	0	3	0	3	4	3	0	0	0	0	0	0	0	0	0	0	0	0	0	0	
STU2	242	0	0	0	0	0	0	2	2	0	0	3	0	3	4	3	0	0	0	0	0	0	0	0	0	0	0	0	0	0	
STU2	243	0	0	0	0	0	0	2	2	0	0	3	0	3	4	3	0	0	0	0	0	0	0	0	0	0	0	0	0	0	
STU2	244	0	0	0	0	0	0	0	0	0	0	0	0	0	2	0	0	2	0	0	0	0	0	0	0	0	0	0	0	0	
STU2	245	0	0	0	0	0	0	0	0	0	0	0	0	0	2	0	0	2	0	0	0	0	0	0	0	0	0	0	0	0	
STU2	246	0	0	0	0	0	0	0	0	0	0	0	0	0	2	0	0	2	0	0	0	0	0	0	0	0	0	0	0	0	
STU2	247	0	0	0	0	0	0	0	0	0	0	0	0	0	2	0	0	2	0	0	0	0	0	0	0	0	0	0	0	0	
STU2	248	0	0	0	0	0	0	0	0	0	0	0	0	0	2	0	0	2	0	0	0	0	0	0	0	0	0	0	0	0	
STU2	249	0	0	0	0	0	0	0	0	0	0	0	0	0	2	0	0	2	0	0	0	0	0	0	0	0	0	0	0	0	
STU2	250	0	0	0	0	0	0	0	0	0	0	0	0	0	2	0	0	2	0	0	0	0	0	0	0	0	0	0	0	0	
STU2	251	0	0	0	0	0	0	0	0	0	0	0	0	0	2	0	0	2	0	0	0	0	0	0	0	0	0	0	0	0	
STU2	252	0	0	0	0	0	0	0	0	0	0	0	0	0	2	0	0	2	0	0	0	0	0	0	0	0	0	0	0	0	
STU2	253	0	0	0	0	0	0	12	26	0	9	12	2	51	65	51	0	2	6	2	5	0	0	0	0	2	2	2	0	0	
STU2	254	0	0	0	0	0	0	12	26	0	9	12	2	51	65	51	0	2	6	2	5	0	0	0	0	2	2	2	0	0	
STU2	255	0	0	0	0	0	0	12	26	0	9	12	2	51	65	51	0	2	6	2	5	0	0	0	0	2	2	2	0	0	
STU2	256	0	0	0	0	0	0	12	26	0	9	12	2	51	65	51	0	2	6	2	5	0	0	0	0	2	2	2	0	0	
STU2	257	0	0	0	0	0	0	12	26	0	9	12	2	51	65	51	0	2	6	2	5	0	0	0	0	2	2	2	0	0	
STU2	258	0	0	0	0	0	0	12	26	0	9	12	2	51	65	51	0	2	6	2	5	0	0	0	0	2	2	2	0	0	
STU2	259	0	0	0	0	0	0	12	26	0	9	12	2	51	65	51	0	2	6	2	5	0	0	0	0	2	2	2	0	0	
STU2	260	0	0	0	0	0	0	12	26	0	9	12	2	47	63	51	0	2	6	2	5	0	0	0	0	0	0	0	0	0	
STU2	261	0	0	0	0	0	0	4	3	0	5	4	0	5	21	3	0	0	2	0	0	0	0	0	0	0	0	0	0	0	
STU2	262	0	0	0	0	0	0	4	3	0	5	4	0	5	21	3	0	0	2	0	0	0	0	0	0	0	0	0	0	0	
STU2	263	0	0	0	0	0	0	4	3	0	5	4	0	5	21	3	0	0	2	0	0	0	0	0	0	0	0	0	0	0	
STU2	264	0	0	0	0	0	0	4	3	0	5	4	0	5	21	3	0	0	2	0	0	0	0	0	0	0	0	0	0	0	
STU2	265	0	0	0	0	0	0	0	0	0	0	0	0	0	0	0	0	0	0	0	0	0	0	0	0	0	0	0	0	0	
STU2	266	0	0	0	0	0	0	0	0	0	0	0	0	0	0	0	0	0	0	0	0	0	0	0	0	0	0	0	0	0	
STU2	267	0	0	0	0	0	0	0	0	0	0	0	0	0	0	0	0	0	0	0	0	0	0	0	0	0	0	0	0	0	
STU2	268	0	0	0	0	0	0	0	0	0	0	0	0	0	0	0	0	0	0	0	0	0	0	0	0	0	0	0	0	0	
STU2	269	0	0	0	0	0	0	0	0	0	0	0	0	0	0	0	0	0	0	0	0	0	0	0	0	0	0	0	0	0	
STU2	270	0	0	0	0	0	0	0	0	0	0	0	0	0	0	0	0	0	0	0	0	0	0	0	0	0	0	0	0	0	
STU2	271	0	0	0	0	0	0	0	0	0	0	0	0	0	0	0	0	0	0	0	0	0	0	0	0	0	0	0	0	0	
STU2	272	0	0	0	0	0	0	0	0	0	0	0	0	0	0	0	0	0	0	0	0	0	0	0	0	0	0	0	0	0	
STU2	273	0	0	0	0	0	0	0	0	0	0	0	0	0	0	0	0	0	0	0	0	0	0	0	0	0	0	0	0	0	
STU2	274	0	0	0	0	0	0	0	0	0	0	0	0	0	0	0	0	0	0	0	0	0	0	0	0	0	0	0	0	0	
STU2	275	0	0	0	0	0	0	0	0	0	0	0	0	0	0	0	0	0	0	0	0	0	0	0	0	0	0	0	0	0	
STU2	276	0	0	0	0	0	0	0	2	0	0	0	0	4	0	10	0	0	0	6	0	0	0	0	0	0	0	0	0	0	
STU2	277	0	0	0	0	0	0	0	2	0	0	0	0	21	4	40	0	0	0	13	0	2	0	3	0	2	0	0	0	0	
STU2	278	0	0	0	0	0	0	0	2	0	0	0	0	21	4	40	0	0	0	13	0	2	0	3	0	2	0	0	0	0	
STU2	279	0	0	0	0	0	0	0	2	0	0	0	0	21	4	40	0	0	0	13	0	2	0	3	0	2	0	0	0	0	
STU2	280	0	0	0	0	0	0	0	2	0	0	0	0	21	4	40	0	0	0	13	0	2	0	3	0	2	0	0	0	0	
STU2	281	0	0	0	0	0	0	0	2	0	0	0	0	21	4	40	0	0	0	13	0	2	0	3	0	2	0	0	0	0	
STU2	282	0	0	0	0	0	0	0	2	0	0	0	0	21	4	40	0	0	0	13	0	2	0	3	0	2	0	0	0	0	
STU2	283	0	0	0	0	0	0	0	2	0	0	0	0	21	4	40	0	0	0	13	0	2	0	3	0	2	0	0	0	0	
STU2	284	0	0	0	0	0	0	0	2	0	0	0	0	21	4	40	0	0	0	13	0	2	0	3	0	2	0	0	0	0	
STU2	285	0	0	0	0	0	0	0	2	0	0	0	0	21	4	40	0	0	0	13	0	2	0	3	0	2	0	0	0	0	
STU2	286	0	0	0	0	0	0	0	2	0	0	0	0	21	4	40	0	0	0	13	0	2	0	3	0	2	0	0	0	0	
STU2	287	0	0	0	0	0	0	0	2	0	0	0	0	21	4	40	0	0	0	13	0	2	0	3	0	2	0	0	0	0	
STU2	288	0	0	0	0	0	0	0	2	0	0	0	0	21	4	40	0	0	0	13	0	2	0	3	0	2	0	0	0	0	
STU2	289	0	0	0	0	0	0	0	2	0	0	0	0	21	4	40	0	0	0	13	0	2	0	3	0	2	0	0	0	0	
STU2	290	0	0	0	0	0	0	0	2	0	0	0	0	21	4	40	0	0	0	13	0	2	0	3	0	2	0	0	0	0	
STU2	291	0	0	0	0	0	0	0	0	0	0	0	0	19	2	35	0	0	0	13	0	2	0	3	0	0	0	0	0	0	
STU2	292	0	0	0	0	0	0	0	0	0	0	0	0	19	2	35	0	0	0	13	0	2	0	3	0	0	0	0	0	0	
STU2	293	0	0	0	0	0	0	0	0	0	0	0	0	19	2	35	0	0	0	13	0	2	0	3	0	0	0	0	0	0	
STU2	294	0	0	0	0	0	0	0	0	0	0	0	0	19	2	35	0	0	0	13	0	2	0	3	0	0	0	0	0	0	
STU2	295	0	0	0	0	0	0	0	0	0	0	0	0	19	2	35	0	0	0	13	0	2	0	3	0	0	0	0	0	0	
STU2	296	0	0	0	0	0	0	0	0	0	0	0	0	19	2	35	0	0	0	13	0	2	0	3	0	0	0	0	0	0	
STU2	297	0	0	0	0	0	0	0	0	0	0	0	0	19	2	35	0	0	0	13	0	2	0	3	0	0	0	0	0	0	
STU2	298	0	0	0	0	0	0	0	0	0	0	0	0	19	2	35	0	0	0	13	0	2	0	3	0	0	0	0	0	0	
STU2	299	0	0	0	0	0	0	0	0	0	0	0	0	19	2	35	0	0	0	13	0	2	0	3	0	0	0	0	0	0	
STU2	300	0	0	0	0	0	0	0	0	0	0	0	0	19	2	35	0	0	0	13	0	2	0	3	0	0	0	0	0	0	
STU2	301	0	0	0	0	0	0	0	0	0	0	0	0	19	2	35	0	0	0	13	0	2	0	3	0	0	0	0	0	0	
STU2	302	0	0	0	0	0	0	0	0	0	0	0	0	19	2	35	0	0	0	13	0	2	0	3	0	0	0	0	0	0	
STU2	303	0	0	0	0	0	0	0	0	0	0	0	0	19	2	35	0	0	0	13	0	2	0	3	0	0	0	0	0	0	
STU2	304	0	0	0	0	0	0	0	0	0	0	0	0	19	2	35	0	0	0	13	0	2	0	3	0	0	0	0	0	0	
STU2	305	0	0	0	0	0	0	0	0	0	0	0	0	19	2	35	0	0	0	13	0	2	0	3	0	0	0	0	0	0	
STU2	306	0	0	0	0	0	0	0	0	0	0	0	0	19	2	35	0	0	0	13	0	2	0	3	0	0	0	0	0	0	
STU2	307	0	0	0	0	0	0	0	0	0	0	0	0	0	0	2	0	0	0	22	0	5	0	0	0	4	4	0	0	0	
STU2	308	0	0	0	0	0	0	0	0	0	0	0	0	0	0	2	0	0	0	22	0	5	0	0	0	4	4	0	0	0	
STU2	309	0	0	0	0	0	0	0	0	0	0	0	0	0	0	2	0	0	0	22	0	5	0	0	0	4	4	0	0	0	
STU2	310	0	0	0	0	0	0	0	0	0	0	0	0	0	0	2	0	0	0	22	0	5	0	0	0	4	4	0	0	0	
STU2	311	0	0	0	0	0	0	0	0	0	0	0	0	0	0	2	0	0	0	22	0	5	0	0	0	4	4	0	0	0	
STU2	312	0	0	0	0	0	0	0	0	0	0	0	0	0	0	2	0	0	0	22	0	5	0	0	0	4	4	0	0	0	
STU2	313	0	0	0	0	0	0	0	0	0	0	0	0	0	0	2	0	0	0	22	0	5	0	0	0	4	4	0	0	0	
STU2	314	0	0	0	0	0	0	0	0	0	0	0	0	0	0	2	0	0	0	22	0	5	0	0	0	4	4	0	0	0	
STU2	315	0	0	0	0	0	0	0	0	0	0	0	0	0	0	2	0	0	0	22	0	5	0	0	0	4	4	0	0	0	
STU2	316	0	0	0	0	0	0	0	0	0	0	0	0	0	0	2	0	0	0	22	0	5	0	0	0	4	4	0	0	0	
STU2	317	0	0	0	0	0	0	0	0	0	0	0	0	0	0	2	0	0	0	22	0	5	0	0	0	4	4	0	0	0	
STU2	318	0	0	0	0	0	0	0	0	0	0	0	0	0	0	2	0	0	0	22	0	5	0	0	0	4	4	0	0	0	
STU2	319	0	0	0	0	0	0	0	0	0	0	0	0	0	0	2	0	0	0	22	0	5	0	0	0	4	4	0	0	0	
STU2	320	0	0	0	0	0	0	0	0	0	0	0	0	0	0	2	0	0	0	22	0	5	0	0	0	4	4	0	0	0	
STU2	321	0	0	0	0	0	0	0	0	0	0	0	0	0	0	2	0	0	0	22	0	5	0	0	0	4	4	0	0	0	
STU2	322	0	0	0	0	0	0	0	0	0	0	0	0	0	0	2	0	0	0	22	0	5	0	0	0	4	4	0	0	0	
STU2	323	0	0	0	0	0	0	0	0	0	0	0	0	0	0	2	0	0	0	22	0	5	0	0	0	4	4	0	0	0	
STU2	324	0	0	0	0	0	0	0	0	0	0	0	0	0	0	2	0	0	0	22	0	5	0	0	0	4	4	0	0	0	
STU2	325	0	0	0	0	0	0	0	0	0	0	0	0	0	0	2	0	0	0	22	0	5	0	0	0	4	4	0	0	0	
STU2	326	0	0	0	0	0	0	0	0	0	0	0	0	0	0	2	0	0	0	22	0	5	0	0	0	4	4	0	0	0	
STU2	327	0	0	0	0	0	0	0	0	0	0	0	0	0	0	2	0	0	0	22	0	5	0	0	0	4	4	0	0	0	
STU2	328	0	0	0	0	0	0	0	0	0	0	0	0	0	0	2	0	0	0	15	0	3	0	0	0	2	2	0	0	0	
STU2	329	0	0	0	0	0	0	0	0	0	0	0	0	0	0	2	0	0	0	15	0	3	0	0	0	2	2	0	0	0	
STU2	330	0	0	0	0	0	0	0	0	0	0	0	0	0	0	2	0	0	0	15	0	3	0	0	0	2	2	0	0	0	
STU2	331	0	0	0	0	0	0	0	0	0	0	0	0	0	0	0	0	0	0	0	0	0	0	0	0	0	0	0	0	0	
STU2	332	0	0	0	0	0	0	0	0	0	0	0	0	0	0	0	0	0	0	0	0	0	0	0	0	0	0	0	0	0	
STU2	333	0	0	0	0	0	0	0	0	0	0	0	0	0	0	0	0	0	0	0	0	0	0	0	0	0	0	0	0	0	
STU2	334	0	0	0	0	0	0	0	0	0	0	0	0	0	0	0	0	0	0	0	0	0	0	0	0	0	0	0	0	0	
STU2	335	0	0	0	0	0	0	0	0	0	0	0	0	0	0	0	0	0	0	0	0	0	0	0	0	0	0	0	0	0	
STU2	336	0	0	0	0	0	0	0	0	0	0	0	0	0	0	0	0	0	0	0	0	0	0	0	0	0	0	0	0	0	
STU2	337	0	0	0	0	0	0	0	0	0	0	0	0	0	0	0	0	0	0	0	0	0	0	0	0	0	0	0	0	0	
STU2	338	0	0	0	0	0	0	0	0	0	0	0	0	0	0	0	0	0	0	0	0	0	0	0	0	0	0	0	0	0	
STU2	339	0	0	0	0	0	0	0	0	0	0	0	0	0	0	0	0	0	0	0	0	0	0	0	0	0	0	0	0	0	
STU2	340	0	0	0	0	0	0	0	0	0	0	0	0	0	0	0	0	0	0	0	0	0	0	0	0	0	0	0	0	0	
STU2	341	0	0	0	0	0	0	0	0	0	0	0	0	0	0	0	0	0	0	0	0	0	0	0	0	0	0	0	0	0	
STU2	342	0	0	0	0	0	0	0	0	0	0	0	0	0	0	0	0	0	0	0	0	0	0	0	0	0	0	0	0	0	
STU2	343	0	0	0	0	0	0	0	0	0	0	0	0	0	0	0	0	0	0	0	0	0	0	0	0	0	0	0	0	0	
STU2	344	0	0	0	0	0	0	0	0	0	0	0	0	0	0	0	0	0	0	0	0	0	0	0	0	0	0	0	0	0	
STU2	345	0	0	0	0	0	0	0	0	0	0	0	0	0	0	0	0	0	0	0	0	0	0	0	0	2	0	0	0	0	
STU2	346	0	0	0	0	0	0	0	0	0	0	0	0	0	0	0	0	0	0	0	0	0	0	0	0	2	0	0	0	0	
STU2	347	0	0	0	0	0	0	0	0	0	0	0	0	0	0	0	0	0	0	0	0	0	0	0	0	2	0	0	0	0	
STU2	348	0	0	0	0	0	0	0	0	0	0	0	0	0	0	0	0	0	0	0	0	0	0	0	0	2	0	0	0	0	
STU2	349	0	0	0	0	0	0	0	0	0	0	0	0	0	0	0	0	0	0	0	0	0	0	0	0	2	0	0	0	0	
STU2	350	0	0	0	0	0	0	0	0	0	0	0	0	0	0	0	0	0	0	0	0	0	0	0	0	2	0	0	0	0	
STU2	351	0	0	0	0	0	0	0	0	0	0	0	0	0	0	0	0	0	0	0	0	0	0	0	0	2	0	0	0	0	
STU2	352	0	0	0	0	0	0	0	0	0	0	0	0	0	0	0	0	0	0	0	0	0	0	0	0	2	0	0	0	0	
STU2	353	0	0	0	0	0	0	0	0	0	0	0	0	0	0	0	0	0	0	0	0	0	0	0	0	2	0	0	0	0	
STU2	354	0	0	0	0	0	0	0	0	0	0	0	0	0	0	0	0	0	0	0	0	0	0	0	0	2	0	0	0	0	
STU2	355	0	0	0	0	0	0	0	0	0	0	0	0	0	0	0	0	0	0	0	0	0	0	0	0	2	0	0	0	0	
STU2	356	0	0	0	0	0	0	0	0	0	0	0	0	0	0	0	0	0	0	0	0	0	0	0	0	2	0	0	0	0	
STU2	357	0	0	0	0	0	0	0	0	0	0	0	0	0	0	0	0	0	0	0	0	0	0	0	0	2	0	0	0	0	
STU2	358	0	0	0	0	0	0	0	0	0	0	0	0	0	0	0	0	0	0	0	0	0	0	0	0	2	0	0	0	0	
STU2	359	0	0	0	0	0	0	0	0	0	0	0	0	0	0	0	0	0	0	0	0	0	0	0	0	2	0	0	0	0	
STU2	360	0	0	0	0	0	0	0	0	0	0	0	0	0	0	0	0	0	0	0	0	0	0	0	0	2	0	0	0	0	
STU2	361	0	0	0	0	0	0	0	0	0	0	0	0	0	0	0	0	0	0	0	0	0	0	0	0	0	0	0	0	0	
STU2	362	0	0	0	0	0	0	0	0	0	0	0	0	2	0	2	0	0	0	0	0	0	0	0	0	0	0	0	0	0	
STU2	363	0	0	0	0	0	0	0	0	0	0	0	0	2	0	2	0	0	0	0	0	0	0	0	0	0	0	0	0	0	
STU2	364	0	0	0	0	0	0	0	0	0	0	0	0	4	2	5	0	0	0	0	0	0	0	0	0	2	0	0	2	2	
STU2	365	0	0	0	0	0	0	0	0	0	0	0	0	4	2	5	0	0	0	0	0	0	0	0	0	2	0	0	2	2	
STU2	366	0	0	0	0	0	0	0	0	0	0	0	0	4	2	5	0	0	0	0	0	0	0	0	0	2	0	0	2	2	
STU2	367	0	0	0	0	0	0	0	0	0	0	0	0	4	2	5	0	0	0	0	0	0	0	0	0	2	0	0	2	2	
STU2	368	0	0	0	0	0	0	0	0	0	0	0	0	4	2	5	0	0	0	0	0	0	0	0	0	2	0	0	2	2	
STU2	369	0	0	0	0	0	0	0	0	0	0	0	0	4	2	5	0	0	0	0	0	0	0	0	0	2	0	0	2	2	
STU2	370	0	0	0	0	0	0	0	0	0	0	0	0	4	2	5	0	0	0	0	0	0	0	0	0	2	0	0	2	2	
STU2	371	0	0	0	0	0	0	0	0	0	0	0	0	4	2	5	0	0	0	0	0	0	0	0	0	2	0	0	2	2	
STU2	372	0	0	0	0	0	0	0	0	0	0	0	0	4	2	5	0	0	0	0	0	0	0	0	0	2	0	0	2	2	
STU2	373	0	0	0	0	0	0	0	0	0	0	0	0	4	2	5	0	0	0	0	0	0	0	0	0	2	0	0	2	2	
STU2	374	0	0	0	0	0	0	0	0	0	0	0	0	4	2	5	0	0	0	0	0	0	0	0	0	2	0	0	2	2	
STU2	375	0	0	0	0	0	0	0	0	0	0	0	0	4	2	5	0	0	0	0	0	0	0	0	0	2	0	0	2	2	
STU2	376	0	0	0	0	0	0	0	0	0	0	0	0	4	2	5	0	0	0	0	0	0	0	0	0	2	0	0	2	2	
STU2	377	0	0	0	0	0	0	0	0	0	0	0	0	4	2	5	0	0	0	0	0	0	0	0	0	2	0	0	2	2	
STU2	378	0	0	0	0	0	0	0	0	0	0	0	0	4	2	5	0	0	0	0	0	0	0	0	0	2	0	0	2	2	
STU2	379	0	0	0	0	0	0	0	0	0	0	0	0	4	2	5	0	0	0	0	0	0	0	0	0	2	0	0	2	2	
STU2	380	0	0	0	0	0	0	0	0	0	0	0	0	4	2	5	0	0	0	0	0	0	0	0	0	2	0	0	2	2	
STU2	381	0	0	0	0	0	0	0	0	0	0	0	0	4	2	5	0	0	0	0	0	0	0	0	0	2	0	0	2	2	
STU2	382	0	0	0	0	0	0	0	0	0	0	0	0	4	2	5	0	0	0	0	0	0	0	0	0	2	0	0	2	2	
STU2	383	0	0	0	0	0	0	0	0	0	0	0	0	0	0	0	0	0	0	0	0	0	0	0	0	0	0	0	0	0	
STU2	384	0	0	0	0	0	0	0	0	0	0	0	0	0	0	0	0	0	0	0	0	0	0	0	0	0	0	0	0	0	
STU2	385	0	0	0	0	0	0	0	0	0	0	0	0	0	0	0	0	0	0	0	0	0	0	0	0	0	0	0	0	0	
STU2	386	0	0	0	0	0	0	0	0	0	0	0	0	0	0	0	0	0	0	0	0	0	0	0	0	0	0	0	0	0	
STU2	387	0	0	0	0	0	0	0	0	0	0	0	0	0	0	0	0	0	0	0	0	0	0	0	0	0	0	0	0	0	
STU2	388	0	0	0	0	0	0	0	0	0	0	0	0	0	0	0	0	0	0	0	0	0	0	0	0	0	0	0	0	0	
STU2	389	0	0	0	0	0	0	0	0	0	0	0	0	0	0	0	0	0	0	0	0	0	0	0	0	0	0	0	0	0	
STU2	390	0	0	0	0	0	0	0	0	0	0	0	0	0	0	0	0	0	0	0	0	0	0	0	0	0	0	0	0	0	
STU2	391	0	0	0	0	0	0	0	0	0	0	0	0	0	0	0	0	0	0	0	0	0	0	0	0	0	0	0	0	0	
STU2	392	0	0	0	0	0	0	0	0	0	0	0	0	0	0	0	0	0	0	0	0	0	0	0	0	0	0	0	0	0	
STU2	393	0	0	0	0	0	0	0	0	0	0	0	0	0	0	0	0	0	0	0	0	0	0	0	0	0	0	0	0	0	
STU2	394	0	0	0	0	0	0	0	0	0	0	0	0	0	0	0	0	0	0	0	0	0	0	0	0	0	0	0	0	0	
STU2	395	0	0	0	0	0	0	0	0	0	0	0	0	0	0	0	0	0	0	0	0	0	0	0	0	0	0	0	0	0	
STU2	396	0	0	0	0	0	0	0	0	0	0	0	0	0	0	0	0	0	0	0	0	0	0	0	0	0	0	0	0	0	
STU2	397	0	0	0	0	0	0	0	0	0	0	0	0	0	0	0	0	0	0	0	0	0	0	0	0	0	0	0	0	0	
STU2	398	0	0	0	0	0	0	0	0	0	0	0	0	0	0	0	0	0	0	0	0	0	0	0	0	0	0	0	0	0	
STU2	399	0	0	0	0	0	0	0	0	0	0	0	0	0	0	0	0	0	0	0	0	0	0	0	0	0	0	0	0	0	
STU2	400	0	0	0	0	0	0	0	0	0	0	0	0	0	0	0	0	0	0	0	0	0	0	0	0	0	0	0	0	0	
STU2	401	0	0	0	0	0	0	0	0	0	0	0	0	0	0	0	0	0	0	0	0	0	0	0	0	0	0	0	0	0	
STU2	402	0	0	0	0	0	0	0	0	0	0	0	0	0	0	0	0	0	0	0	0	0	0	0	0	0	0	0	0	0	
STU2	403	0	0	0	0	0	0	0	0	0	0	0	0	0	0	0	0	0	0	0	0	0	0	0	0	0	0	0	0	0	
STU2	404	0	0	0	0	0	0	0	0	0	0	0	0	0	0	0	0	0	0	0	0	0	0	0	0	0	0	0	0	0	
STU2	405	0	0	0	0	0	0	0	0	0	0	0	0	0	0	0	0	0	0	0	0	0	0	0	0	0	0	0	0	0	
STU2	406	0	0	0	0	0	0	0	0	0	0	0	0	0	0	0	0	0	0	0	0	0	0	0	0	0	0	0	0	0	
STU2	407	0	0	0	0	0	0	0	0	0	0	0	0	0	0	0	0	0	0	0	0	0	0	0	0	0	0	0	0	0	
STU2	408	0	0	0	0	0	0	0	0	0	0	0	0	0	0	0	0	0	0	0	0	0	0	0	0	0	0	0	0	0	
STU2	409	0	0	0	0	0	0	0	0	0	0	0	0	0	0	0	0	0	0	0	0	0	0	0	0	0	0	0	0	0	
STU2	410	0	0	0	0	0	0	0	0	0	0	0	0	0	0	0	0	0	0	0	0	0	0	0	0	0	0	0	0	0	
STU2	411	0	0	0	0	0	0	0	0	0	0	0	0	0	2	0	0	0	0	2	0	0	0	0	0	2	3	0	0	0	
STU2	412	0	0	0	0	0	0	0	0	0	0	0	0	0	2	0	0	0	0	2	0	0	0	0	0	2	3	0	0	0	
STU2	413	0	0	0	0	0	0	0	0	0	0	0	0	0	2	0	0	0	0	2	0	0	0	0	0	2	3	0	0	0	
STU2	414	0	0	0	0	0	0	0	0	0	0	0	0	0	2	0	0	0	0	2	0	0	0	0	0	2	3	0	0	0	
STU2	415	0	0	0	0	0	0	0	0	0	0	0	0	0	2	0	0	0	0	2	0	0	0	0	0	2	3	0	0	0	
STU2	416	0	0	0	0	0	0	0	0	0	0	0	0	0	2	0	0	0	0	2	0	0	0	0	0	2	3	0	0	0	
STU2	417	0	0	0	0	0	0	0	0	0	0	0	0	0	2	0	0	0	0	2	0	0	0	0	0	2	3	0	0	0	
STU2	418	0	0	0	0	0	0	0	0	0	0	0	0	0	2	0	0	0	0	2	0	0	0	0	0	2	3	0	0	0	
STU2	419	0	0	0	0	0	0	0	0	0	0	0	0	0	2	0	0	0	0	2	0	0	0	0	0	2	3	0	0	0	
STU2	420	0	0	0	0	0	0	0	0	0	0	0	0	0	2	0	0	0	0	2	0	0	0	0	0	2	3	0	0	0	
STU2	421	0	0	0	0	0	0	0	0	0	0	0	0	0	2	0	0	0	0	2	0	0	0	0	0	2	3	0	0	0	
STU2	422	0	0	0	0	0	0	0	0	0	0	0	0	0	2	0	0	0	0	2	0	0	0	0	0	2	3	0	0	0	
STU2	423	0	0	0	0	0	0	0	0	0	0	0	0	0	2	0	0	0	0	2	0	0	0	0	0	2	3	0	0	0	
STU2	424	0	0	0	0	0	0	0	0	0	0	0	0	0	2	0	0	0	0	0	0	0	0	0	0	0	0	0	0	0	
STU2	425	0	0	0	0	0	0	0	0	0	0	0	0	0	2	0	0	0	0	0	0	0	0	0	0	0	0	0	0	0	
STU2	426	0	0	0	0	0	0	0	0	0	0	0	0	0	2	0	0	0	0	0	0	0	0	0	0	0	0	0	0	0	
STU2	427	0	0	0	0	0	0	0	0	0	0	0	0	0	2	0	0	0	0	0	0	0	0	0	0	0	0	0	0	0	
STU2	428	0	0	0	0	0	0	0	0	0	0	0	0	0	0	0	0	0	0	0	0	0	0	0	0	0	0	0	0	0	
STU2	429	0	0	0	0	0	0	0	0	0	0	0	0	0	0	0	0	0	0	0	0	0	0	0	0	0	0	0	0	0	
STU2	430	0	0	0	0	0	0	0	0	0	0	0	0	0	0	0	0	0	0	0	0	0	0	0	0	0	0	0	0	0	
STU2	431	0	0	0	0	0	0	0	0	0	0	0	0	0	0	0	0	0	0	0	0	0	0	0	0	0	0	0	0	0	
STU2	432	0	0	0	0	0	0	0	0	0	0	0	0	0	0	0	0	0	0	0	0	0	0	0	0	0	0	0	0	0	
STU2	433	0	0	0	0	0	0	0	0	0	0	0	0	0	0	0	0	0	0	0	0	0	0	0	0	0	0	0	0	0	
STU2	434	0	0	0	0	0	0	0	0	0	0	0	0	0	0	0	0	0	0	0	0	0	0	0	0	0	0	0	0	0	
STU2	435	0	0	0	0	0	0	0	0	0	0	0	0	0	0	0	0	0	0	0	0	0	0	0	0	0	0	0	0	0	
STU2	436	0	0	0	0	0	0	0	0	0	0	0	0	0	0	0	0	0	0	0	0	0	0	0	0	0	0	0	0	0	
STU2	437	0	0	0	0	0	0	0	0	0	0	0	0	0	0	0	0	0	0	0	0	0	0	0	0	0	0	0	0	0	
STU2	438	0	0	0	0	0	0	0	0	0	0	0	0	0	0	0	0	0	0	0	0	0	0	0	0	0	0	0	0	0	
STU2	439	0	0	0	0	0	0	0	0	0	0	0	0	0	0	0	0	0	0	0	0	0	0	0	0	0	0	0	0	0	
STU2	440	0	0	0	0	0	0	0	0	0	0	0	0	0	0	0	0	0	0	0	0	0	0	0	0	0	0	0	0	0	
STU2	441	0	0	0	0	0	0	0	0	0	0	0	0	0	0	0	0	0	0	0	0	0	0	0	0	0	0	0	0	0	
STU2	442	0	0	0	0	0	0	0	0	0	0	0	0	0	0	0	0	0	0	0	0	0	0	0	0	0	0	0	0	0	
STU2	443	0	0	0	0	0	0	0	0	0	0	0	0	0	0	0	0	0	0	0	0	0	0	0	0	0	0	0	0	0	
STU2	444	0	0	0	0	0	0	0	0	0	0	0	0	0	0	0	0	0	0	0	0	0	0	0	0	0	0	0	0	0	
STU2	445	0	0	0	0	0	0	0	0	0	0	0	0	0	0	0	0	0	0	0	0	0	0	0	0	0	0	0	0	0	
STU2	446	0	0	0	0	0	0	0	0	0	0	0	0	0	0	0	0	0	0	0	0	0	0	0	0	0	0	0	0	0	
STU2	447	0	0	0	0	0	0	0	0	0	0	0	0	0	0	0	0	0	0	0	0	0	0	0	0	0	0	0	0	0	
STU2	448	0	0	0	0	0	0	0	0	0	0	0	0	0	0	0	0	0	0	0	0	0	0	0	0	0	0	0	0	0	
STU2	449	0	0	0	0	0	0	0	0	0	0	0	0	0	0	0	0	0	0	0	0	0	0	0	0	0	0	0	0	0	
STU2	450	0	0	0	0	0	0	0	0	0	0	0	0	0	0	0	0	0	0	0	0	0	0	0	0	0	0	0	0	0	
STU2	451	0	0	0	0	0	0	0	0	0	0	0	0	0	0	0	0	0	0	0	0	0	0	0	0	0	0	0	0	0	
STU2	452	0	0	0	0	0	0	0	0	0	0	0	0	0	0	0	0	0	0	0	0	0	0	0	0	0	0	0	0	0	
STU2	453	0	0	0	0	0	0	0	0	0	0	0	0	0	0	0	0	0	0	0	0	0	0	0	0	0	0	0	0	0	
STU2	454	0	0	0	0	0	0	0	0	0	0	0	0	0	0	0	0	0	0	0	0	0	0	0	0	0	0	0	0	0	
STU2	455	0	0	0	0	0	0	0	0	0	0	0	0	4	0	5	0	0	0	0	0	0	0	0	0	0	2	0	0	0	
STU2	456	0	0	0	0	0	0	0	0	0	0	0	0	4	0	5	0	0	0	0	0	0	0	0	0	0	2	0	0	0	
STU2	457	0	0	0	0	0	0	0	0	0	0	0	0	4	0	5	0	0	0	0	0	0	0	0	0	0	2	0	0	0	
STU2	458	0	0	0	0	0	0	0	0	0	0	0	0	4	0	5	0	0	0	0	0	0	0	0	0	0	2	0	0	0	
STU2	459	0	0	0	0	0	0	0	0	0	0	0	0	4	0	5	0	0	0	0	0	0	0	0	0	0	2	0	0	0	
STU2	460	0	0	0	0	0	0	0	0	0	0	0	0	4	0	5	0	0	0	0	0	0	0	0	0	0	2	0	0	0	
STU2	461	0	0	0	0	0	0	0	0	0	0	0	0	4	0	5	0	0	0	0	0	0	0	0	0	0	2	0	0	0	
STU2	462	0	0	0	0	0	0	0	0	0	0	0	0	4	0	5	0	0	0	0	0	0	0	0	0	0	2	0	0	0	
STU2	463	0	0	0	0	0	0	0	0	0	0	0	0	4	0	5	0	0	0	0	0	0	0	0	0	0	2	0	0	0	
STU2	464	0	0	0	0	0	0	0	0	0	0	0	0	4	0	5	0	0	0	0	0	0	0	0	0	0	2	0	0	0	
STU2	465	0	0	0	0	0	0	0	0	0	0	0	0	4	0	5	0	0	0	0	0	0	0	0	0	0	2	0	0	0	
STU2	466	0	0	0	0	0	0	0	0	0	0	0	0	4	0	5	0	0	0	0	0	0	0	0	0	0	2	0	0	0	
STU2	467	0	0	0	0	0	0	0	0	0	0	0	0	4	0	5	0	0	0	0	0	0	0	0	0	0	2	0	0	0	
STU2	468	0	0	0	0	0	0	0	0	0	0	0	0	0	0	0	0	0	0	0	0	0	0	0	0	0	0	0	0	0	
STU2	469	0	0	0	0	0	0	0	0	0	0	0	0	0	0	0	0	0	0	0	0	0	0	0	0	0	0	0	0	0	
STU2	470	0	0	0	0	0	0	0	0	0	0	0	0	0	0	0	0	0	0	0	0	0	0	0	0	0	0	0	0	0	
STU2	471	0	0	0	0	0	0	0	0	0	0	0	0	0	0	0	0	0	0	0	0	0	0	0	0	0	0	0	0	0	
STU2	472	0	0	0	0	0	0	0	0	0	0	0	0	0	0	0	0	0	0	0	0	0	0	0	0	0	0	0	0	0	
STU2	473	0	0	0	0	0	0	0	0	0	0	0	0	0	0	0	0	0	0	0	0	0	0	0	0	0	0	0	0	0	
STU2	474	0	0	0	0	0	0	0	0	0	0	0	0	0	0	0	0	0	0	0	0	0	0	0	0	0	0	0	0	0	
STU2	475	0	0	0	0	0	0	0	0	0	0	0	0	4	5	9	0	0	0	0	0	0	0	0	0	0	0	0	0	0	
STU2	476	0	0	0	0	0	0	0	0	0	0	0	0	4	5	9	0	0	0	0	0	0	0	0	0	0	0	0	0	0	
STU2	477	0	0	0	0	0	0	0	0	0	0	0	0	4	5	9	0	0	0	0	0	0	0	0	0	0	0	0	0	0	
STU2	478	0	0	0	0	0	0	0	0	0	0	0	0	4	5	9	0	0	0	0	0	0	0	0	0	0	0	0	0	0	
STU2	479	0	0	0	0	0	0	0	0	0	0	0	0	4	5	9	0	0	0	0	0	0	0	0	0	0	0	0	0	0	
STU2	480	0	0	0	0	0	0	0	0	0	0	0	0	4	5	9	0	0	0	0	0	0	0	0	0	0	0	0	0	0	
STU2	481	0	0	0	0	0	0	0	0	0	0	0	0	4	5	9	0	0	0	0	0	0	0	0	0	0	0	0	0	0	
STU2	482	0	0	0	0	0	0	0	0	0	0	0	0	4	5	9	0	0	0	0	0	0	0	0	0	0	0	0	0	0	
STU2	483	0	0	0	0	0	0	0	0	0	0	0	0	4	5	9	0	0	0	0	0	0	0	0	0	0	0	0	0	0	
STU2	484	0	0	0	0	0	0	0	0	0	0	0	0	4	5	9	0	0	0	0	0	0	0	0	0	0	0	0	0	0	
STU2	485	0	0	0	0	0	0	0	0	0	0	0	0	4	5	9	0	0	0	0	0	0	0	0	0	0	0	0	0	0	
STU2	486	0	0	0	0	0	0	0	0	0	0	0	0	4	5	9	0	0	0	0	0	0	0	0	0	0	0	0	0	0	
STU2	487	0	0	0	0	0	0	0	0	0	0	0	0	2	5	7	0	0	0	0	0	0	0	0	0	0	0	0	0	0	
STU2	488	0	0	0	0	0	0	0	0	0	0	0	0	2	5	7	0	0	0	0	0	0	0	0	0	0	0	0	0	0	
STU2	489	0	0	0	0	0	0	0	0	0	0	0	0	2	5	7	0	0	0	0	0	0	0	0	0	0	0	0	0	0	
STU2	490	0	0	0	0	0	0	0	0	0	0	0	0	2	2	7	0	0	0	0	0	0	0	0	0	2	0	0	0	0	
STU2	491	0	0	0	0	0	0	0	0	0	0	0	0	2	2	7	0	0	0	0	0	0	0	0	0	2	0	0	0	0	
STU2	492	0	0	0	0	0	0	0	0	0	0	0	0	2	2	7	0	0	0	0	0	0	0	0	0	2	0	0	0	0	
STU2	493	0	0	0	0	0	0	0	0	0	0	0	0	2	2	7	0	0	0	0	0	0	0	0	0	2	0	0	0	0	
STU2	494	0	0	0	0	0	0	0	0	0	0	0	0	2	2	7	0	0	0	0	0	0	0	0	0	2	0	0	0	0	
STU2	495	0	0	0	0	0	0	0	0	0	0	0	0	2	2	7	0	0	0	0	0	0	0	0	0	2	0	0	0	0	
STU2	496	0	0	0	0	0	0	0	0	0	0	0	0	2	2	7	0	0	0	0	0	0	0	0	0	2	0	0	0	0	
STU2	497	0	0	0	0	0	0	0	0	0	0	0	0	2	2	7	0	0	0	0	0	0	0	0	0	2	0	0	0	0	
STU2	498	0	0	0	0	0	0	0	0	0	0	0	0	0	0	3	0	0	0	3	0	5	0	0	0	4	4	4	2	0	
STU2	499	0	0	0	0	0	0	0	0	0	0	0	0	0	0	3	0	0	0	3	0	5	0	0	0	4	4	4	2	0	
STU2	500	0	0	0	0	0	0	0	0	0	0	0	0	0	0	3	0	0	0	3	0	5	0	0	0	4	4	4	2	0	
STU2	501	0	0	0	0	0	0	0	0	0	0	0	0	0	0	3	0	0	0	3	0	5	0	0	0	4	4	4	2	0	
STU2	502	0	0	0	0	0	0	0	0	0	0	0	0	0	0	3	0	0	0	3	0	5	0	0	0	4	4	4	2	0	
STU2	503	0	0	0	0	0	0	0	0	0	0	0	0	0	0	3	0	0	0	3	0	5	0	0	0	4	4	4	2	0	
STU2	504	0	0	0	0	0	0	0	0	0	0	0	0	0	0	3	0	0	0	3	0	5	0	0	0	4	4	4	2	0	
STU2	505	0	0	0	0	0	0	0	0	0	0	0	0	0	0	3	0	0	0	3	0	5	0	0	0	4	4	4	2	0	
STU2	506	0	0	0	0	0	0	0	0	0	0	0	0	0	0	3	0	0	0	3	0	5	0	0	0	4	4	4	2	0	
STU2	507	0	0	0	0	0	0	0	0	0	0	0	0	0	0	3	0	0	0	3	0	5	0	0	0	4	4	4	2	0	
STU2	508	0	0	0	0	0	0	0	0	0	0	0	0	0	0	3	0	0	0	3	0	5	0	0	0	4	4	4	2	0	
STU2	509	0	0	0	0	0	0	0	0	0	0	0	0	0	0	3	0	0	0	3	0	5	0	0	0	4	4	4	2	0	
STU2	510	0	0	0	0	0	0	0	0	0	0	0	0	0	0	3	0	0	0	3	0	5	0	0	0	4	4	4	2	0	
STU2	511	0	0	0	0	0	0	0	0	0	0	0	0	0	0	3	0	0	0	3	0	5	0	0	0	4	4	4	2	0	
STU2	512	0	0	0	0	0	0	0	0	0	0	0	0	0	0	3	0	0	0	3	0	5	0	0	0	4	4	4	2	0	
STU2	513	0	0	0	0	0	0	0	0	0	0	0	0	0	0	3	0	0	0	3	0	5	0	0	0	4	4	4	2	0	
STU2	514	0	0	0	0	0	0	0	0	0	0	0	0	0	0	3	0	0	0	3	0	5	0	0	0	4	4	4	2	0	
STU2	515	0	0	0	0	0	0	0	0	0	0	0	0	0	0	3	0	0	0	3	0	5	0	0	0	4	4	4	2	0	
STU2	516	0	0	0	0	0	0	0	0	0	0	0	0	0	0	3	0	0	0	3	0	5	0	0	0	4	4	4	2	0	
STU2	517	0	0	0	0	0	0	0	0	0	0	0	0	0	0	3	0	0	0	3	0	5	0	0	0	4	4	4	2	0	
STU2	518	0	0	0	0	0	0	0	0	0	0	0	0	0	0	3	0	0	0	3	0	5	0	0	0	4	4	4	2	0	
STU2	519	0	0	0	0	0	0	0	0	0	0	0	0	0	0	3	0	0	0	3	0	5	0	0	0	4	4	4	2	0	
STU2	520	0	0	0	0	0	0	0	0	0	0	0	0	0	0	0	0	0	0	0	0	0	0	0	0	0	0	0	0	0	
STU2	521	0	0	0	0	0	0	0	0	0	0	0	0	0	0	0	0	0	0	0	0	0	0	0	0	0	0	0	0	0	
STU2	522	0	0	0	0	0	0	0	0	0	0	0	0	0	0	0	0	0	0	0	0	0	0	0	0	0	0	0	0	0	
STU2	523	0	0	0	0	0	0	0	0	0	0	0	0	0	0	0	0	0	0	0	0	0	0	0	0	0	0	0	0	0	
STU2	524	0	0	0	0	0	0	0	0	0	0	0	0	0	0	0	0	0	0	0	0	0	0	0	0	0	0	0	0	0	
STU2	525	0	0	0	0	0	0	0	0	0	0	0	0	0	0	0	0	0	0	0	0	0	0	0	0	0	0	0	0	0	
STU2	526	0	0	0	0	0	0	0	0	0	0	0	0	0	0	0	0	0	0	0	0	0	0	0	0	0	0	0	0	0	
STU2	527	0	0	0	0	0	0	0	0	0	0	0	0	0	0	0	0	0	0	0	0	0	0	0	0	0	0	0	0	0	
STU2	528	0	0	0	0	0	0	0	0	0	0	0	0	0	0	0	0	0	0	0	0	0	0	0	0	0	0	0	0	0	
STU2	529	0	0	0	0	0	0	0	0	0	0	0	0	0	0	0	0	0	0	0	0	0	0	0	0	0	0	0	0	0	
STU2	530	0	0	0	0	0	0	0	0	0	0	0	0	0	0	0	0	0	0	0	0	0	0	0	0	0	0	0	0	0	
STU2	531	0	0	0	0	0	0	0	0	0	0	0	0	0	0	0	0	0	0	0	0	0	0	0	0	0	0	0	0	0	
STU2	532	0	0	0	0	0	0	0	0	0	0	0	0	0	0	0	0	0	0	0	0	0	0	0	0	0	0	0	0	0	
STU2	533	0	0	0	0	0	0	0	0	0	0	0	0	0	0	0	0	0	0	0	0	0	0	0	0	0	0	0	0	0	
STU2	534	0	0	0	0	0	0	0	0	0	0	0	0	0	0	0	0	0	0	0	0	0	0	0	0	0	0	0	0	0	
STU2	535	0	0	0	0	0	0	0	0	0	0	0	0	0	0	0	0	0	0	0	0	0	0	0	0	0	0	0	0	0	
STU2	536	0	0	0	0	0	0	0	0	0	0	0	0	0	0	0	0	0	0	0	0	0	0	0	0	0	0	0	0	0	
STU2	537	0	0	0	0	0	0	0	0	0	0	0	0	0	0	0	0	0	0	0	0	0	0	0	0	0	0	0	0	0	
STU2	538	0	0	0	0	0	0	0	0	0	0	0	0	0	0	0	0	0	0	0	0	0	0	0	0	0	0	0	0	0	
STU2	539	0	0	0	0	0	0	0	0	0	0	0	0	0	0	0	0	0	0	0	0	0	0	0	0	0	0	0	0	0	
STU2	540	0	0	0	0	0	0	0	0	0	0	0	0	0	0	0	0	0	0	0	0	0	0	0	0	0	0	0	0	0	
STU2	541	0	0	0	0	0	0	0	0	0	0	0	0	0	0	3	0	0	0	2	0	0	0	0	0	4	2	0	0	0	
STU2	542	0	0	0	0	0	0	0	0	0	0	0	0	0	0	3	0	0	0	2	0	0	0	0	0	4	2	0	0	0	
STU2	543	0	0	0	0	0	0	0	0	0	0	0	0	0	0	3	0	0	0	2	0	0	0	0	0	4	2	0	0	0	
STU2	544	0	0	0	0	0	0	0	0	0	0	0	0	0	0	3	0	0	0	2	0	0	0	0	0	4	2	0	0	0	
STU2	545	0	0	0	0	0	0	0	0	0	0	0	0	0	0	3	0	0	0	2	0	0	0	0	0	4	2	0	0	0	
STU2	546	0	0	0	0	0	0	0	0	0	0	0	0	0	0	3	0	0	0	2	0	0	0	0	0	4	2	0	0	0	
STU2	547	0	0	0	0	0	0	0	0	0	0	0	0	0	0	3	0	0	0	2	0	0	0	0	0	4	2	0	0	0	
STU2	548	0	0	0	0	0	0	0	0	0	0	0	0	0	0	3	0	0	0	2	0	0	0	0	0	4	2	0	0	0	
STU2	549	0	0	0	0	0	0	0	0	0	0	0	0	0	0	3	0	0	0	2	0	0	0	0	0	4	2	0	0	0	
STU2	550	0	0	0	0	0	0	0	0	0	0	0	0	0	0	3	0	0	0	2	0	0	0	0	0	2	0	0	0	0	
STU2	551	0	0	0	0	0	0	0	0	0	0	0	0	0	0	0	0	0	0	0	0	0	0	0	0	0	0	0	0	0	
STU2	552	0	0	0	0	0	0	0	0	0	0	0	0	0	0	0	0	0	0	0	0	0	0	0	0	0	0	0	0	0	
STU2	553	0	0	0	0	0	0	0	2	0	0	0	0	0	5	0	0	0	0	0	0	0	0	0	0	0	0	0	0	0	
STU2	554	0	0	0	0	0	0	0	2	0	0	0	0	0	5	0	0	0	0	0	0	0	0	0	0	0	0	0	0	0	
STU2	555	0	0	0	0	0	0	0	2	0	0	0	0	0	5	0	0	0	0	0	0	0	0	0	0	0	0	0	0	0	
STU2	556	0	0	0	0	0	0	0	2	0	0	0	0	0	5	0	0	0	0	0	0	0	0	0	0	0	0	0	0	0	
STU2	557	0	0	0	0	0	0	0	2	0	0	0	0	0	5	0	0	0	0	0	0	0	0	0	0	0	0	0	0	0	
STU2	558	0	0	0	0	0	0	0	2	0	0	0	0	0	5	0	0	0	0	0	0	0	0	0	0	0	0	0	0	0	
STU2	559	0	0	0	0	0	0	0	2	0	0	0	0	7	10	9	0	0	0	6	0	2	0	0	0	2	3	2	2	3	
STU2	560	0	0	0	0	0	0	0	2	0	0	0	0	7	10	9	0	0	0	6	0	2	0	0	0	2	3	2	2	3	
STU2	561	0	0	0	0	0	0	0	2	0	0	0	0	7	10	9	0	0	0	6	0	2	0	0	0	2	3	2	2	3	
STU2	562	0	0	0	0	0	0	0	2	0	0	0	0	7	10	9	0	0	0	6	0	2	0	0	0	2	3	2	2	3	
STU2	563	0	0	0	0	0	0	0	2	0	0	0	0	7	10	9	0	0	0	6	0	2	0	0	0	2	3	2	2	3	
STU2	564	0	0	0	0	0	0	0	2	0	0	0	0	7	10	9	0	0	0	6	0	2	0	0	0	2	3	2	2	3	
STU2	565	0	0	0	0	0	0	0	2	0	0	0	0	7	10	9	0	0	0	6	0	2	0	0	0	2	3	2	2	3	
STU2	566	0	0	0	0	0	0	0	2	0	0	0	0	7	10	9	0	0	0	6	0	2	0	0	0	2	3	2	2	3	
STU2	567	0	0	0	0	0	0	0	2	0	0	0	0	7	10	9	0	0	0	6	0	2	0	0	0	2	3	2	2	3	
STU2	568	0	0	0	0	0	0	0	2	0	0	0	0	7	10	9	0	0	0	6	0	2	0	0	0	2	3	2	2	3	
STU2	569	0	0	0	0	0	0	0	2	0	0	0	0	7	10	9	0	0	0	6	0	2	0	0	0	2	3	2	2	3	
STU2	570	0	0	0	0	0	0	0	2	0	0	0	0	7	10	9	0	0	0	6	0	2	0	0	0	2	3	2	2	3	
STU2	571	0	0	0	0	0	0	0	2	0	0	0	0	7	10	9	0	0	0	6	0	2	0	0	0	2	3	2	2	3	
STU2	572	0	0	0	0	0	0	0	2	0	0	0	0	7	10	9	0	0	0	6	0	2	0	0	0	2	3	2	2	3	
STU2	573	0	0	0	0	0	0	0	2	0	0	0	0	7	10	9	0	0	0	6	0	2	0	0	0	2	3	2	2	3	
STU2	574	0	0	0	0	0	0	0	2	0	0	0	0	7	10	9	0	0	0	6	0	2	0	0	0	2	3	2	2	3	
STU2	575	0	0	0	0	0	0	0	2	0	0	0	0	7	10	9	0	0	0	6	0	2	0	0	0	2	3	2	2	3	
STU2	576	0	0	0	0	0	0	0	2	0	0	0	0	7	10	9	0	0	0	6	0	2	0	0	0	2	3	2	2	3	
STU2	577	0	0	0	0	0	0	0	2	0	0	0	0	7	10	9	0	0	0	6	0	2	0	0	0	2	3	2	2	3	
STU2	578	0	0	0	0	0	0	0	2	0	0	0	0	7	10	9	0	0	0	6	0	2	0	0	0	2	3	2	2	3	
STU2	579	0	0	0	0	0	0	3	4	0	0	0	0	8	10	8	0	0	0	2	2	0	0	0	0	0	0	0	0	0	
STU2	580	0	0	0	0	0	0	3	4	0	0	0	0	8	10	8	0	0	0	2	2	0	0	0	0	0	0	0	0	0	
STU2	581	0	0	0	0	0	0	3	4	0	0	0	0	8	10	8	0	0	0	2	2	0	0	0	0	0	0	0	0	0	
STU2	582	0	0	0	0	0	0	3	4	0	0	0	0	8	10	8	0	0	0	2	2	0	0	0	0	0	0	0	0	0	
STU2	583	0	0	0	0	0	0	3	4	0	0	0	0	8	10	8	0	0	0	2	2	0	0	0	0	0	0	0	0	0	
STU2	584	0	0	0	0	0	0	3	4	0	0	0	0	8	10	8	0	0	0	2	2	0	0	0	0	0	0	0	0	0	
STU2	585	0	0	0	0	0	0	3	4	0	0	0	0	8	10	8	0	0	0	2	2	0	0	0	0	0	0	0	0	0	
STU2	586	0	0	0	0	0	0	3	4	0	0	0	0	8	10	8	0	0	0	2	2	0	0	0	0	0	0	0	0	0	
STU2	587	0	0	0	0	0	0	3	4	0	0	0	0	5	5	5	0	0	0	0	2	0	0	0	0	0	0	0	0	0	
STU2	588	0	0	0	0	0	0	3	4	0	0	0	0	5	5	5	0	0	0	0	2	0	0	0	0	0	0	0	0	0	
STU2	589	0	0	0	0	0	0	3	4	0	0	0	0	5	5	5	0	0	0	0	2	0	0	0	0	0	0	0	0	0	
STU2	590	0	0	0	0	0	0	3	4	0	0	0	0	5	5	5	0	0	0	0	2	0	0	0	0	0	0	0	0	0	
STU2	591	0	0	0	0	0	0	3	2	0	0	0	0	5	5	3	0	0	0	0	2	0	0	0	0	0	0	0	0	0	
STU2	592	0	0	0	0	0	0	0	0	0	0	0	0	0	0	0	0	0	0	0	0	0	0	0	0	0	0	0	0	2	
STU2	593	0	0	0	0	0	0	0	0	0	0	0	0	0	0	0	0	0	0	0	0	0	0	0	0	0	0	0	0	2	
STU2	594	0	0	0	0	0	0	0	0	0	0	0	0	0	0	0	0	0	0	0	0	0	0	0	0	0	0	0	0	2	
STU2	595	0	0	0	0	0	0	0	0	0	0	0	0	0	0	0	0	0	0	0	0	0	0	0	0	0	0	0	0	2	
STU2	596	0	0	0	0	0	0	0	0	0	0	0	0	0	0	0	0	0	0	0	0	0	0	0	0	0	0	0	0	2	
STU2	597	0	0	0	0	0	0	0	0	0	0	0	0	0	0	0	0	0	0	0	0	0	0	0	0	0	0	0	0	2	
STU2	598	0	0	0	0	0	0	0	0	0	0	0	0	0	0	0	0	0	0	0	0	0	0	0	0	0	0	0	0	2	
STU2	599	0	0	0	0	0	0	0	0	0	0	0	0	0	0	0	0	0	0	0	0	0	0	0	0	0	0	0	0	2	
STU2	600	0	0	0	0	0	0	0	0	0	0	2	0	4	6	4	0	0	0	0	0	0	0	0	0	0	0	0	0	0	
STU2	601	0	0	0	0	0	0	0	0	0	0	2	0	4	6	4	0	0	0	0	0	0	0	0	0	0	0	0	0	0	
STU2	602	0	0	0	0	0	0	0	0	0	0	2	0	4	6	4	0	0	0	0	0	0	0	0	0	0	0	0	0	0	
STU2	603	0	0	0	0	0	0	0	0	0	0	2	0	4	6	4	0	0	0	0	0	0	0	0	0	0	0	0	0	0	
STU2	604	0	0	0	0	0	0	0	0	0	0	2	0	4	6	4	0	0	0	0	0	0	0	0	0	0	0	0	0	0	
STU2	605	0	0	0	0	0	0	0	0	0	0	2	0	4	6	4	0	0	0	0	0	0	0	0	0	0	0	0	0	0	
STU2	606	0	0	0	0	0	0	0	0	0	0	2	0	4	6	4	0	0	0	0	0	0	0	0	0	0	0	0	0	0	
STU2	607	0	0	0	0	0	0	0	0	0	0	2	0	6	10	6	0	0	0	0	0	0	0	0	0	0	0	0	0	0	
STU2	608	0	0	0	0	0	0	0	0	0	0	2	0	6	10	6	0	0	0	0	0	0	0	0	0	0	0	0	0	0	
STU2	609	0	0	0	0	0	0	0	0	0	0	2	0	6	10	6	0	0	0	0	0	0	0	0	0	0	0	0	0	0	
STU2	610	0	0	0	0	0	0	0	0	0	0	2	0	6	10	6	0	0	0	0	0	0	0	0	0	0	0	0	0	0	
STU2	611	0	0	0	0	0	0	2	6	2	2	2	0	8	17	10	2	6	2	6	0	3	0	0	0	0	0	2	2	0	
STU2	612	0	0	0	0	0	0	2	6	2	2	2	0	8	17	10	2	6	2	6	0	3	0	0	0	0	0	2	2	0	
STU2	613	0	0	0	0	0	0	7	13	2	2	2	0	18	22	22	7	10	4	10	3	6	0	0	0	2	2	4	2	0	
STU2	614	0	0	0	0	0	0	7	13	2	2	2	0	18	22	22	7	10	4	10	3	6	0	0	0	2	2	4	2	0	
STU2	615	0	0	0	0	0	0	7	13	2	2	2	0	18	22	22	7	10	4	10	3	6	0	0	0	2	2	4	2	0	
STU2	616	0	0	0	0	0	0	7	13	2	2	2	0	18	22	22	7	10	4	10	3	6	0	0	0	2	2	4	2	0	
STU2	617	0	0	0	0	0	0	7	13	2	2	2	0	18	22	22	7	10	4	10	3	6	0	0	0	2	2	4	2	0	
STU2	618	0	0	0	0	0	0	7	13	2	2	2	0	18	22	22	7	10	4	10	3	6	0	0	0	2	2	4	2	0	
STU2	619	0	0	0	0	0	0	7	13	2	2	2	0	18	22	22	7	10	4	10	3	6	0	0	0	2	2	4	2	0	
STU2	620	0	0	0	0	0	0	7	13	2	2	2	0	18	22	22	7	10	4	10	3	6	0	0	0	2	2	4	2	0	
STU2	621	0	0	0	0	0	0	7	13	2	2	2	0	18	22	22	7	10	4	10	3	6	0	0	0	2	2	4	2	0	
STU2	622	0	0	0	0	0	0	7	13	2	2	2	0	18	22	22	7	10	4	10	3	6	0	0	0	2	2	4	2	0	
STU2	623	0	0	0	0	0	0	7	13	2	2	2	0	18	22	22	7	10	4	10	3	6	0	0	0	2	2	4	2	0	
STU2	624	0	0	0	0	0	0	7	13	2	2	2	0	18	22	22	7	10	4	10	3	6	0	0	0	2	2	4	2	0	
STU2	625	0	0	0	0	0	0	7	13	2	2	2	0	18	22	22	7	10	4	10	3	6	0	0	0	2	2	4	2	0	
STU2	626	0	0	0	0	0	0	7	13	2	2	2	0	18	22	22	7	10	4	10	3	6	0	0	0	2	2	4	2	0	
STU2	627	0	0	0	0	0	0	7	13	2	2	2	0	18	22	22	7	10	4	10	3	6	0	0	0	2	2	4	2	0	
STU2	628	0	0	0	0	0	0	7	13	2	2	2	0	18	22	22	7	10	4	10	3	6	0	0	0	2	2	4	2	0	
STU2	629	0	0	0	0	0	0	7	13	2	2	2	0	18	22	22	7	10	4	10	3	6	0	0	0	2	2	4	2	0	
STU2	630	0	0	0	0	0	0	7	13	2	2	2	0	18	22	22	7	10	4	10	3	6	0	0	0	2	2	4	2	0	
STU2	631	0	0	0	0	0	0	7	13	2	2	2	0	18	22	22	7	10	4	10	3	6	0	0	0	2	2	4	2	0	
STU2	632	0	0	0	0	0	0	7	13	2	2	2	0	18	22	22	7	10	4	10	3	6	0	0	0	2	2	4	2	0	
STU2	633	0	0	0	0	0	0	7	13	2	2	2	0	18	22	22	7	10	4	10	3	6	0	0	0	2	2	4	2	0	
STU2	634	0	0	0	0	0	0	0	0	0	0	0	0	0	2	0	4	4	0	0	0	0	0	0	0	0	0	0	0	0	
STU2	635	0	0	0	0	0	0	0	0	0	0	0	0	0	2	0	4	4	0	0	0	0	0	0	0	0	0	0	0	0	
STU2	636	0	0	0	0	0	0	0	0	0	0	0	0	0	0	0	2	2	0	0	0	0	0	0	0	0	0	0	0	0	
STU2	637	0	0	0	0	0	0	0	0	0	0	0	0	0	0	0	2	2	0	0	0	0	0	0	0	0	0	0	0	0	
STU2	638	0	0	0	0	0	0	0	0	0	0	0	0	0	0	0	2	2	0	0	0	0	0	0	0	0	0	0	0	0	
STU2	639	0	0	0	0	0	0	0	0	0	0	0	0	0	0	0	2	2	0	0	0	0	0	0	0	0	0	0	0	0	
STU2	640	0	0	0	0	0	0	0	0	0	0	0	0	0	0	0	2	2	0	0	0	0	0	0	0	0	0	0	0	0	
STU2	641	0	0	0	0	0	0	0	0	0	0	0	0	0	0	0	2	2	0	0	0	0	0	0	0	0	0	0	0	0	
STU2	642	0	0	0	0	0	0	0	0	0	0	0	0	0	0	0	0	2	0	0	0	0	0	0	0	0	0	0	0	0	
STU2	643	0	0	0	0	0	0	0	0	0	0	0	0	0	0	0	0	2	0	0	0	0	0	0	0	0	0	0	0	0	
STU2	644	0	0	0	0	0	0	0	0	0	0	0	0	0	0	0	0	2	0	0	0	0	0	0	0	0	0	0	0	0	
STU2	645	0	0	0	0	0	0	0	0	0	0	0	0	0	0	0	0	2	0	0	0	0	0	0	0	0	0	0	0	0	
STU2	646	0	0	0	0	0	0	0	0	0	0	0	0	0	0	0	0	2	0	0	0	0	0	0	0	0	0	0	0	0	
STU2	647	0	0	0	0	0	0	0	0	0	0	0	0	0	0	0	0	2	0	0	0	0	0	0	0	0	0	0	0	0	
STU2	648	0	0	0	0	0	0	0	0	0	0	0	0	2	2	0	0	2	0	0	0	0	0	0	0	0	0	0	0	0	
STU2	649	0	0	0	0	0	0	0	0	0	0	0	0	2	2	0	0	2	0	0	0	0	0	0	0	0	0	0	0	0	
STU2	650	0	0	0	0	0	0	0	0	0	0	0	0	2	2	0	0	2	0	0	0	0	0	0	0	0	0	0	0	0	
STU2	651	0	0	0	0	0	0	0	0	0	0	0	0	2	2	0	0	2	0	0	0	0	0	0	0	0	0	0	0	0	
STU2	652	0	0	0	0	0	0	0	0	0	0	0	0	2	2	0	0	2	0	0	0	0	0	0	0	0	0	0	0	0	
STU2	653	0	0	0	0	0	0	0	0	0	0	0	0	2	2	0	0	2	0	0	0	0	0	0	0	0	0	0	0	0	
STU2	654	0	0	0	0	0	0	0	0	0	0	0	0	2	2	0	0	2	0	0	0	0	0	0	0	0	0	0	0	0	
STU2	655	0	0	0	0	0	0	0	0	0	0	0	0	2	2	0	0	2	0	0	0	0	0	0	0	0	0	0	0	0	
STU2	656	0	0	0	0	0	0	0	0	0	0	0	0	2	2	0	0	2	0	0	0	0	0	0	0	0	0	0	0	0	
STU2	657	0	0	0	0	0	0	0	0	0	0	0	0	2	2	0	0	2	0	0	0	0	0	0	0	0	0	0	0	0	
STU2	658	0	0	0	0	0	0	0	0	0	0	0	0	2	2	0	0	2	0	0	0	0	0	0	0	0	0	0	0	0	
STU2	659	0	0	0	0	0	0	0	0	0	0	0	0	2	2	0	0	2	0	0	0	0	0	0	0	0	0	0	0	0	
STU2	660	0	0	0	0	0	0	0	0	0	0	0	0	4	4	2	0	0	0	0	0	0	0	0	0	0	0	0	0	0	
STU2	661	0	0	0	0	0	0	0	0	0	0	0	0	4	4	2	0	0	0	0	0	0	0	0	0	0	0	0	0	0	
STU2	662	0	0	0	0	0	0	0	0	0	0	0	0	4	4	2	0	0	0	0	0	0	0	0	0	0	0	0	0	0	
STU2	663	0	0	0	0	0	0	0	0	0	0	0	0	4	4	2	0	0	0	0	0	0	0	0	0	0	0	0	0	0	
STU2	664	0	0	0	0	0	0	0	0	0	0	0	0	4	4	2	0	0	0	0	0	0	0	0	0	0	0	0	0	0	
STU2	665	0	0	0	0	0	0	0	0	0	0	0	0	4	4	2	0	0	0	0	0	0	0	0	0	0	0	0	0	0	
STU2	666	0	0	0	0	0	0	0	0	0	0	0	0	2	2	2	0	0	0	0	0	0	0	0	0	0	0	0	0	0	
STU2	667	0	0	0	0	0	0	0	0	0	0	0	0	2	2	2	0	0	0	0	0	0	0	0	0	0	0	0	0	0	
STU2	668	0	0	0	0	0	0	0	0	0	0	2	0	0	2	3	0	0	0	0	0	0	0	0	0	0	0	0	0	0	
STU2	669	0	0	0	0	0	0	0	0	0	0	2	0	0	2	3	0	0	0	0	0	0	0	0	0	0	0	0	0	0	
STU2	670	0	0	0	0	0	0	0	0	0	0	2	0	0	2	3	0	0	0	0	0	0	0	0	0	0	0	0	0	0	
STU2	671	0	0	0	0	0	0	0	4	0	0	4	0	5	7	13	0	0	0	3	2	0	0	0	0	0	0	0	0	0	
STU2	672	0	0	0	0	0	0	0	4	0	0	4	0	5	7	13	0	0	0	3	2	0	0	0	0	0	0	0	0	0	
STU2	673	0	0	0	0	0	0	0	4	0	0	4	0	5	7	13	0	0	0	3	2	0	0	0	0	0	0	0	0	0	
STU2	674	0	0	0	0	0	0	0	4	0	0	4	0	5	7	13	0	0	0	3	2	0	0	0	0	0	0	0	0	0	
STU2	675	0	0	0	0	0	0	0	4	0	0	4	0	5	7	13	0	0	0	3	2	0	0	0	0	0	0	0	0	0	
STU2	676	0	0	0	0	0	0	0	4	0	0	4	0	5	7	13	0	0	0	3	2	0	0	0	0	0	0	0	0	0	
STU2	677	0	0	0	0	0	0	0	4	0	0	4	0	5	7	13	0	0	0	3	2	0	0	0	0	0	0	0	0	0	
STU2	678	0	0	0	0	0	0	0	4	0	0	4	0	5	7	13	0	0	0	3	2	0	0	0	0	0	0	0	0	0	
STU2	679	0	0	0	0	0	0	0	4	0	0	4	0	5	7	13	0	0	0	3	2	0	0	0	0	0	0	0	0	0	
STU2	680	0	0	0	0	0	0	0	4	0	0	4	0	5	7	13	0	0	0	3	2	0	0	0	0	0	0	0	0	0	
STU2	681	0	0	0	0	0	0	0	0	0	0	0	0	2	5	2	0	0	0	0	0	0	0	0	0	0	0	0	0	0	
STU2	682	0	0	0	0	0	0	0	0	0	0	0	0	2	5	2	0	0	0	0	0	0	0	0	0	0	0	0	0	0	
STU2	683	0	0	0	0	0	0	0	0	0	0	0	0	0	0	0	0	0	0	0	0	0	0	0	0	0	0	0	0	0	
STU2	684	0	0	0	0	0	0	0	0	0	0	0	0	0	0	0	0	0	0	0	0	0	0	0	0	0	0	0	0	0	
STU2	685	0	0	0	0	0	0	0	0	0	0	0	0	0	0	0	0	0	0	0	0	0	0	0	0	0	0	0	0	0	
STU2	686	0	0	0	0	0	0	0	0	0	0	0	0	0	0	0	0	0	0	0	0	0	0	0	0	0	0	0	0	0	
STU2	687	0	0	0	0	0	0	0	0	0	0	0	0	0	0	0	0	0	0	0	0	0	0	0	0	0	0	0	0	0	
STU2	688	0	0	0	0	0	0	0	0	0	0	0	0	0	0	0	0	0	0	0	0	0	0	0	0	0	0	0	0	0	
STU2	689	0	0	0	0	0	0	0	0	0	0	0	0	0	0	4	0	0	0	6	0	0	0	0	0	0	0	0	0	0	
STU2	690	0	0	0	0	0	0	0	0	0	0	0	0	0	0	4	0	0	0	6	0	0	0	0	0	0	0	0	0	0	
STU2	691	0	0	0	0	0	0	0	0	0	0	0	0	0	0	4	0	0	0	6	0	0	0	0	0	0	0	0	0	0	
STU2	692	0	0	0	0	0	0	0	0	0	0	0	0	0	0	4	0	0	0	6	0	0	0	0	0	0	0	0	0	0	
STU2	693	0	0	0	0	0	0	0	0	0	0	0	0	0	0	4	0	0	0	6	0	0	0	0	0	0	0	0	0	0	
STU2	694	0	0	0	0	0	0	0	0	0	0	0	0	0	0	4	0	0	0	6	0	0	0	0	0	0	0	0	0	0	
STU2	695	0	0	0	0	0	0	0	0	0	0	0	0	0	0	4	0	0	0	6	0	0	0	0	0	0	0	0	0	0	
STU2	696	0	0	0	0	0	0	0	0	0	0	0	0	0	0	4	0	0	0	6	0	0	0	0	0	0	0	0	0	0	
STU2	697	0	0	0	0	0	0	0	0	0	0	0	0	0	0	4	0	0	0	11	0	0	0	0	0	0	0	0	0	0	
STU2	698	0	0	0	0	0	0	0	0	0	0	0	0	0	0	4	0	0	0	11	0	0	0	0	0	0	0	0	0	0	
STU2	699	0	0	0	0	0	0	0	0	0	0	0	0	0	0	4	0	0	0	11	0	0	0	0	0	0	0	0	0	0	
STU2	700	0	0	0	0	0	0	0	0	0	0	0	0	0	0	4	0	0	0	11	0	0	0	0	0	0	0	0	0	0	
STU2	701	0	0	0	0	0	0	0	0	0	0	0	0	0	0	4	0	0	0	11	0	0	0	0	0	0	0	0	0	0	
STU2	702	0	0	0	0	0	0	0	0	0	0	0	0	0	0	4	0	0	0	9	0	0	0	0	0	0	0	0	0	0	
STU2	703	0	0	0	0	0	0	0	0	0	0	0	0	0	0	4	0	0	0	9	0	0	0	0	0	0	0	0	0	0	
STU2	704	0	0	0	0	0	0	0	0	0	0	0	0	0	0	4	0	0	0	9	0	0	0	0	0	0	0	0	0	0	
STU2	705	0	0	0	0	0	0	0	0	0	0	0	0	0	0	4	0	0	0	9	0	0	0	0	0	0	0	0	0	0	
STU2	706	0	0	0	0	0	0	0	0	0	0	0	0	0	0	4	0	0	0	9	0	0	0	0	0	0	0	0	0	0	
STU2	707	0	0	0	0	0	0	0	0	0	0	0	0	0	0	4	0	0	0	9	0	0	0	0	0	0	0	0	0	0	
STU2	708	0	0	0	0	0	0	0	0	0	0	0	0	0	0	0	0	0	0	0	0	0	0	0	0	0	0	0	0	0	
STU2	709	0	0	0	0	0	0	0	0	0	0	0	0	0	0	0	0	0	0	0	0	0	0	0	0	0	0	0	0	0	
STU2	710	0	0	0	0	0	0	0	0	0	0	0	0	0	0	0	0	0	0	0	0	0	0	0	0	0	0	0	0	0	
STU2	711	0	0	0	0	0	0	0	0	0	0	0	0	0	0	0	0	0	0	0	0	0	0	0	0	0	0	0	0	0	
STU2	712	0	0	0	0	0	0	0	0	0	0	0	0	0	0	0	0	0	0	0	0	0	0	0	0	0	0	0	0	0	
STU2	713	0	0	0	0	0	0	0	0	0	0	0	0	0	0	0	0	0	0	0	0	0	0	0	0	0	0	0	0	0	
STU2	714	0	0	0	0	0	0	0	0	0	0	0	0	0	0	0	0	0	0	0	0	0	0	0	0	0	0	0	0	0	
STU2	715	0	0	0	0	0	0	0	0	0	0	0	0	0	0	0	0	0	0	0	0	0	0	0	0	0	0	0	0	0	
STU2	716	0	0	0	0	0	0	0	0	0	0	0	0	0	0	0	0	0	0	0	0	0	0	0	0	0	0	0	0	0	
STU2	717	0	0	0	0	0	0	0	0	0	0	0	0	0	0	0	0	0	0	0	0	0	0	0	0	0	0	0	0	0	
STU2	718	0	0	0	0	0	0	0	0	0	0	0	0	0	0	0	0	0	0	0	0	0	0	0	0	0	0	0	0	0	
STU2	719	0	0	0	0	0	0	0	0	0	0	0	0	0	0	0	0	0	0	0	0	0	0	0	0	0	0	0	0	0	
STU2	720	0	0	0	0	0	0	0	0	0	0	0	0	0	0	0	0	0	0	0	0	0	0	0	0	0	0	0	0	0	
STU2	721	0	0	0	0	0	0	0	0	0	0	0	0	0	0	0	0	0	0	0	0	0	0	0	0	0	0	0	0	0	
STU2	722	0	0	0	0	0	0	0	0	0	0	0	0	0	0	0	0	0	0	0	0	0	0	0	0	0	0	0	0	0	
STU2	723	0	0	0	0	0	0	0	0	0	0	0	0	0	0	0	0	0	0	0	0	0	0	0	0	0	0	0	0	0	
STU2	724	0	0	0	0	0	0	0	0	0	0	0	0	0	0	0	0	0	0	0	0	0	0	0	0	0	0	0	0	0	
STU2	725	0	0	0	0	0	0	0	0	0	0	0	0	0	0	0	0	0	0	0	0	0	0	0	0	0	0	0	0	0	
STU2	726	0	0	0	0	0	0	2	3	0	2	3	0	9	9	11	0	0	0	0	0	0	0	0	0	0	0	0	0	0	
STU2	727	0	0	0	0	0	0	2	3	0	2	3	0	9	9	11	0	0	0	0	0	0	0	0	0	0	0	0	0	0	
STU2	728	0	0	0	0	0	0	2	3	0	2	5	0	11	11	17	0	0	0	0	0	0	0	0	0	0	0	0	0	0	
STU2	729	0	0	0	0	0	0	2	3	0	2	5	0	11	11	17	0	0	0	0	0	0	0	0	0	0	0	0	0	0	
STU2	730	0	0	0	0	0	0	2	3	0	2	5	0	11	11	17	0	0	0	0	0	0	0	0	0	0	0	0	0	0	
STU2	731	0	0	0	0	0	0	2	3	0	2	5	0	11	11	17	0	0	0	0	0	0	0	0	0	0	0	0	0	0	
STU2	732	0	0	0	0	0	0	2	3	0	2	5	0	11	11	17	0	0	0	0	0	0	0	0	0	0	0	0	0	0	
STU2	733	0	0	0	0	0	0	2	3	0	2	5	0	11	11	17	0	0	0	0	0	0	0	0	0	0	0	0	0	0	
STU2	734	0	0	0	0	0	0	2	5	0	2	5	0	14	11	17	0	0	0	0	0	0	0	0	0	0	0	0	0	0	
STU2	735	0	0	0	0	0	0	2	5	0	2	5	0	14	11	17	0	0	0	0	0	0	0	0	0	0	0	0	0	0	
STU2	736	0	0	0	0	0	0	2	5	0	2	5	0	14	11	17	0	0	0	0	0	0	0	0	0	0	0	0	0	0	
STU2	737	0	0	0	0	0	0	2	5	0	2	5	0	14	11	17	0	0	0	0	0	0	0	0	0	0	0	0	0	0	
STU2	738	0	0	0	0	0	0	0	5	0	0	0	0	9	6	7	0	0	0	3	0	2	0	2	2	2	2	0	0	0	
STU2	739	0	0	0	0	0	0	0	5	0	0	0	0	9	6	7	0	0	0	3	0	2	0	2	2	2	2	0	0	0	
STU2	740	0	0	0	0	0	0	0	5	0	0	0	0	9	6	7	0	0	0	3	0	2	0	2	2	2	2	0	0	0	
STU2	741	0	0	0	0	0	0	0	5	0	0	0	0	9	6	7	0	0	0	3	0	2	0	2	2	2	2	0	0	0	
STU2	742	0	0	0	0	0	0	0	5	0	0	0	0	9	6	7	0	0	0	3	0	2	0	2	2	2	2	0	0	0	
STU2	743	0	0	0	0	0	0	0	5	0	0	0	0	9	6	7	0	0	0	3	0	2	0	2	2	2	2	0	0	0	
STU2	744	0	0	0	0	0	0	0	5	0	0	0	0	9	6	7	0	0	0	3	0	2	0	2	2	2	2	0	0	0	
STU2	745	0	0	0	0	0	0	0	5	0	0	0	0	9	6	7	0	0	0	3	0	2	0	2	2	2	2	0	0	0	
STU2	746	0	0	0	0	0	0	0	5	0	0	0	0	9	6	7	0	0	0	3	0	2	0	2	2	2	2	0	0	0	
STU2	747	0	0	0	0	0	0	2	2	0	0	0	0	16	10	17	0	0	0	2	2	0	0	0	0	2	0	0	0	0	
STU2	748	0	0	0	0	0	0	2	2	0	0	0	0	16	10	17	0	0	0	2	2	0	0	0	0	2	0	0	0	0	
STU2	749	0	0	0	0	0	0	2	2	0	0	0	0	16	10	17	0	0	0	2	2	0	0	0	0	2	0	0	0	0	
STU2	750	0	0	0	0	0	0	2	2	0	0	0	0	16	10	17	0	0	0	2	2	0	0	0	0	2	0	0	0	0	
STU2	751	0	0	0	0	0	0	2	2	0	0	0	0	16	10	17	0	0	0	2	2	0	0	0	0	2	0	0	0	0	
STU2	752	0	0	0	0	0	0	2	2	0	0	0	0	16	10	17	0	0	0	2	2	0	0	0	0	2	0	0	0	0	
STU2	753	0	0	0	0	0	0	2	2	0	0	0	0	16	10	17	0	0	0	2	2	0	0	0	0	2	0	0	0	0	
STU2	754	0	0	0	0	0	0	2	2	0	0	0	0	16	10	17	0	0	0	2	2	0	0	0	0	2	0	0	0	0	
STU2	755	0	0	0	0	0	0	2	2	0	0	0	0	11	8	13	0	0	0	2	2	0	0	0	0	0	0	0	0	0	
STU2	756	0	0	0	0	0	0	2	2	0	0	0	0	11	8	13	0	0	0	2	2	0	0	0	0	0	0	0	0	0	
STU2	757	0	0	0	0	0	0	0	2	0	0	0	0	6	4	2	0	2	0	2	0	0	0	0	0	0	0	0	0	0	
STU2	758	0	0	0	0	0	0	0	2	0	0	0	0	6	2	2	0	2	0	5	0	0	0	0	0	0	0	0	0	0	
STU2	759	0	0	0	0	0	0	0	2	0	0	0	0	10	5	5	0	2	0	9	0	0	0	0	0	0	2	0	0	0	
STU2	760	0	0	0	0	0	0	0	2	0	0	0	0	10	5	5	0	2	0	9	0	0	0	0	0	0	2	0	0	0	
STU2	761	0	0	0	0	0	0	0	2	0	0	0	0	10	5	5	0	2	0	9	0	0	0	0	0	0	2	0	0	0	
STU2	762	0	0	0	0	0	0	0	2	0	0	0	0	10	5	5	0	2	0	9	0	0	0	0	0	0	2	0	0	0	
STU2	763	0	0	0	0	0	0	0	2	0	0	0	0	10	5	5	0	2	0	9	0	0	0	0	0	0	2	0	0	0	
STU2	764	0	0	0	0	0	0	0	2	0	0	0	0	10	5	5	0	2	0	9	0	0	0	0	0	0	2	0	0	0	
STU2	765	0	0	0	0	0	0	0	2	0	0	0	0	10	5	5	0	2	0	9	0	0	0	0	0	0	2	0	0	0	
STU2	766	0	0	0	0	0	0	0	2	0	0	0	0	10	5	5	0	2	0	9	0	0	0	0	0	0	2	0	0	0	
STU2	767	0	0	0	0	0	0	0	2	0	0	0	0	10	5	5	0	2	0	9	0	0	0	0	0	0	2	0	0	0	
STU2	768	0	0	0	0	0	0	0	2	0	0	0	0	10	5	5	0	2	0	9	0	0	0	0	0	0	2	0	0	0	
STU2	769	0	0	0	0	0	0	0	2	0	0	0	0	10	5	5	0	2	0	9	0	0	0	0	0	0	2	0	0	0	
STU2	770	0	0	0	0	0	0	0	2	0	0	0	0	10	5	5	0	2	0	9	0	0	0	0	0	0	2	0	0	0	
STU2	771	0	0	0	0	0	0	0	2	0	0	0	0	10	5	5	0	2	0	9	0	0	0	0	0	0	2	0	0	0	
STU2	772	0	0	0	0	0	0	0	2	0	0	0	0	10	5	5	0	2	0	9	0	0	0	0	0	0	2	0	0	0	
STU2	773	0	0	0	0	0	0	0	2	0	0	0	0	10	5	5	0	2	0	9	0	0	0	0	0	0	2	0	0	0	
STU2	774	0	0	0	0	0	0	0	2	0	0	0	0	10	5	5	0	2	0	9	0	0	0	0	0	0	2	0	0	0	
STU2	775	0	0	0	0	0	0	0	2	0	0	0	0	10	5	5	0	2	0	9	0	0	0	0	0	0	2	0	0	0	
STU2	776	0	0	0	0	0	0	0	2	0	0	0	0	10	5	5	0	2	0	9	0	0	0	0	0	0	2	0	0	0	
STU2	777	0	0	0	0	0	0	0	2	0	0	0	0	10	5	5	0	2	0	9	0	0	0	0	0	0	2	0	0	0	
STU2	778	0	0	0	0	0	0	0	2	0	0	0	0	10	5	5	0	2	0	9	0	0	0	0	0	0	2	0	0	0	
STU2	779	0	0	0	0	0	0	0	2	0	0	0	0	10	5	5	0	2	0	9	0	0	0	0	0	0	2	0	0	0	
STU2	780	0	0	0	0	0	0	0	2	0	0	0	0	10	5	5	0	2	0	9	0	0	0	0	0	0	2	0	0	0	
STU2	781	0	0	0	0	0	0	0	2	0	0	0	0	10	5	5	0	2	0	9	0	0	0	0	0	0	2	0	0	0	
STU2	782	0	0	0	0	0	0	0	2	0	0	0	0	10	5	5	0	2	0	9	0	0	0	0	0	0	2	0	0	0	
STU2	783	0	0	0	0	0	0	0	2	0	0	0	0	10	5	5	0	2	0	9	0	0	0	0	0	0	2	0	0	0	
STU2	784	0	0	0	0	0	0	0	2	0	0	0	0	10	5	5	0	2	0	9	0	0	0	0	0	0	2	0	0	0	
STU2	785	0	0	0	0	0	0	0	2	0	0	0	0	10	5	5	0	2	0	9	0	0	0	0	0	0	2	0	0	0	
STU2	786	0	0	0	0	0	0	0	2	0	0	0	0	10	5	5	0	2	0	9	0	0	0	0	0	0	2	0	0	0	
STU2	787	0	0	0	0	0	0	3	4	0	6	5	0	9	13	13	5	6	0	8	0	4	0	0	0	3	2	2	0	0	
STU2	788	0	0	0	0	0	0	3	4	0	6	5	0	9	13	13	5	6	0	8	0	4	0	0	0	3	2	2	0	0	
STU2	789	0	0	0	0	0	0	3	4	0	6	5	0	9	13	13	5	6	0	8	0	4	0	0	0	3	2	2	0	0	
STU2	790	0	0	0	0	0	0	3	4	0	6	5	0	9	13	13	5	6	0	8	0	4	0	0	0	3	2	2	0	0	
STU2	791	0	0	0	0	0	0	3	4	0	6	5	0	9	13	13	5	6	0	8	0	4	0	0	0	3	2	2	0	0	
STU2	792	0	0	0	0	0	0	3	4	0	6	5	0	9	13	13	5	6	0	8	0	4	0	0	0	3	2	2	0	0	
STU2	793	0	0	0	0	0	0	3	4	0	6	5	0	9	13	13	5	6	0	8	0	4	0	0	0	3	2	2	0	0	
STU2	794	0	0	0	0	0	0	3	4	0	6	5	0	9	13	13	5	6	0	8	0	4	0	0	0	3	2	2	0	0	
STU2	795	0	0	0	0	0	0	3	4	0	6	5	0	9	13	13	5	6	0	8	0	4	0	0	0	3	2	2	0	0	
STU2	796	0	0	0	0	0	0	3	4	0	6	5	0	9	13	13	5	6	0	8	0	4	0	0	0	3	2	2	0	0	
STU2	797	0	0	0	0	0	0	3	4	0	6	5	0	9	13	13	5	6	0	8	0	4	0	0	0	3	2	2	0	0	
STU2	798	0	0	0	0	0	0	3	4	0	6	5	0	9	13	13	5	6	0	8	0	4	0	0	0	3	2	2	0	0	
STU2	799	0	0	0	0	0	0	3	4	0	6	5	0	9	13	13	5	6	0	8	0	4	0	0	0	3	2	2	0	0	
STU2	800	0	0	0	0	0	0	3	4	0	6	5	0	9	13	13	5	6	0	8	0	4	0	0	0	3	2	2	0	0	
STU2	801	0	0	0	0	0	0	3	4	0	6	5	0	9	13	13	5	6	0	8	0	4	0	0	0	3	2	2	0	0	
STU2	802	0	0	0	0	0	0	0	2	0	2	2	0	4	7	7	2	3	0	3	0	0	0	0	0	0	2	0	3	2	
STU2	803	0	0	0	0	0	0	0	0	0	0	0	0	0	0	2	0	0	0	0	0	0	0	0	0	0	2	0	3	2	
STU2	804	0	0	0	0	0	0	0	0	0	0	0	0	2	0	4	0	0	0	0	0	0	0	0	0	0	2	0	3	2	
STU2	805	0	0	0	0	0	0	0	0	0	0	0	0	2	0	4	0	0	0	0	0	0	0	0	0	0	2	0	3	2	
STU2	806	0	0	0	0	0	0	0	0	0	0	0	0	2	0	4	0	0	0	0	0	0	0	0	0	0	2	0	3	2	
STU2	807	0	0	0	0	0	0	0	0	0	0	0	0	2	0	4	0	0	0	0	0	0	0	0	0	0	2	0	3	2	
STU2	808	0	0	0	0	0	0	0	0	0	0	0	0	2	0	4	0	0	0	0	0	0	0	0	0	0	2	0	3	2	
STU2	809	0	0	0	0	0	0	0	0	0	0	0	0	2	0	4	0	0	0	0	0	0	0	0	0	0	2	0	3	2	
STU2	810	0	0	0	0	0	0	0	0	0	0	0	0	2	0	4	0	0	0	0	0	0	0	0	0	0	2	0	3	2	
STU2	811	0	0	0	0	0	0	0	3	0	0	0	0	5	4	6	2	0	0	4	0	0	0	0	0	0	0	0	0	0	
STU2	812	0	0	0	0	0	0	0	3	0	0	2	0	10	11	10	2	0	0	4	0	0	0	0	0	0	0	0	0	0	
STU2	813	0	0	0	0	0	0	0	3	0	0	2	0	10	11	10	2	0	0	4	0	0	0	0	0	0	0	0	0	0	
STU2	814	0	0	0	0	0	0	0	3	0	0	2	0	10	11	10	2	0	0	4	0	0	0	0	0	0	0	0	0	0	
STU2	815	0	0	0	0	0	0	0	3	0	0	2	0	10	11	10	2	0	0	4	0	0	0	0	0	0	0	0	0	0	
STU2	816	0	0	0	0	0	0	0	3	0	0	2	0	10	11	10	2	0	0	4	0	0	0	0	0	0	0	0	0	0	
STU2	817	0	0	0	0	0	0	0	3	0	0	2	0	10	11	10	2	0	0	4	0	0	0	0	0	0	0	0	0	0	
STU2	818	0	0	0	0	0	0	0	3	0	0	2	0	10	11	10	2	0	0	4	0	0	0	0	0	0	0	0	0	0	
STU2	819	0	0	0	0	0	0	0	3	0	0	2	0	10	11	10	2	0	0	4	0	0	0	0	0	0	0	0	0	0	
STU2	820	0	0	0	0	0	0	0	3	0	0	2	0	10	11	10	2	0	0	4	0	0	0	0	0	0	0	0	0	0	
STU2	821	0	0	0	0	0	0	0	3	0	0	2	0	10	11	10	2	0	0	4	0	0	0	0	0	0	0	0	0	0	
STU2	822	0	0	0	0	0	0	0	3	0	0	2	0	10	11	10	2	0	0	4	0	0	0	0	0	0	0	0	0	0	
STU2	823	0	0	0	0	0	0	0	0	0	0	0	0	4	2	4	0	0	0	2	0	0	0	0	0	0	0	0	2	2	
STU2	824	0	0	0	0	0	0	0	0	0	0	0	0	4	2	4	0	0	0	2	0	0	0	0	0	0	0	0	2	2	
STU2	825	0	0	0	0	0	0	0	0	0	0	0	0	4	2	4	0	0	0	2	0	0	0	0	0	0	0	0	2	2	
STU2	826	0	0	0	0	0	0	0	0	0	0	0	0	4	2	4	0	0	0	2	0	0	0	0	0	0	0	0	2	2	
STU2	827	0	0	0	0	0	0	0	0	0	0	0	0	4	2	4	0	0	0	2	0	0	0	0	0	0	0	0	2	2	
STU2	828	0	0	0	0	0	0	0	0	0	0	0	0	4	2	4	0	0	0	2	0	0	0	0	0	0	0	0	2	2	
STU2	829	0	0	0	0	0	0	0	0	0	0	0	0	4	2	4	0	0	0	2	0	0	0	0	0	0	0	0	2	2	
STU2	830	0	0	0	0	0	0	0	0	0	0	0	0	4	2	4	0	0	0	2	0	0	0	0	0	0	0	0	2	2	
STU2	831	0	0	0	0	0	0	0	0	0	0	0	0	4	2	4	0	0	0	2	0	0	0	0	0	0	0	0	2	2	
STU2	832	0	0	0	0	0	0	0	0	0	0	0	0	4	2	4	0	0	0	2	0	0	0	0	0	0	0	0	2	2	
STU2	833	0	0	0	0	0	0	0	0	0	0	0	0	2	0	4	0	0	0	0	0	0	0	0	0	0	0	0	2	2	
STU2	834	0	0	0	0	0	0	0	0	0	0	0	0	0	0	6	0	0	0	0	0	0	0	0	0	0	0	0	0	0	
STU2	835	0	0	0	0	0	0	0	0	0	0	0	0	0	0	6	0	0	0	0	0	0	0	0	0	0	0	0	0	0	
STU2	836	0	0	0	0	0	0	0	0	0	0	0	0	0	0	6	0	0	0	0	0	0	0	0	0	0	0	0	0	0	
STU2	837	0	0	0	0	0	0	0	0	0	0	0	0	0	0	6	0	0	0	0	0	0	0	0	0	0	0	0	0	0	
STU2	838	0	0	0	0	0	0	0	0	0	0	0	0	0	0	6	0	0	0	0	0	0	0	0	0	0	0	0	0	0	
STU2	839	0	0	0	0	0	0	0	0	0	0	0	0	0	0	6	0	0	0	0	0	0	0	0	0	0	0	0	0	0	
STU2	840	0	0	0	0	0	0	0	0	0	0	0	0	0	0	6	0	0	0	0	0	0	0	0	0	0	0	0	0	0	
STU2	841	0	0	0	0	0	0	0	0	0	0	0	0	0	0	6	0	0	0	0	0	0	0	0	0	0	0	0	0	0	
STU2	842	0	0	0	0	0	0	0	0	0	0	0	0	0	0	6	0	0	0	0	0	0	0	0	0	0	0	0	0	0	
STU2	843	0	0	0	0	0	0	0	0	0	0	0	0	0	0	6	0	0	0	0	0	0	0	0	0	0	0	0	0	0	
STU2	844	0	0	0	0	0	0	0	0	0	0	0	0	0	0	6	0	0	0	0	0	0	0	0	0	0	0	0	0	0	
STU2	845	0	0	0	0	0	0	0	0	0	0	0	0	0	0	6	0	0	0	0	0	0	0	0	0	0	0	0	0	0	
STU2	846	0	0	0	0	0	0	0	0	0	0	0	0	0	0	6	0	0	0	0	0	0	0	0	0	0	0	0	0	0	
STU2	847	0	0	0	0	0	0	0	0	0	0	0	0	0	0	6	0	0	0	0	0	0	0	0	0	0	0	0	0	0	
STU2	848	0	0	0	0	0	0	0	0	0	0	0	0	0	0	6	0	0	0	0	0	0	0	0	0	0	0	0	0	0	
STU2	849	0	0	0	0	0	0	0	0	0	0	0	0	0	0	6	0	0	0	0	0	0	0	0	0	0	0	0	0	0	
STU2	850	0	0	0	0	0	0	0	0	0	0	0	0	0	0	6	0	0	0	0	0	0	0	0	0	0	0	0	0	0	
STU2	851	0	0	0	0	0	0	0	0	0	0	0	0	0	0	6	0	0	0	0	0	0	0	0	0	0	0	0	0	0	
STU2	852	0	0	0	0	0	0	0	0	0	0	0	0	0	0	6	0	0	0	0	0	0	0	0	0	0	0	0	0	0	
STU2	853	0	0	0	0	0	0	0	0	0	0	0	0	0	0	6	0	0	0	0	0	0	0	0	0	0	0	0	0	0	
STU2	854	0	0	0	0	0	0	0	0	0	0	0	0	0	0	6	0	0	0	0	0	0	0	0	0	0	0	0	0	0	
STU2	855	0	0	0	0	0	0	0	0	0	0	0	0	0	0	6	0	0	0	0	0	0	0	0	0	0	0	0	0	0	
STU2	856	0	0	0	0	0	0	0	0	0	0	0	0	0	0	6	0	0	0	0	0	0	0	0	0	0	0	0	0	0	
STU2	857	0	0	0	0	0	0	0	0	0	0	0	0	0	0	6	0	0	0	0	0	0	0	0	0	0	0	0	0	0	
STU2	858	0	0	0	0	0	0	0	0	0	0	0	0	0	0	6	0	0	0	0	0	0	0	0	0	0	0	0	0	0	
STU2	859	0	0	0	0	0	0	0	0	0	0	0	0	0	0	6	0	0	0	0	0	0	0	0	0	0	0	0	0	0	
STU2	860	0	0	0	0	0	0	0	0	0	0	0	0	0	0	6	0	0	0	0	0	0	0	0	0	0	0	0	0	0	
STU2	861	0	0	0	0	0	0	0	0	0	0	0	0	0	0	6	0	0	0	0	0	0	0	0	0	0	0	0	0	0	
STU2	862	0	0	2	0	0	0	0	0	0	0	0	0	4	0	3	0	0	0	2	0	0	0	0	0	0	0	0	0	0	
STU2	863	0	0	2	0	0	0	0	0	0	0	0	0	4	0	3	0	0	0	2	0	0	0	0	0	0	0	0	0	0	
STU2	864	0	0	2	0	0	0	0	0	0	0	0	0	4	0	3	0	0	0	2	0	0	0	0	0	0	0	0	0	0	
STU2	865	0	0	2	0	0	0	0	0	0	0	0	0	4	0	3	0	0	0	2	0	0	0	0	0	0	0	0	0	0	
STU2	866	0	0	2	0	0	0	0	0	0	0	0	0	4	0	3	0	0	0	2	0	0	0	0	0	0	0	0	0	0	
STU2	867	0	0	2	0	0	0	0	0	0	0	0	0	4	0	3	0	0	0	2	0	0	0	0	0	0	0	0	0	0	
STU2	868	0	0	2	0	0	0	0	0	0	0	0	0	4	0	3	0	0	0	2	0	0	0	0	0	0	0	0	0	0	
STU2	869	0	0	2	0	0	0	0	0	0	0	0	0	4	0	3	0	0	0	2	0	0	0	0	0	0	0	0	0	0	
STU2	870	0	0	2	0	0	0	0	0	0	0	0	0	4	0	3	0	0	0	2	0	0	0	0	0	0	0	0	0	0	
STU2	871	0	0	0	0	0	0	0	0	0	0	0	0	2	0	0	0	0	0	0	0	0	0	0	0	0	0	0	0	0	
STU2	872	0	0	0	0	0	0	0	0	0	0	0	0	2	0	0	0	0	0	0	0	0	0	0	0	0	0	0	0	0	
STU2	873	0	0	0	0	0	0	0	0	0	0	0	0	2	0	0	0	0	0	0	0	0	0	0	0	0	0	0	0	0	
STU2	874	0	0	0	0	0	0	0	0	0	0	0	0	2	0	0	0	0	0	0	0	0	0	0	0	0	0	0	0	0	
STU2	875	0	0	0	0	0	0	0	0	0	0	0	0	2	0	0	0	0	0	0	0	0	0	0	0	0	0	0	0	0	
STU2	876	0	0	0	0	0	0	0	0	0	0	0	0	0	0	0	0	0	0	0	0	0	0	0	0	0	0	0	0	0	
STU2	877	0	0	0	0	0	0	0	0	0	0	0	0	0	0	0	0	0	0	0	0	0	0	0	0	0	0	0	0	0	
STU2	878	0	0	0	0	0	0	0	0	0	0	0	0	0	0	0	0	0	0	0	0	0	0	0	0	0	0	0	0	0	
STU2	879	0	0	0	0	0	0	0	0	0	0	0	0	0	0	0	0	0	0	0	0	0	0	0	0	0	0	0	0	0	
STU2	880	0	0	0	0	0	0	0	0	0	0	0	0	0	0	0	0	0	0	0	0	0	0	0	0	0	0	0	0	0	
STU2	881	0	0	0	0	0	0	0	0	0	0	0	0	0	0	0	0	0	0	0	0	0	0	0	0	0	0	0	0	0	
STU2	882	0	0	0	0	0	0	0	0	0	0	0	0	0	0	0	0	0	0	0	0	0	0	0	0	0	0	0	0	0	
STU2	883	0	0	0	0	0	0	0	0	0	0	0	0	0	0	0	0	0	0	0	0	0	0	0	0	0	0	0	0	0	
STU2	884	0	0	0	0	0	0	0	0	0	0	0	0	0	0	0	0	0	0	0	0	0	0	0	0	0	0	0	0	0	
STU2	885	0	0	0	0	0	0	0	0	0	0	0	0	0	0	0	0	0	0	0	0	0	0	0	0	0	0	0	0	0	
STU2	886	0	0	0	0	0	0	0	0	0	0	0	0	0	0	0	0	0	0	0	0	0	0	0	0	0	0	0	0	0	
STU2	887	0	0	0	0	0	0	0	0	0	0	0	0	0	0	0	0	0	0	0	0	0	0	0	0	0	0	0	0	0	
STU2	888	0	0	0	0	0	0	0	0	0	0	0	0	0	0	0	0	0	0	0	0	0	0	0	0	0	0	0	0	0	
