protein	site	PSMs_3.5_DM_2 - benomyl arrested.csv	PSMs_3.5_DM_1 - DMSO asynchronous.csv	PSMs_3.5_DM_3 - metaphase cdc20-aid arrested.csv	
STU1	0	0	0	0	
STU1	1	0	0	0	
STU1	2	0	0	0	
STU1	3	0	0	0	
STU1	4	0	0	0	
STU1	5	0	0	0	
STU1	6	0	0	0	
STU1	7	0	0	0	
STU1	8	0	0	0	
STU1	9	0	0	0	
STU1	10	0	0	0	
STU1	11	0	0	0	
STU1	12	0	0	0	
STU1	13	0	0	0	
STU1	14	0	0	0	
STU1	15	0	0	0	
STU1	16	0	0	0	
STU1	17	0	0	0	
STU1	18	0	0	0	
STU1	19	0	0	0	
STU1	20	0	0	0	
STU1	21	0	0	0	
STU1	22	0	0	0	
STU1	23	0	0	0	
STU1	24	0	0	0	
STU1	25	0	0	0	
STU1	26	0	0	0	
STU1	27	0	0	0	
STU1	28	0	0	0	
STU1	29	0	0	0	
STU1	30	0	0	0	
STU1	31	0	0	0	
STU1	32	0	0	0	
STU1	33	0	0	0	
STU1	34	0	0	0	
STU1	35	0	0	0	
STU1	36	0	0	0	
STU1	37	0	0	0	
STU1	38	0	0	0	
STU1	39	0	0	0	
STU1	40	0	0	0	
STU1	41	0	0	0	
STU1	42	0	0	0	
STU1	43	0	0	0	
STU1	44	0	0	0	
STU1	45	0	0	0	
STU1	46	0	0	0	
STU1	47	0	0	0	
STU1	48	0	0	0	
STU1	49	0	0	0	
STU1	50	0	0	0	
STU1	51	0	0	0	
STU1	52	0	0	0	
STU1	53	0	0	0	
STU1	54	0	0	0	
STU1	55	0	0	0	
STU1	56	0	0	0	
STU1	57	0	0	0	
STU1	58	0	0	0	
STU1	59	0	0	0	
STU1	60	0	0	0	
STU1	61	0	0	0	
STU1	62	0	0	0	
STU1	63	0	0	0	
STU1	64	0	0	0	
STU1	65	0	0	0	
STU1	66	0	0	0	
STU1	67	0	0	0	
STU1	68	0	0	0	
STU1	69	0	0	0	
STU1	70	0	0	0	
STU1	71	0	0	0	
STU1	72	0	0	0	
STU1	73	0	0	0	
STU1	74	0	0	0	
STU1	75	0	0	0	
STU1	76	0	0	0	
STU1	77	6	0	49	
STU1	78	6	0	49	
STU1	79	6	0	49	
STU1	80	6	0	49	
STU1	81	39	28	182	
STU1	82	39	28	182	
STU1	83	39	28	182	
STU1	84	39	28	182	
STU1	85	39	28	182	
STU1	86	39	28	182	
STU1	87	39	28	182	
STU1	88	39	28	182	
STU1	89	39	28	182	
STU1	90	39	28	182	
STU1	91	39	28	182	
STU1	92	39	28	182	
STU1	93	39	28	182	
STU1	94	39	28	182	
STU1	95	39	28	170	
STU1	96	0	0	0	
STU1	97	0	0	0	
STU1	98	0	0	0	
STU1	99	0	0	0	
STU1	100	0	0	0	
STU1	101	0	0	0	
STU1	102	0	0	0	
STU1	103	0	0	0	
STU1	104	0	0	0	
STU1	105	0	0	0	
STU1	106	0	0	0	
STU1	107	0	0	0	
STU1	108	0	0	0	
STU1	109	0	0	0	
STU1	110	0	0	0	
STU1	111	0	0	0	
STU1	112	0	0	0	
STU1	113	0	0	0	
STU1	114	0	0	0	
STU1	115	0	0	0	
STU1	116	0	0	0	
STU1	117	0	0	0	
STU1	118	0	0	0	
STU1	119	0	0	0	
STU1	120	0	0	0	
STU1	121	0	0	0	
STU1	122	0	0	0	
STU1	123	0	0	0	
STU1	124	0	0	0	
STU1	125	0	3	2	
STU1	126	0	3	2	
STU1	127	0	3	2	
STU1	128	0	3	2	
STU1	129	0	3	2	
STU1	130	0	3	2	
STU1	131	0	3	2	
STU1	132	0	3	2	
STU1	133	0	0	0	
STU1	134	0	0	0	
STU1	135	0	0	0	
STU1	136	0	0	0	
STU1	137	0	0	0	
STU1	138	0	0	0	
STU1	139	0	0	0	
STU1	140	0	0	0	
STU1	141	0	0	0	
STU1	142	0	0	0	
STU1	143	0	0	0	
STU1	144	0	0	0	
STU1	145	0	0	0	
STU1	146	0	0	0	
STU1	147	0	0	0	
STU1	148	0	0	0	
STU1	149	0	0	0	
STU1	150	0	0	0	
STU1	151	0	0	0	
STU1	152	0	0	0	
STU1	153	0	0	0	
STU1	154	0	0	0	
STU1	155	0	0	2	
STU1	156	0	0	2	
STU1	157	0	0	2	
STU1	158	0	0	2	
STU1	159	0	0	2	
STU1	160	0	0	2	
STU1	161	0	0	2	
STU1	162	0	0	2	
STU1	163	0	0	2	
STU1	164	0	0	2	
STU1	165	0	0	2	
STU1	166	0	0	2	
STU1	167	0	0	2	
STU1	168	6	3	26	
STU1	169	6	3	26	
STU1	170	28	13	71	
STU1	171	28	13	71	
STU1	172	28	13	71	
STU1	173	28	13	71	
STU1	174	28	13	71	
STU1	175	28	13	71	
STU1	176	28	13	71	
STU1	177	28	13	71	
STU1	178	28	13	71	
STU1	179	28	13	71	
STU1	180	28	13	71	
STU1	181	28	13	71	
STU1	182	28	13	71	
STU1	183	28	13	71	
STU1	184	28	13	71	
STU1	185	2	0	0	
STU1	186	2	0	0	
STU1	187	2	0	0	
STU1	188	2	0	0	
STU1	189	2	0	0	
STU1	190	2	0	0	
STU1	191	2	0	0	
STU1	192	2	0	0	
STU1	193	2	0	0	
STU1	194	2	0	0	
STU1	195	0	0	0	
STU1	196	0	0	0	
STU1	197	0	0	0	
STU1	198	0	0	0	
STU1	199	0	0	0	
STU1	200	0	0	0	
STU1	201	0	0	0	
STU1	202	0	0	0	
STU1	203	0	0	0	
STU1	204	0	0	0	
STU1	205	0	0	0	
STU1	206	0	0	0	
STU1	207	0	0	0	
STU1	208	0	0	0	
STU1	209	0	0	0	
STU1	210	0	0	0	
STU1	211	0	0	0	
STU1	212	0	0	0	
STU1	213	0	0	0	
STU1	214	0	0	0	
STU1	215	0	0	0	
STU1	216	0	0	0	
STU1	217	0	0	0	
STU1	218	0	0	0	
STU1	219	0	0	0	
STU1	220	0	0	0	
STU1	221	0	0	0	
STU1	222	0	0	0	
STU1	223	0	0	0	
STU1	224	0	0	0	
STU1	225	0	0	0	
STU1	226	0	0	0	
STU1	227	0	0	0	
STU1	228	0	0	0	
STU1	229	0	0	0	
STU1	230	0	0	0	
STU1	231	0	0	12	
STU1	232	0	0	12	
STU1	233	0	0	12	
STU1	234	13	6	48	
STU1	235	13	6	48	
STU1	236	13	6	48	
STU1	237	13	6	48	
STU1	238	13	6	48	
STU1	239	13	6	48	
STU1	240	13	6	48	
STU1	241	13	6	48	
STU1	242	13	6	48	
STU1	243	13	6	48	
STU1	244	13	6	48	
STU1	245	13	6	48	
STU1	246	13	6	48	
STU1	247	13	6	48	
STU1	248	13	6	48	
STU1	249	13	6	48	
STU1	250	13	6	48	
STU1	251	13	6	48	
STU1	252	13	6	48	
STU1	253	13	6	48	
STU1	254	13	6	48	
STU1	255	0	0	0	
STU1	256	0	0	0	
STU1	257	0	0	0	
STU1	258	0	0	0	
STU1	259	0	0	0	
STU1	260	0	0	0	
STU1	261	0	0	0	
STU1	262	0	0	0	
STU1	263	0	0	0	
STU1	264	0	0	0	
STU1	265	7	0	58	
STU1	266	7	0	58	
STU1	267	7	0	58	
STU1	268	7	0	58	
STU1	269	7	0	58	
STU1	270	7	0	58	
STU1	271	7	0	58	
STU1	272	7	0	58	
STU1	273	7	0	58	
STU1	274	7	0	58	
STU1	275	7	0	58	
STU1	276	9	0	82	
STU1	277	9	0	82	
STU1	278	9	0	82	
STU1	279	9	0	82	
STU1	280	9	0	82	
STU1	281	9	0	82	
STU1	282	9	0	82	
STU1	283	9	0	82	
STU1	284	9	0	82	
STU1	285	9	0	82	
STU1	286	9	0	82	
STU1	287	9	0	82	
STU1	288	9	0	82	
STU1	289	9	0	82	
STU1	290	9	0	82	
STU1	291	9	0	82	
STU1	292	9	0	82	
STU1	293	9	0	82	
STU1	294	312	280	385	
STU1	295	312	280	385	
STU1	296	312	280	385	
STU1	297	312	280	385	
STU1	298	312	280	385	
STU1	299	312	280	385	
STU1	300	312	280	385	
STU1	301	312	280	385	
STU1	302	312	280	385	
STU1	303	312	280	385	
STU1	304	312	280	385	
STU1	305	264	234	330	
STU1	306	264	234	330	
STU1	307	264	234	330	
STU1	308	264	234	330	
STU1	309	264	234	330	
STU1	310	114	100	165	
STU1	311	2	0	21	
STU1	312	2	0	21	
STU1	313	2	0	21	
STU1	314	2	0	21	
STU1	315	2	0	21	
STU1	316	2	0	21	
STU1	317	2	0	21	
STU1	318	2	0	21	
STU1	319	2	0	21	
STU1	320	2	0	21	
STU1	321	2	0	21	
STU1	322	2	0	21	
STU1	323	2	0	21	
STU1	324	2	0	21	
STU1	325	2	0	21	
STU1	326	2	0	21	
STU1	327	2	0	21	
STU1	328	2	0	21	
STU1	329	2	0	21	
STU1	330	2	0	21	
STU1	331	2	0	21	
STU1	332	2	0	21	
STU1	333	2	0	21	
STU1	334	28	28	29	
STU1	335	28	28	29	
STU1	336	28	28	29	
STU1	337	28	28	29	
STU1	338	28	28	29	
STU1	339	28	28	29	
STU1	340	28	28	29	
STU1	341	15	8	27	
STU1	342	15	8	27	
STU1	343	116	83	170	
STU1	344	116	83	170	
STU1	345	116	83	170	
STU1	346	116	83	170	
STU1	347	116	83	170	
STU1	348	116	83	170	
STU1	349	116	83	170	
STU1	350	116	83	170	
STU1	351	116	83	170	
STU1	352	116	83	170	
STU1	353	116	83	170	
STU1	354	116	83	170	
STU1	355	116	83	170	
STU1	356	116	83	170	
STU1	357	116	83	170	
STU1	358	116	83	170	
STU1	359	116	83	170	
STU1	360	37	54	103	
STU1	361	37	54	103	
STU1	362	37	54	103	
STU1	363	37	54	103	
STU1	364	37	54	103	
STU1	365	37	54	103	
STU1	366	37	54	103	
STU1	367	37	54	103	
STU1	368	37	54	103	
STU1	369	37	54	103	
STU1	370	37	54	103	
STU1	371	61	52	80	
STU1	372	61	52	80	
STU1	373	61	52	80	
STU1	374	61	52	80	
STU1	375	61	52	80	
STU1	376	61	52	80	
STU1	377	61	52	80	
STU1	378	61	52	80	
STU1	379	61	52	80	
STU1	380	61	52	80	
STU1	381	0	0	0	
STU1	382	0	0	0	
STU1	383	0	0	0	
STU1	384	0	0	0	
STU1	385	0	0	0	
STU1	386	0	0	0	
STU1	387	0	0	0	
STU1	388	0	0	0	
STU1	389	0	0	0	
STU1	390	0	0	0	
STU1	391	0	0	0	
STU1	392	0	0	0	
STU1	393	0	0	0	
STU1	394	0	0	0	
STU1	395	0	0	0	
STU1	396	0	0	0	
STU1	397	0	0	0	
STU1	398	0	0	0	
STU1	399	0	0	0	
STU1	400	0	0	0	
STU1	401	0	0	0	
STU1	402	0	0	0	
STU1	403	0	0	0	
STU1	404	0	0	0	
STU1	405	0	0	0	
STU1	406	0	0	0	
STU1	407	0	0	0	
STU1	408	0	0	0	
STU1	409	0	0	0	
STU1	410	0	0	0	
STU1	411	0	0	0	
STU1	412	0	0	0	
STU1	413	0	0	0	
STU1	414	0	0	0	
STU1	415	0	0	0	
STU1	416	0	0	0	
STU1	417	0	0	0	
STU1	418	0	0	0	
STU1	419	0	0	0	
STU1	420	0	0	0	
STU1	421	0	0	0	
STU1	422	0	0	0	
STU1	423	0	0	0	
STU1	424	0	0	0	
STU1	425	0	0	0	
STU1	426	0	0	0	
STU1	427	0	0	0	
STU1	428	0	0	0	
STU1	429	0	0	0	
STU1	430	0	0	2	
STU1	431	0	0	2	
STU1	432	0	0	2	
STU1	433	0	0	2	
STU1	434	0	0	2	
STU1	435	0	0	2	
STU1	436	0	0	2	
STU1	437	0	0	2	
STU1	438	0	0	2	
STU1	439	0	0	2	
STU1	440	0	0	2	
STU1	441	0	0	2	
STU1	442	0	0	2	
STU1	443	0	0	2	
STU1	444	0	0	2	
STU1	445	0	0	2	
STU1	446	0	0	2	
STU1	447	0	0	2	
STU1	448	0	0	2	
STU1	449	0	0	2	
STU1	450	0	0	2	
STU1	451	0	0	2	
STU1	452	0	0	2	
STU1	453	0	0	2	
STU1	454	0	0	2	
STU1	455	0	0	2	
STU1	456	0	0	2	
STU1	457	0	0	2	
STU1	458	0	0	2	
STU1	459	0	0	2	
STU1	460	0	0	2	
STU1	461	0	0	2	
STU1	462	0	0	2	
STU1	463	0	0	2	
STU1	464	0	0	2	
STU1	465	0	0	0	
STU1	466	0	0	0	
STU1	467	0	0	0	
STU1	468	0	0	0	
STU1	469	0	0	0	
STU1	470	37	37	70	
STU1	471	37	37	70	
STU1	472	37	37	70	
STU1	473	37	37	70	
STU1	474	37	37	70	
STU1	475	37	37	70	
STU1	476	37	37	70	
STU1	477	37	37	70	
STU1	478	2	2	27	
STU1	479	2	2	27	
STU1	480	2	2	27	
STU1	481	2	2	27	
STU1	482	2	2	27	
STU1	483	40	32	59	
STU1	484	40	32	59	
STU1	485	40	32	59	
STU1	486	40	32	59	
STU1	487	40	32	59	
STU1	488	40	32	59	
STU1	489	40	32	59	
STU1	490	40	32	59	
STU1	491	40	32	59	
STU1	492	40	32	59	
STU1	493	40	32	59	
STU1	494	40	32	59	
STU1	495	40	32	59	
STU1	496	40	32	59	
STU1	497	40	32	59	
STU1	498	40	32	59	
STU1	499	40	32	59	
STU1	500	40	32	59	
STU1	501	40	32	59	
STU1	502	25	24	68	
STU1	503	25	24	68	
STU1	504	25	24	68	
STU1	505	25	24	68	
STU1	506	25	24	68	
STU1	507	25	24	68	
STU1	508	25	24	68	
STU1	509	25	24	68	
STU1	510	25	24	68	
STU1	511	25	24	68	
STU1	512	25	24	68	
STU1	513	25	24	68	
STU1	514	25	24	68	
STU1	515	25	24	46	
STU1	516	28	29	30	
STU1	517	28	29	30	
STU1	518	28	29	30	
STU1	519	28	29	30	
STU1	520	28	29	30	
STU1	521	28	29	30	
STU1	522	28	29	30	
STU1	523	28	29	30	
STU1	524	28	29	30	
STU1	525	28	29	30	
STU1	526	0	0	0	
STU1	527	0	0	0	
STU1	528	0	0	0	
STU1	529	0	0	0	
STU1	530	0	0	11	
STU1	531	0	0	11	
STU1	532	0	0	11	
STU1	533	0	0	11	
STU1	534	0	0	11	
STU1	535	0	0	11	
STU1	536	0	0	11	
STU1	537	0	0	11	
STU1	538	0	0	2	
STU1	539	0	0	2	
STU1	540	0	0	2	
STU1	541	0	0	2	
STU1	542	0	0	2	
STU1	543	0	0	2	
STU1	544	0	0	2	
STU1	545	119	92	124	
STU1	546	267	211	263	
STU1	547	267	211	263	
STU1	548	267	211	263	
STU1	549	267	211	263	
STU1	550	267	211	263	
STU1	551	267	211	263	
STU1	552	267	211	263	
STU1	553	267	211	263	
STU1	554	267	211	263	
STU1	555	267	211	263	
STU1	556	267	211	263	
STU1	557	312	274	399	
STU1	558	241	216	347	
STU1	559	241	216	347	
STU1	560	241	216	347	
STU1	561	241	216	347	
STU1	562	241	216	347	
STU1	563	241	216	347	
STU1	564	241	216	347	
STU1	565	241	216	347	
STU1	566	241	216	347	
STU1	567	241	216	347	
STU1	568	241	216	347	
STU1	569	241	216	347	
STU1	570	241	216	347	
STU1	571	241	216	347	
STU1	572	241	216	347	
STU1	573	241	216	347	
STU1	574	241	216	347	
STU1	575	241	216	347	
STU1	576	0	0	0	
STU1	577	0	0	0	
STU1	578	0	0	0	
STU1	579	0	0	0	
STU1	580	0	0	0	
STU1	581	0	0	0	
STU1	582	0	0	0	
STU1	583	0	0	0	
STU1	584	0	0	0	
STU1	585	0	0	0	
STU1	586	0	0	0	
STU1	587	0	0	0	
STU1	588	0	0	0	
STU1	589	45	16	35	
STU1	590	45	16	35	
STU1	591	45	16	35	
STU1	592	45	16	35	
STU1	593	45	16	35	
STU1	594	45	16	35	
STU1	595	45	16	35	
STU1	596	45	16	35	
STU1	597	45	16	35	
STU1	598	45	16	35	
STU1	599	45	16	35	
STU1	600	42	52	58	
STU1	601	74	76	84	
STU1	602	74	76	84	
STU1	603	74	76	84	
STU1	604	74	76	84	
STU1	605	74	76	84	
STU1	606	74	76	84	
STU1	607	74	76	84	
STU1	608	40	30	57	
STU1	609	168	113	207	
STU1	610	168	113	207	
STU1	611	168	113	207	
STU1	612	168	113	207	
STU1	613	168	113	207	
STU1	614	168	113	207	
STU1	615	168	113	207	
STU1	616	168	113	207	
STU1	617	168	113	207	
STU1	618	168	113	207	
STU1	619	168	113	207	
STU1	620	168	113	207	
STU1	621	168	113	207	
STU1	622	168	113	207	
STU1	623	168	113	207	
STU1	624	168	113	207	
STU1	625	168	113	207	
STU1	626	168	113	207	
STU1	627	168	113	207	
STU1	628	168	113	207	
STU1	629	168	113	207	
STU1	630	168	113	207	
STU1	631	168	113	207	
STU1	632	168	113	207	
STU1	633	168	113	207	
STU1	634	168	113	207	
STU1	635	168	113	207	
STU1	636	168	113	207	
STU1	637	168	113	207	
STU1	638	168	113	207	
STU1	639	168	113	207	
STU1	640	168	113	207	
STU1	641	19	13	18	
STU1	642	19	13	18	
STU1	643	19	13	18	
STU1	644	19	13	18	
STU1	645	19	13	18	
STU1	646	19	13	18	
STU1	647	0	0	0	
STU1	648	0	0	0	
STU1	649	0	0	0	
STU1	650	0	0	0	
STU1	651	8	16	23	
STU1	652	8	16	23	
STU1	653	8	16	23	
STU1	654	8	16	23	
STU1	655	8	16	23	
STU1	656	8	16	23	
STU1	657	8	16	23	
STU1	658	8	16	23	
STU1	659	8	16	23	
STU1	660	8	16	23	
STU1	661	8	16	23	
STU1	662	8	16	23	
STU1	663	8	13	17	
STU1	664	0	0	0	
STU1	665	0	0	0	
STU1	666	17	29	50	
STU1	667	17	29	50	
STU1	668	17	29	50	
STU1	669	17	29	50	
STU1	670	17	29	50	
STU1	671	17	29	50	
STU1	672	17	29	50	
STU1	673	17	29	50	
STU1	674	17	29	50	
STU1	675	17	29	50	
STU1	676	17	29	50	
STU1	677	17	29	50	
STU1	678	17	29	50	
STU1	679	17	29	50	
STU1	680	0	0	0	
STU1	681	0	0	0	
STU1	682	0	0	0	
STU1	683	0	0	0	
STU1	684	0	0	0	
STU1	685	0	0	0	
STU1	686	0	0	0	
STU1	687	27	25	39	
STU1	688	115	144	148	
STU1	689	204	222	246	
STU1	690	204	222	246	
STU1	691	204	222	246	
STU1	692	204	222	246	
STU1	693	204	222	246	
STU1	694	204	222	246	
STU1	695	204	222	246	
STU1	696	204	222	246	
STU1	697	204	222	246	
STU1	698	204	222	246	
STU1	699	204	222	246	
STU1	700	204	222	246	
STU1	701	0	2	64	
STU1	702	0	2	64	
STU1	703	0	2	64	
STU1	704	0	2	64	
STU1	705	0	2	64	
STU1	706	0	2	64	
STU1	707	0	2	64	
STU1	708	0	2	64	
STU1	709	0	2	64	
STU1	710	0	2	64	
STU1	711	0	2	64	
STU1	712	0	2	64	
STU1	713	0	2	64	
STU1	714	0	2	64	
STU1	715	0	2	64	
STU1	716	0	2	64	
STU1	717	0	2	64	
STU1	718	0	2	64	
STU1	719	0	2	64	
STU1	720	0	2	64	
STU1	721	0	2	64	
STU1	722	0	2	64	
STU1	723	0	2	64	
STU1	724	0	2	64	
STU1	725	0	2	64	
STU1	726	0	2	64	
STU1	727	0	2	64	
STU1	728	0	2	64	
STU1	729	0	2	64	
STU1	730	0	2	64	
STU1	731	0	2	64	
STU1	732	0	2	64	
STU1	733	52	69	143	
STU1	734	223	299	511	
STU1	735	223	299	511	
STU1	736	223	299	511	
STU1	737	223	299	511	
STU1	738	270	373	592	
STU1	739	270	373	592	
STU1	740	270	373	592	
STU1	741	270	373	592	
STU1	742	270	373	592	
STU1	743	270	373	592	
STU1	744	270	373	592	
STU1	745	270	373	592	
STU1	746	270	373	592	
STU1	747	270	373	592	
STU1	748	270	373	592	
STU1	749	270	373	592	
STU1	750	270	373	592	
STU1	751	18	19	24	
STU1	752	18	19	24	
STU1	753	18	19	24	
STU1	754	18	19	24	
STU1	755	144	152	154	
STU1	756	144	152	154	
STU1	757	144	152	154	
STU1	758	144	152	154	
STU1	759	144	152	154	
STU1	760	144	152	154	
STU1	761	144	152	154	
STU1	762	144	152	154	
STU1	763	144	152	154	
STU1	764	52	43	51	
STU1	765	0	0	7	
STU1	766	0	0	7	
STU1	767	0	0	7	
STU1	768	0	0	7	
STU1	769	0	0	7	
STU1	770	0	0	7	
STU1	771	0	0	7	
STU1	772	0	0	7	
STU1	773	0	0	7	
STU1	774	0	0	7	
STU1	775	0	0	7	
STU1	776	4	3	11	
STU1	777	4	3	11	
STU1	778	4	3	11	
STU1	779	4	3	11	
STU1	780	4	3	11	
STU1	781	4	3	11	
STU1	782	4	3	11	
STU1	783	4	3	11	
STU1	784	7	4	13	
STU1	785	7	4	13	
STU1	786	7	4	13	
STU1	787	7	4	13	
STU1	788	7	4	13	
STU1	789	7	4	13	
STU1	790	7	4	13	
STU1	791	7	4	13	
STU1	792	7	4	13	
STU1	793	7	4	13	
STU1	794	7	4	13	
STU1	795	7	4	13	
STU1	796	7	4	13	
STU1	797	7	4	13	
STU1	798	9	7	21	
STU1	799	9	7	21	
STU1	800	9	7	21	
STU1	801	9	7	21	
STU1	802	9	7	21	
STU1	803	9	7	21	
STU1	804	9	7	21	
STU1	805	9	7	21	
STU1	806	0	0	0	
STU1	807	0	0	0	
STU1	808	0	0	0	
STU1	809	0	0	0	
STU1	810	0	0	0	
STU1	811	0	0	0	
STU1	812	0	0	0	
STU1	813	0	0	0	
STU1	814	34	37	42	
STU1	815	34	37	42	
STU1	816	34	37	42	
STU1	817	34	37	42	
STU1	818	34	37	42	
STU1	819	34	37	42	
STU1	820	34	37	42	
STU1	821	34	37	42	
STU1	822	34	37	42	
STU1	823	34	37	42	
STU1	824	34	37	42	
STU1	825	34	37	42	
STU1	826	34	37	42	
STU1	827	0	0	0	
STU1	828	0	0	0	
STU1	829	0	0	0	
STU1	830	0	0	0	
STU1	831	0	0	0	
STU1	832	0	0	0	
STU1	833	0	0	0	
STU1	834	0	0	0	
STU1	835	0	0	0	
STU1	836	0	0	0	
STU1	837	0	0	0	
STU1	838	0	0	0	
STU1	839	0	0	0	
STU1	840	0	0	0	
STU1	841	0	0	0	
STU1	842	0	0	0	
STU1	843	0	0	0	
STU1	844	0	0	0	
STU1	845	0	0	0	
STU1	846	0	0	0	
STU1	847	0	0	0	
STU1	848	0	0	0	
STU1	849	0	0	0	
STU1	850	0	0	0	
STU1	851	0	0	0	
STU1	852	0	0	0	
STU1	853	0	0	0	
STU1	854	0	0	0	
STU1	855	0	0	0	
STU1	856	0	0	0	
STU1	857	0	0	0	
STU1	858	0	0	0	
STU1	859	0	0	0	
STU1	860	0	0	0	
STU1	861	0	0	0	
STU1	862	0	0	0	
STU1	863	0	0	0	
STU1	864	0	0	0	
STU1	865	0	0	0	
STU1	866	0	0	0	
STU1	867	0	0	0	
STU1	868	0	0	0	
STU1	869	0	0	0	
STU1	870	0	0	0	
STU1	871	0	0	0	
STU1	872	0	0	0	
STU1	873	0	0	0	
STU1	874	0	0	0	
STU1	875	0	0	0	
STU1	876	0	0	0	
STU1	877	0	0	0	
STU1	878	0	0	0	
STU1	879	0	0	0	
STU1	880	0	0	0	
STU1	881	0	0	0	
STU1	882	0	0	0	
STU1	883	0	0	0	
STU1	884	0	0	0	
STU1	885	0	0	0	
STU1	886	0	0	0	
STU1	887	0	0	0	
STU1	888	0	0	0	
STU1	889	0	0	0	
STU1	890	0	0	0	
STU1	891	0	0	0	
STU1	892	0	0	0	
STU1	893	0	0	0	
STU1	894	0	0	0	
STU1	895	0	0	0	
STU1	896	0	0	0	
STU1	897	0	0	0	
STU1	898	0	0	0	
STU1	899	0	0	0	
STU1	900	0	0	0	
STU1	901	0	0	0	
STU1	902	0	0	0	
STU1	903	0	0	0	
STU1	904	0	0	0	
STU1	905	0	0	0	
STU1	906	0	0	0	
STU1	907	0	0	0	
STU1	908	0	0	0	
STU1	909	0	0	0	
STU1	910	0	0	0	
STU1	911	0	0	0	
STU1	912	0	0	0	
STU1	913	0	0	0	
STU1	914	0	0	0	
STU1	915	0	0	0	
STU1	916	0	0	0	
STU1	917	0	0	0	
STU1	918	0	0	0	
STU1	919	0	0	0	
STU1	920	0	0	0	
STU1	921	0	0	0	
STU1	922	56	76	64	
STU1	923	56	76	64	
STU1	924	56	76	64	
STU1	925	56	76	64	
STU1	926	56	76	64	
STU1	927	56	76	64	
STU1	928	56	76	64	
STU1	929	56	76	64	
STU1	930	56	76	64	
STU1	931	0	0	0	
STU1	932	0	0	0	
STU1	933	0	0	0	
STU1	934	0	0	0	
STU1	935	0	0	0	
STU1	936	0	0	0	
STU1	937	0	0	0	
STU1	938	0	0	0	
STU1	939	0	0	0	
STU1	940	0	0	0	
STU1	941	0	0	0	
STU1	942	0	0	0	
STU1	943	0	0	0	
STU1	944	0	0	0	
STU1	945	0	0	0	
STU1	946	0	0	0	
STU1	947	0	0	0	
STU1	948	0	0	0	
STU1	949	0	0	0	
STU1	950	0	0	0	
STU1	951	0	0	0	
STU1	952	0	0	0	
STU1	953	0	0	0	
STU1	954	0	0	0	
STU1	955	0	0	0	
STU1	956	0	0	0	
STU1	957	0	0	0	
STU1	958	0	0	0	
STU1	959	0	0	0	
STU1	960	0	0	0	
STU1	961	0	0	0	
STU1	962	0	0	0	
STU1	963	0	0	0	
STU1	964	0	0	0	
STU1	965	0	0	0	
STU1	966	64	58	51	
STU1	967	64	58	51	
STU1	968	64	58	51	
STU1	969	64	58	51	
STU1	970	64	58	51	
STU1	971	64	58	51	
STU1	972	64	58	51	
STU1	973	64	58	51	
STU1	974	64	58	51	
STU1	975	64	58	51	
STU1	976	64	58	51	
STU1	977	3	0	0	
STU1	978	3	0	0	
STU1	979	9	10	15	
STU1	980	9	10	15	
STU1	981	9	10	15	
STU1	982	9	10	15	
STU1	983	9	10	15	
STU1	984	9	10	15	
STU1	985	9	10	15	
STU1	986	27	20	35	
STU1	987	104	89	130	
STU1	988	104	89	130	
STU1	989	104	89	130	
STU1	990	104	89	130	
STU1	991	104	89	130	
STU1	992	162	151	209	
STU1	993	162	151	209	
STU1	994	162	151	209	
STU1	995	162	151	209	
STU1	996	162	151	209	
STU1	997	162	151	209	
STU1	998	162	151	209	
STU1	999	219	205	268	
STU1	1000	219	205	268	
STU1	1001	219	205	268	
STU1	1002	219	205	268	
STU1	1003	219	205	268	
STU1	1004	219	205	268	
STU1	1005	219	205	268	
STU1	1006	219	205	268	
STU1	1007	219	205	268	
STU1	1008	219	205	268	
STU1	1009	219	205	268	
STU1	1010	219	205	268	
STU1	1011	263	251	281	
STU1	1012	242	212	261	
STU1	1013	242	212	261	
STU1	1014	242	212	261	
STU1	1015	242	212	261	
STU1	1016	242	212	261	
STU1	1017	242	212	261	
STU1	1018	242	212	261	
STU1	1019	242	212	261	
STU1	1020	242	212	261	
STU1	1021	242	212	261	
STU1	1022	242	212	261	
STU1	1023	242	212	261	
STU1	1024	242	212	261	
STU1	1025	242	212	261	
STU1	1026	242	212	261	
STU1	1027	242	212	261	
STU1	1028	242	212	261	
STU1	1029	225	198	247	
STU1	1030	202	363	457	
STU1	1031	202	363	457	
STU1	1032	202	363	457	
STU1	1033	202	363	457	
STU1	1034	202	363	457	
STU1	1035	202	363	457	
STU1	1036	202	363	457	
STU1	1037	202	363	457	
STU1	1038	202	363	457	
STU1	1039	202	363	457	
STU1	1040	202	363	457	
STU1	1041	85	65	98	
STU1	1042	85	65	98	
STU1	1043	85	65	98	
STU1	1044	85	65	98	
STU1	1045	85	65	98	
STU1	1046	85	65	98	
STU1	1047	85	65	98	
STU1	1048	85	65	98	
STU1	1049	85	65	98	
STU1	1050	85	65	98	
STU1	1051	85	65	98	
STU1	1052	6	0	4	
STU1	1053	6	0	4	
STU1	1054	6	0	4	
STU1	1055	6	0	4	
STU1	1056	6	0	4	
STU1	1057	3	0	0	
STU1	1058	167	165	205	
STU1	1059	167	165	205	
STU1	1060	167	165	205	
STU1	1061	167	165	205	
STU1	1062	167	165	205	
STU1	1063	167	165	205	
STU1	1064	167	165	205	
STU1	1065	167	165	205	
STU1	1066	167	165	205	
STU1	1067	167	165	205	
STU1	1068	167	165	205	
STU1	1069	167	165	205	
STU1	1070	167	165	205	
STU1	1071	167	165	205	
STU1	1072	167	165	205	
STU1	1073	165	162	199	
STU1	1074	165	162	199	
STU1	1075	118	127	151	
STU1	1076	44	23	40	
STU1	1077	44	23	40	
STU1	1078	44	23	40	
STU1	1079	44	23	40	
STU1	1080	44	23	40	
STU1	1081	44	23	40	
STU1	1082	172	178	238	
STU1	1083	172	178	238	
STU1	1084	172	178	238	
STU1	1085	172	178	238	
STU1	1086	172	178	238	
STU1	1087	172	178	238	
STU1	1088	172	178	238	
STU1	1089	172	178	238	
STU1	1090	172	178	238	
STU1	1091	172	178	238	
STU1	1092	172	178	238	
STU1	1093	172	178	238	
STU1	1094	172	178	238	
STU1	1095	172	178	238	
STU1	1096	158	158	218	
STU1	1097	158	158	218	
STU1	1098	158	158	218	
STU1	1099	158	158	218	
STU1	1100	158	158	218	
STU1	1101	158	158	218	
STU1	1102	158	158	218	
STU1	1103	158	158	218	
STU1	1104	158	158	218	
STU1	1105	158	158	218	
STU1	1106	158	158	218	
STU1	1107	158	158	218	
STU1	1108	97	85	99	
STU1	1109	97	85	99	
STU1	1110	97	85	99	
STU1	1111	97	85	99	
STU1	1112	97	85	99	
STU1	1113	97	85	99	
STU1	1114	97	85	99	
STU1	1115	97	85	99	
STU1	1116	97	85	99	
STU1	1117	97	85	99	
STU1	1118	97	85	99	
STU1	1119	97	85	99	
STU1	1120	97	85	99	
STU1	1121	97	85	99	
STU1	1122	97	85	99	
STU1	1123	97	85	99	
STU1	1124	97	85	99	
STU1	1125	97	85	99	
STU1	1126	121	117	124	
STU1	1127	134	133	140	
STU1	1128	134	133	140	
STU1	1129	134	133	140	
STU1	1130	134	133	140	
STU1	1131	134	133	140	
STU1	1132	134	133	140	
STU1	1133	134	133	140	
STU1	1134	134	133	140	
STU1	1135	134	133	140	
STU1	1136	134	133	140	
STU1	1137	21	8	18	
STU1	1138	21	8	18	
STU1	1139	21	8	18	
STU1	1140	21	8	18	
STU1	1141	21	8	18	
STU1	1142	21	8	18	
STU1	1143	21	8	18	
STU1	1144	60	51	59	
STU1	1145	60	51	59	
STU1	1146	60	51	59	
STU1	1147	60	51	59	
STU1	1148	60	51	59	
STU1	1149	60	51	59	
STU1	1150	60	51	59	
STU1	1151	17	24	55	
STU1	1152	17	24	55	
STU1	1153	17	24	55	
STU1	1154	17	24	55	
STU1	1155	17	24	55	
STU1	1156	17	24	55	
STU1	1157	17	24	55	
STU1	1158	17	24	55	
STU1	1159	17	24	55	
STU1	1160	17	24	55	
STU1	1161	17	24	55	
STU1	1162	17	24	55	
STU1	1163	17	24	55	
STU1	1164	17	24	55	
STU1	1165	17	24	55	
STU1	1166	17	24	55	
STU1	1167	17	24	55	
STU1	1168	17	24	55	
STU1	1169	17	24	55	
STU1	1170	17	24	55	
STU1	1171	23	25	33	
STU1	1172	23	25	33	
STU1	1173	23	25	33	
STU1	1174	23	25	33	
STU1	1175	23	25	33	
STU1	1176	23	25	33	
STU1	1177	23	25	33	
STU1	1178	23	25	33	
STU1	1179	23	25	33	
STU1	1180	23	25	33	
STU1	1181	0	0	0	
STU1	1182	0	0	0	
STU1	1183	0	0	0	
STU1	1184	0	0	0	
STU1	1185	0	0	0	
STU1	1186	0	0	0	
STU1	1187	0	0	0	
STU1	1188	143	117	150	
STU1	1189	143	117	150	
STU1	1190	215	174	211	
STU1	1191	215	174	211	
STU1	1192	215	174	211	
STU1	1193	215	174	211	
STU1	1194	215	174	211	
STU1	1195	215	174	211	
STU1	1196	215	174	211	
STU1	1197	215	174	211	
STU1	1198	215	174	211	
STU1	1199	215	174	211	
STU1	1200	215	174	211	
STU1	1201	215	174	211	
STU1	1202	87	60	88	
STU1	1203	0	0	0	
STU1	1204	0	0	0	
STU1	1205	0	0	0	
STU1	1206	0	0	0	
STU1	1207	0	0	0	
STU1	1208	0	0	0	
STU1	1209	0	0	0	
STU1	1210	0	0	0	
STU1	1211	0	0	0	
STU1	1212	0	0	0	
STU1	1213	0	0	0	
STU1	1214	333	374	478	
STU1	1215	333	374	478	
STU1	1216	333	374	478	
STU1	1217	333	374	478	
STU1	1218	333	374	478	
STU1	1219	333	374	478	
STU1	1220	333	374	478	
STU1	1221	333	374	478	
STU1	1222	333	374	478	
STU1	1223	333	374	478	
STU1	1224	333	374	478	
STU1	1225	0	0	0	
STU1	1226	0	0	0	
STU1	1227	0	0	0	
STU1	1228	0	0	0	
STU1	1229	0	0	0	
STU1	1230	0	0	0	
STU1	1231	0	0	0	
STU1	1232	0	0	0	
STU1	1233	0	0	0	
STU1	1234	0	0	0	
STU1	1235	0	0	0	
STU1	1236	0	0	0	
STU1	1237	0	0	0	
STU1	1238	0	0	0	
STU1	1239	0	0	0	
STU1	1240	0	0	0	
STU1	1241	0	0	0	
STU1	1242	0	0	0	
STU1	1243	0	0	0	
STU1	1244	0	0	0	
STU1	1245	0	0	0	
STU1	1246	0	0	0	
STU1	1247	0	0	0	
STU1	1248	0	0	0	
STU1	1249	0	0	0	
STU1	1250	0	0	0	
STU1	1251	0	0	0	
STU1	1252	0	0	0	
STU1	1253	0	0	0	
STU1	1254	0	0	0	
STU1	1255	0	0	0	
STU1	1256	0	0	0	
STU1	1257	0	0	0	
STU1	1258	0	0	0	
STU1	1259	0	0	0	
STU1	1260	0	0	0	
STU1	1261	0	0	0	
STU1	1262	0	0	0	
STU1	1263	0	0	0	
STU1	1264	0	0	5	
STU1	1265	0	0	5	
STU1	1266	0	0	5	
STU1	1267	0	0	5	
STU1	1268	0	0	5	
STU1	1269	0	0	5	
STU1	1270	0	0	5	
STU1	1271	15	13	22	
STU1	1272	15	13	22	
STU1	1273	15	13	22	
STU1	1274	15	13	22	
STU1	1275	15	13	22	
STU1	1276	15	13	22	
STU1	1277	15	13	22	
STU1	1278	15	13	22	
STU1	1279	15	13	22	
STU1	1280	15	13	22	
STU1	1281	15	13	22	
STU1	1282	15	13	22	
STU1	1283	15	13	22	
STU1	1284	15	13	22	
STU1	1285	15	13	22	
STU1	1286	15	13	22	
STU1	1287	15	13	22	
STU1	1288	0	0	0	
STU1	1289	0	0	0	
STU1	1290	0	0	0	
STU1	1291	0	0	0	
STU1	1292	0	0	0	
STU1	1293	0	0	0	
STU1	1294	0	0	0	
STU1	1295	0	0	0	
STU1	1296	0	0	0	
STU1	1297	0	0	0	
STU1	1298	0	0	0	
STU1	1299	0	0	0	
STU1	1300	0	0	0	
STU1	1301	0	0	0	
STU1	1302	0	0	0	
STU1	1303	0	0	0	
STU1	1304	0	0	0	
STU1	1305	0	0	0	
STU1	1306	0	0	0	
STU1	1307	0	0	0	
STU1	1308	0	0	0	
STU1	1309	0	0	0	
STU1	1310	0	0	0	
STU1	1311	87	81	93	
STU1	1312	87	81	93	
STU1	1313	87	81	93	
STU1	1314	87	81	93	
STU1	1315	87	81	93	
STU1	1316	87	81	93	
STU1	1317	87	81	93	
STU1	1318	87	81	93	
STU1	1319	87	81	93	
STU1	1320	87	81	93	
STU1	1321	87	81	93	
STU1	1322	3	2	4	
STU1	1323	3	2	4	
STU1	1324	3	2	4	
STU1	1325	3	2	4	
STU1	1326	6	6	13	
STU1	1327	6	6	13	
STU1	1328	6	6	13	
STU1	1329	6	6	13	
STU1	1330	6	6	13	
STU1	1331	6	6	13	
STU1	1332	6	6	13	
STU1	1333	6	6	13	
STU1	1334	6	6	13	
STU1	1335	6	6	13	
STU1	1336	6	6	13	
STU1	1337	6	6	13	
STU1	1338	21	14	28	
STU1	1339	66	67	66	
STU1	1340	66	67	66	
STU1	1341	66	67	66	
STU1	1342	66	67	66	
STU1	1343	66	67	66	
STU1	1344	66	67	66	
STU1	1345	66	67	66	
STU1	1346	66	67	66	
STU1	1347	66	67	66	
STU1	1348	66	67	66	
STU1	1349	66	67	66	
STU1	1350	66	67	66	
STU1	1351	66	67	66	
STU1	1352	66	67	66	
STU1	1353	66	67	66	
STU1	1354	66	67	66	
STU1	1355	66	67	66	
STU1	1356	0	0	0	
STU1	1357	0	0	0	
STU1	1358	0	0	0	
STU1	1359	0	0	0	
STU1	1360	0	0	0	
STU1	1361	0	0	0	
STU1	1362	0	0	0	
STU1	1363	0	0	0	
STU1	1364	0	0	0	
STU1	1365	0	0	0	
STU1	1366	0	0	0	
STU1	1367	0	0	0	
STU1	1368	0	0	0	
STU1	1369	0	0	0	
STU1	1370	0	0	0	
STU1	1371	0	0	0	
STU1	1372	0	0	0	
STU1	1373	0	0	0	
STU1	1374	0	0	0	
STU1	1375	0	0	0	
STU1	1376	0	0	0	
STU1	1377	0	0	0	
STU1	1378	0	0	0	
STU1	1379	0	0	0	
STU1	1380	0	0	0	
STU1	1381	0	0	0	
STU1	1382	0	0	0	
STU1	1383	0	0	0	
STU1	1384	0	0	0	
STU1	1385	0	0	0	
STU1	1386	0	0	0	
STU1	1387	0	0	0	
STU1	1388	0	0	0	
STU1	1389	0	0	0	
STU1	1390	0	0	0	
STU1	1391	0	0	0	
STU1	1392	0	0	0	
STU1	1393	0	0	0	
STU1	1394	0	0	0	
STU1	1395	0	0	0	
STU1	1396	0	0	0	
STU1	1397	0	0	0	
STU1	1398	0	0	0	
STU1	1399	0	0	0	
STU1	1400	0	0	0	
STU1	1401	0	0	0	
STU1	1402	0	0	0	
STU1	1403	0	0	0	
STU1	1404	61	63	86	
STU1	1405	61	63	86	
STU1	1406	61	63	86	
STU1	1407	61	63	86	
STU1	1408	61	63	86	
STU1	1409	61	63	86	
STU1	1410	61	63	86	
STU1	1411	61	63	86	
STU1	1412	61	63	86	
STU1	1413	61	63	86	
STU1	1414	61	63	86	
STU1	1415	61	63	86	
STU1	1416	61	63	86	
STU1	1417	61	63	86	
STU1	1418	61	63	86	
STU1	1419	61	63	86	
STU1	1420	61	63	86	
STU1	1421	3	3	8	
STU1	1422	3	3	8	
STU1	1423	3	3	8	
STU1	1424	3	3	8	
STU1	1425	3	3	8	
STU1	1426	3	3	8	
STU1	1427	3	3	8	
STU1	1428	3	3	8	
STU1	1429	3	3	8	
STU1	1430	3	3	8	
STU1	1431	10	16	16	
STU1	1432	10	16	16	
STU1	1433	10	16	16	
STU1	1434	10	16	16	
STU1	1435	10	16	16	
STU1	1436	10	16	16	
STU1	1437	10	16	16	
STU1	1438	10	16	16	
STU1	1439	10	16	16	
STU1	1440	10	16	16	
STU1	1441	10	16	16	
STU1	1442	10	16	16	
STU1	1443	3	3	2	
STU1	1444	0	0	0	
STU1	1445	0	0	0	
STU1	1446	0	0	0	
STU1	1447	0	0	0	
STU1	1448	0	0	0	
STU1	1449	0	0	0	
STU1	1450	0	0	0	
STU1	1451	0	0	0	
STU1	1452	0	0	0	
STU1	1453	0	0	0	
STU1	1454	0	0	0	
STU1	1455	0	0	0	
STU1	1456	0	0	0	
STU1	1457	0	0	0	
STU1	1458	0	0	0	
STU1	1459	0	0	0	
STU1	1460	0	0	0	
STU1	1461	0	0	0	
STU1	1462	0	0	0	
STU1	1463	0	0	0	
STU1	1464	0	0	0	
STU1	1465	0	0	0	
STU1	1466	0	0	0	
STU1	1467	0	0	0	
STU1	1468	0	0	0	
STU1	1469	0	0	0	
STU1	1470	0	0	0	
STU1	1471	0	0	0	
STU1	1472	0	0	0	
STU1	1473	0	0	0	
STU1	1474	0	0	0	
STU1	1475	0	0	0	
STU1	1476	0	0	0	
STU1	1477	0	0	0	
STU1	1478	0	0	0	
STU1	1479	187	166	182	
STU1	1480	187	166	182	
STU1	1481	187	166	182	
STU1	1482	187	166	182	
STU1	1483	187	166	182	
STU1	1484	187	166	182	
STU1	1485	187	166	182	
STU1	1486	187	166	182	
STU1	1487	187	166	182	
STU1	1488	187	166	182	
STU1	1489	187	166	182	
STU1	1490	187	166	182	
STU1	1491	187	166	182	
STU1	1492	187	166	182	
STU1	1493	187	166	182	
STU1	1494	60	50	60	
STU1	1495	60	50	60	
STU1	1496	60	50	60	
STU1	1497	60	50	60	
STU1	1498	60	50	60	
STU1	1499	60	50	60	
STU1	1500	60	50	60	
STU1	1501	0	0	0	
STU1	1502	0	0	0	
STU1	1503	0	0	0	
STU1	1504	0	0	0	
STU1	1505	0	0	0	
STU1	1506	0	0	0	
STU1	1507	0	0	0	
STU1	1508	0	0	0	
STU1	1509	0	0	0	
STU1	1510	0	0	0	
STU1	1511	0	0	0	
STU1	1512	0	0	0	
STU1	1513	0	0	0	
