protein	site	PSMs_001_Stu1-3FLAG_DMSO.csv	PSMs_002_Stu1-3FLAG_Cdc200-AID.csv	PSMs_003_Stu1-3FLAG_Benomyl.csv	PSMs_004_Stu1FLAG_Bub1V5_double_step_IP.csv	PSMs_005_Stu1_TOG1del_cutout_1.csv	PSMs_006_Stu1_TOG1del_cutout_2.csv	PSMs_007_Dsn1-flag.csv	PSMs_008_Dsn1-flag_mps1-1.csv	PSMs_009_Dsn1-flag_pgal-mps1.csv	PSMs_010_Dsn1-flag_ndc80.csv	PSMs_011_Dsn1-flag_ndc80-2a.csv	PSMs_012_Dsn1-flag_ndc80-2d.csv	PSMs_013_Dsn1-flag_ndc80_cdc15-2.csv	PSMs_014_Dsn1-flag_ndc80-2a_cdc15-2.csv	PSMs_015_Dsn1-flag_ndc80-2d_cdc15-2.csv	PSMs_016_Dsn1-flag.csv	PSMs_017_Dsn1-flag_mps1-1.csv	PSMs_018_ndc80-flag.csv	PSMs_019_ndc80-3flag.csv	PSMs_020_ndc80-flag_pgal-mps1.csv	PSMs_021_ndc80-3flag_pgal-mps1.csv	PSMs_022_dad1-flag.csv	PSMs_023_dad1-flag.csv	PSMs_024_dad1-flag_pgal-mps1.csv	PSMs_025_Nitobe_SCX1_Mtw1-3FLAG.csv	PSMs_025_Nitobe_SCX2_Mtw1-3FLAG.csv	PSMs_025_Nitobe_SCX3_Mtw1-3FLAG.csv	PSMs_025_Nitobe_SCX4_Mtw1-3FLAG.csv	PSMs_025_Nitobe_SCX5_Mtw1-3FLAG.csv	
AME1	0	0	0	0	0	0	0	0	0	0	0	0	0	0	0	0	0	0	0	0	0	0	0	0	0	0	0	0	0	0	
AME1	1	0	0	0	0	0	0	0	0	0	0	0	0	0	0	0	0	0	0	0	0	0	0	0	0	0	0	0	0	0	
AME1	2	0	0	0	0	0	0	0	0	0	0	0	0	0	0	0	0	0	0	0	0	0	0	0	0	0	0	0	0	0	
AME1	3	0	0	0	0	0	0	0	0	0	0	0	0	0	0	0	0	0	0	0	0	0	0	0	0	0	0	0	0	0	
AME1	4	0	0	0	0	0	0	0	0	0	0	0	0	0	0	0	0	0	0	0	0	0	0	0	0	0	0	0	0	0	
AME1	5	0	0	0	0	0	0	0	0	0	0	0	0	0	0	0	0	0	0	0	0	0	0	0	0	0	0	0	0	0	
AME1	6	0	0	0	0	0	0	0	0	0	0	0	0	0	0	0	0	0	0	0	0	0	0	0	0	0	0	0	0	0	
AME1	7	0	0	0	0	0	0	0	0	0	0	0	0	0	0	0	0	0	0	0	0	0	0	0	0	0	0	0	0	0	
AME1	8	0	0	0	0	0	0	0	0	0	0	0	0	0	0	0	0	0	0	0	0	0	0	0	0	0	0	0	0	0	
AME1	9	0	0	0	0	0	0	0	0	0	0	0	0	0	0	0	0	0	0	0	0	0	0	0	0	0	0	0	0	0	
AME1	10	0	0	0	0	0	0	0	0	0	0	0	0	0	0	0	0	0	0	0	0	0	0	0	0	0	0	0	0	0	
AME1	11	0	0	0	0	0	0	0	0	0	0	0	0	0	0	0	0	0	0	0	0	0	0	0	0	0	0	0	0	0	
AME1	12	0	0	0	0	0	0	0	0	0	0	0	0	0	0	0	0	0	0	0	0	0	0	0	0	0	0	0	0	0	
AME1	13	0	0	0	0	0	0	0	0	0	0	0	0	0	0	0	0	0	0	0	0	0	0	0	0	0	0	0	0	0	
AME1	14	0	0	0	0	0	0	0	0	0	0	0	0	0	0	0	0	0	0	0	0	0	0	0	0	0	0	0	0	0	
AME1	15	0	0	0	0	0	0	0	0	0	0	0	0	0	0	0	0	0	0	0	0	0	0	0	0	0	0	0	0	0	
AME1	16	0	0	0	0	0	0	0	0	0	0	0	0	0	0	0	0	0	0	0	0	0	0	0	0	0	0	0	0	0	
AME1	17	0	0	0	0	0	0	0	0	0	0	0	0	0	0	0	0	0	0	0	0	0	0	0	0	0	0	0	0	0	
AME1	18	0	0	0	0	0	0	6	3	0	4	2	2	8	7	4	4	5	0	10	4	7	0	0	0	8	9	8	8	7	
AME1	19	0	0	0	0	0	0	6	3	0	4	2	2	8	7	4	4	7	0	10	4	7	0	0	0	11	11	8	8	7	
AME1	20	0	0	0	0	0	0	6	3	0	4	2	2	8	7	4	4	7	0	10	4	7	0	0	0	11	11	8	8	7	
AME1	21	0	0	0	0	0	0	6	3	0	4	2	2	8	7	4	4	7	0	10	4	7	0	0	0	11	11	8	8	7	
AME1	22	0	0	0	0	0	0	6	3	0	4	2	2	8	7	4	4	7	0	10	4	7	0	0	0	11	11	8	8	7	
AME1	23	0	0	0	0	0	0	6	3	0	4	2	2	8	7	4	4	7	0	10	4	7	0	0	0	11	11	8	8	7	
AME1	24	0	0	0	0	0	0	6	3	0	4	2	2	8	7	4	4	7	0	10	4	7	0	0	0	11	11	8	8	7	
AME1	25	0	0	0	0	0	0	6	3	0	4	2	2	8	7	4	4	7	0	10	4	7	0	0	0	11	11	8	8	7	
AME1	26	0	0	0	0	0	0	6	3	0	4	2	2	8	7	4	4	7	0	10	4	7	0	0	0	11	11	8	8	7	
AME1	27	0	0	0	0	0	0	6	3	0	4	2	2	8	7	4	4	7	0	10	4	7	0	0	0	11	11	8	8	7	
AME1	28	0	0	0	0	0	0	6	3	0	4	2	2	8	7	4	4	7	0	10	4	7	0	0	0	11	11	8	8	7	
AME1	29	0	0	0	0	0	0	6	3	0	4	2	2	8	7	4	4	7	0	10	4	7	0	0	0	11	11	8	8	7	
AME1	30	0	0	0	0	0	0	6	3	0	4	2	2	8	7	4	4	7	0	10	4	7	0	0	0	11	11	8	8	7	
AME1	31	0	0	0	0	0	0	9	2	0	0	2	0	18	13	17	2	2	0	17	2	6	0	0	0	4	13	11	11	12	
AME1	32	0	0	0	0	0	0	9	2	0	0	2	0	18	13	17	2	2	0	17	2	6	0	0	0	4	13	11	11	12	
AME1	33	0	0	0	0	0	0	9	2	0	0	2	0	18	13	17	2	2	0	17	2	6	0	0	0	4	13	11	11	12	
AME1	34	0	0	0	0	0	0	9	2	0	0	2	0	18	13	17	2	2	0	17	2	6	0	0	0	4	13	11	11	12	
AME1	35	0	0	0	0	0	0	9	2	0	0	2	0	18	13	17	2	2	0	17	2	6	0	0	0	4	13	11	11	12	
AME1	36	0	0	0	0	0	0	9	2	0	0	2	0	18	13	17	2	2	0	17	2	6	0	0	0	4	13	11	11	12	
AME1	37	0	0	0	0	0	0	9	2	0	0	2	0	18	13	17	2	2	0	17	2	6	0	0	0	4	13	11	11	12	
AME1	38	0	0	0	0	0	0	5	2	0	0	2	0	16	11	17	0	0	0	26	0	6	0	0	0	14	11	13	12	10	
AME1	39	0	0	0	0	0	0	5	2	0	0	2	0	16	11	17	0	0	0	26	0	6	0	0	0	14	11	13	12	10	
AME1	40	0	0	0	0	0	0	5	2	0	0	2	0	16	11	17	0	0	0	26	0	6	0	0	0	14	11	13	12	10	
AME1	41	0	0	0	0	0	0	5	2	0	0	2	0	16	11	17	0	0	0	26	0	6	0	0	0	14	11	13	12	10	
AME1	42	0	0	0	0	0	0	5	2	0	0	2	0	16	11	17	0	0	0	26	0	6	0	0	0	14	11	13	12	10	
AME1	43	0	0	0	0	0	0	5	2	0	0	2	0	16	11	17	0	0	0	26	0	6	0	0	0	14	11	13	12	10	
AME1	44	0	0	0	0	0	0	5	2	0	0	2	0	16	11	17	0	0	0	26	0	6	0	0	0	14	11	13	12	10	
AME1	45	0	0	0	0	0	0	5	2	0	0	2	0	16	11	17	0	0	0	26	0	6	0	0	0	14	11	13	12	10	
AME1	46	0	0	0	0	0	0	5	2	0	0	2	0	16	11	17	0	0	0	26	0	6	0	0	0	14	11	13	12	10	
AME1	47	0	0	0	0	0	0	5	2	0	0	2	0	16	11	17	0	0	0	26	0	6	0	0	0	14	11	13	12	10	
AME1	48	0	0	0	0	0	0	5	2	0	0	2	0	16	11	17	0	0	0	26	0	6	0	0	0	14	11	13	12	10	
AME1	49	0	0	0	0	0	0	5	2	0	0	2	0	16	11	17	0	0	0	26	0	6	0	0	0	14	11	13	12	10	
AME1	50	0	0	0	0	0	0	5	2	0	0	2	0	16	11	17	0	0	0	26	0	6	0	0	0	14	11	13	12	10	
AME1	51	0	0	0	0	0	0	5	2	0	0	2	0	16	11	17	0	0	0	26	0	6	0	0	0	14	11	13	12	10	
AME1	52	0	0	0	0	0	0	5	2	0	0	2	0	16	11	17	0	0	0	26	0	6	0	0	0	14	11	13	12	10	
AME1	53	0	0	0	0	0	0	5	2	0	0	2	0	16	11	17	0	0	0	26	0	6	0	0	0	14	11	13	12	10	
AME1	54	0	0	0	0	0	0	5	2	0	0	2	0	16	11	17	0	0	0	26	0	6	0	0	0	14	11	13	12	10	
AME1	55	0	0	0	0	0	0	5	2	0	0	2	0	16	11	17	0	0	0	26	0	6	0	0	0	14	11	13	12	10	
AME1	56	0	0	0	0	0	0	0	2	0	0	0	0	2	0	4	0	0	0	8	0	0	0	0	0	13	10	11	11	3	
AME1	57	0	0	0	0	0	0	0	2	0	0	0	0	2	0	4	0	0	0	8	0	0	0	0	0	13	10	11	11	3	
AME1	58	0	0	0	0	0	0	0	2	0	0	0	0	2	0	4	0	0	0	8	0	0	0	0	0	13	10	11	11	3	
AME1	59	0	0	0	0	0	0	0	2	0	0	0	0	2	0	4	0	0	0	8	0	0	0	0	0	13	10	11	11	3	
AME1	60	0	0	0	0	0	0	0	2	0	0	0	0	2	0	4	0	0	0	8	0	0	0	0	0	13	10	11	11	3	
AME1	61	0	0	0	0	0	0	0	2	0	0	0	0	2	0	4	0	0	0	8	0	0	0	0	0	13	10	11	11	3	
AME1	62	0	0	0	0	0	0	0	2	0	0	0	0	2	0	4	0	0	0	8	0	0	0	0	0	13	10	11	11	3	
AME1	63	0	0	0	0	0	0	0	2	0	0	0	0	2	0	4	0	0	0	8	0	0	0	0	0	13	10	11	11	3	
AME1	64	0	0	0	0	0	0	0	2	0	0	0	0	2	0	4	0	0	0	8	0	0	0	0	0	13	10	11	11	3	
AME1	65	0	0	0	0	0	0	0	2	0	0	0	0	2	0	4	0	0	0	8	0	0	0	0	0	13	10	11	11	3	
AME1	66	0	0	0	0	0	0	0	2	0	0	0	0	2	0	4	0	0	0	8	0	0	0	0	0	13	10	11	11	3	
AME1	67	0	0	0	0	0	0	0	2	0	0	0	0	2	0	4	0	0	0	8	0	0	0	0	0	13	10	11	11	3	
AME1	68	0	0	0	0	0	0	0	2	0	0	0	0	2	0	4	0	0	0	8	0	0	0	0	0	13	10	11	11	3	
AME1	69	0	0	0	0	0	0	0	2	0	0	0	0	2	0	4	0	0	0	8	0	0	0	0	0	13	10	11	11	3	
AME1	70	0	0	0	0	0	0	0	2	0	0	0	0	2	0	4	0	0	0	8	0	0	0	0	0	13	10	11	11	3	
AME1	71	0	0	0	0	0	0	0	2	0	0	0	0	2	0	4	0	0	0	8	0	0	0	0	0	13	10	11	11	3	
AME1	72	0	0	0	0	0	0	0	2	0	0	0	0	2	0	4	0	0	0	8	0	0	0	0	0	13	10	11	11	3	
AME1	73	0	0	0	0	0	0	0	2	0	0	0	0	2	0	4	0	0	0	8	0	0	0	0	0	13	10	11	11	3	
AME1	74	0	0	0	0	0	0	0	2	0	0	0	0	2	0	4	0	0	0	8	0	0	0	0	0	13	10	11	11	3	
AME1	75	0	0	0	0	0	0	0	0	0	0	0	0	0	0	0	0	0	0	0	0	0	0	0	0	8	7	7	7	4	
AME1	76	0	0	0	0	0	0	0	0	0	0	0	0	0	0	0	0	0	0	0	0	0	0	0	0	8	7	7	7	4	
AME1	77	0	0	0	0	0	0	0	0	0	0	0	0	0	0	0	0	0	0	0	0	0	0	0	0	8	7	7	7	4	
AME1	78	0	0	0	0	0	0	0	0	0	0	0	0	0	0	0	0	0	0	0	0	0	0	0	0	8	7	7	7	4	
AME1	79	0	0	0	0	0	0	0	0	0	0	0	0	0	0	0	0	0	0	0	0	0	0	0	0	8	7	7	7	4	
AME1	80	0	0	0	0	0	0	0	0	0	0	0	0	0	0	0	0	0	0	0	0	0	0	0	0	8	7	7	7	4	
AME1	81	0	0	0	0	0	0	0	0	0	0	0	0	0	0	0	0	0	0	0	0	0	0	0	0	8	7	7	7	4	
AME1	82	0	0	0	0	0	0	0	0	0	0	0	0	0	0	0	0	0	0	0	0	0	0	0	0	8	7	7	7	4	
AME1	83	0	0	0	0	0	0	0	0	0	0	0	0	0	0	0	0	0	0	0	0	0	0	0	0	8	7	7	7	4	
AME1	84	0	0	0	0	0	0	0	0	0	0	0	0	0	0	0	0	0	0	0	0	0	0	0	0	8	7	7	7	4	
AME1	85	0	0	0	0	0	0	0	0	0	0	0	0	0	0	0	0	0	0	0	0	0	0	0	0	8	7	7	7	4	
AME1	86	0	0	0	0	0	0	0	0	0	0	0	0	0	0	0	0	0	0	0	0	0	0	0	0	8	7	7	7	4	
AME1	87	0	0	0	0	0	0	0	0	0	0	0	0	0	0	0	0	0	0	0	0	0	0	0	0	8	7	7	7	4	
AME1	88	0	0	0	0	0	0	0	0	0	0	0	0	0	0	0	0	0	0	0	0	0	0	0	0	8	7	7	7	4	
AME1	89	0	0	0	0	0	0	0	0	0	0	0	0	0	0	0	0	0	0	0	0	0	0	0	0	8	7	7	7	4	
AME1	90	0	0	0	0	0	0	0	0	0	0	0	0	0	0	0	0	0	0	0	0	0	0	0	0	8	7	7	7	4	
AME1	91	0	0	0	0	0	0	0	0	0	0	0	0	0	0	0	0	0	0	0	0	0	0	0	0	8	7	7	7	4	
AME1	92	0	0	0	0	0	0	0	0	0	0	0	0	0	0	0	0	0	0	0	0	0	0	0	0	8	7	7	7	4	
AME1	93	0	0	0	0	0	0	0	0	0	0	0	0	0	0	0	0	0	0	0	0	0	0	0	0	8	7	7	7	4	
AME1	94	0	0	0	0	0	0	0	0	0	0	0	0	0	0	0	0	0	0	0	0	0	0	0	0	8	7	7	7	4	
AME1	95	0	0	0	0	0	0	0	0	0	0	0	0	0	0	0	0	0	0	0	0	0	0	0	0	8	7	7	7	4	
AME1	96	0	0	0	0	0	0	0	0	0	0	0	0	0	0	0	0	0	0	0	0	0	0	0	0	0	0	0	0	0	
AME1	97	0	0	0	0	0	0	0	0	0	0	0	0	0	0	0	0	0	0	0	0	0	0	0	0	0	0	0	0	0	
AME1	98	0	0	0	0	0	0	0	0	0	0	0	0	0	0	0	0	0	0	0	0	0	0	0	0	0	0	0	0	0	
AME1	99	0	0	0	0	0	0	0	0	0	0	0	0	0	0	0	0	0	0	0	0	0	0	0	0	0	0	0	0	0	
AME1	100	0	0	0	0	0	0	0	0	0	0	0	0	0	0	0	0	0	0	0	0	0	0	0	0	0	0	0	0	0	
AME1	101	0	0	0	0	0	0	0	0	0	0	0	0	0	0	0	0	0	0	0	0	0	0	0	0	0	0	0	0	0	
AME1	102	0	0	0	0	0	0	0	0	0	0	0	0	0	0	0	0	0	0	0	0	0	0	0	0	0	0	0	0	0	
AME1	103	0	0	0	0	0	0	0	0	0	0	0	0	0	0	0	0	0	0	0	0	0	0	0	0	0	0	0	0	0	
AME1	104	0	0	0	0	0	0	0	0	0	0	0	0	0	0	0	0	0	0	0	0	0	0	0	0	0	0	0	0	0	
AME1	105	0	0	0	0	0	0	0	0	0	0	0	0	0	0	0	0	0	0	0	0	0	0	0	0	0	0	0	0	0	
AME1	106	0	0	0	0	0	0	0	0	0	0	0	0	0	0	0	0	0	0	0	0	0	0	0	0	0	0	0	0	0	
AME1	107	0	0	0	0	0	0	3	3	0	0	0	0	12	6	15	0	0	2	5	2	0	0	0	0	0	0	0	0	0	
AME1	108	0	0	0	0	0	0	3	3	0	0	0	0	12	6	15	0	0	2	5	2	0	0	0	0	0	0	0	0	0	
AME1	109	0	0	0	0	0	0	3	3	0	0	0	0	12	6	15	0	0	2	5	2	0	0	0	0	0	0	0	0	0	
AME1	110	0	0	0	0	0	0	3	3	0	0	0	0	12	6	15	0	0	2	5	2	0	0	0	0	0	0	0	0	0	
AME1	111	0	0	0	0	0	0	3	3	0	0	0	0	12	6	15	0	0	2	5	2	0	0	0	0	0	0	0	0	0	
AME1	112	0	0	0	0	0	0	3	3	0	0	0	0	12	6	15	0	0	2	5	2	0	0	0	0	0	0	0	0	0	
AME1	113	0	0	0	0	0	0	3	3	0	0	0	0	12	6	15	0	0	2	5	2	0	0	0	0	0	0	0	0	0	
AME1	114	0	0	0	0	0	0	3	3	0	0	0	0	12	6	15	0	0	2	5	2	0	0	0	0	0	0	0	0	0	
AME1	115	0	0	0	0	0	0	10	14	2	0	4	0	14	13	16	0	0	4	10	7	0	0	2	0	10	6	4	4	2	
AME1	116	0	0	0	0	0	0	10	14	2	0	4	0	14	13	16	0	0	4	10	7	0	0	2	0	10	6	4	4	2	
AME1	117	0	0	0	0	0	0	10	14	2	0	4	0	14	13	16	0	0	4	10	7	0	0	2	0	10	6	4	4	2	
AME1	118	0	0	0	0	0	0	10	14	2	0	4	0	14	13	16	0	0	4	10	7	0	0	2	0	10	6	4	4	2	
AME1	119	0	0	0	0	0	0	10	14	2	0	4	0	14	13	16	0	0	4	10	7	0	0	2	0	10	6	4	4	2	
AME1	120	0	0	0	0	0	0	10	14	2	0	4	0	14	13	16	0	0	4	10	7	0	0	2	0	10	6	4	4	2	
AME1	121	0	0	0	0	0	0	10	14	2	0	4	0	14	13	16	0	0	4	10	7	0	0	2	0	10	6	4	4	2	
AME1	122	0	0	0	0	0	0	10	14	2	0	4	0	14	13	16	0	0	4	10	7	0	0	2	0	10	6	4	4	2	
AME1	123	0	0	0	0	0	0	10	14	2	0	4	0	14	13	16	0	0	4	10	7	0	0	2	0	10	6	4	4	2	
AME1	124	0	0	0	0	0	0	0	0	0	0	0	0	0	0	0	0	0	0	0	0	0	0	0	0	0	0	0	0	0	
AME1	125	0	0	0	0	0	0	0	0	0	0	0	0	0	0	0	0	0	0	0	0	0	0	0	0	0	0	0	0	0	
AME1	126	0	0	0	0	0	0	0	0	0	0	0	0	0	0	0	0	0	0	0	0	0	0	0	0	0	0	0	0	0	
AME1	127	0	0	0	0	0	0	0	0	0	0	0	0	0	0	0	0	0	0	0	0	0	0	0	0	0	0	0	0	0	
AME1	128	0	0	0	0	0	0	0	0	0	0	0	0	0	0	0	0	0	0	0	0	0	0	0	0	0	0	0	0	0	
AME1	129	0	0	0	0	0	0	0	0	0	0	0	0	0	0	0	0	0	0	0	0	0	0	0	0	0	0	0	0	0	
AME1	130	0	0	0	0	0	0	0	0	0	0	0	0	0	0	0	0	0	0	0	0	0	0	0	0	0	0	0	0	0	
AME1	131	0	0	0	0	0	0	0	0	0	0	0	0	0	0	0	0	0	0	0	0	0	0	0	0	0	0	0	0	0	
AME1	132	0	0	0	0	0	0	0	0	0	0	0	0	0	0	0	0	0	0	0	0	0	0	0	0	0	0	0	0	0	
AME1	133	0	0	0	0	0	0	0	0	0	0	0	0	0	0	0	0	0	0	0	0	0	0	0	0	0	0	0	0	0	
AME1	134	0	0	0	0	0	0	0	0	0	0	0	0	0	0	0	0	0	0	0	0	0	0	0	0	0	0	0	0	0	
AME1	135	0	0	0	0	0	0	0	0	0	0	0	0	0	0	0	0	0	0	0	0	0	0	0	0	0	0	0	0	0	
AME1	136	0	0	0	0	0	0	0	0	0	0	0	0	0	0	0	0	0	0	0	0	0	0	0	0	0	0	0	0	0	
AME1	137	0	0	0	0	0	0	0	0	0	0	0	0	0	0	0	0	0	0	0	0	0	0	0	0	0	0	0	0	0	
AME1	138	0	0	0	0	0	0	0	0	0	0	0	0	0	0	0	0	0	0	0	0	0	0	0	0	0	0	0	0	0	
AME1	139	0	0	0	0	0	0	0	0	0	0	0	0	0	0	0	0	0	0	0	0	0	0	0	0	0	0	0	0	0	
AME1	140	0	0	0	0	0	0	0	0	0	0	0	0	0	0	0	0	0	0	0	0	0	0	0	0	0	0	0	0	0	
AME1	141	0	0	0	0	0	0	0	0	0	0	0	0	0	0	0	0	0	0	0	0	0	0	0	0	0	0	0	0	0	
AME1	142	0	0	0	0	0	0	0	0	0	0	0	0	0	0	0	0	0	0	0	0	0	0	0	0	0	0	0	0	0	
AME1	143	0	0	0	0	0	0	0	0	0	0	0	0	0	0	0	0	0	0	0	0	0	0	0	0	0	0	0	0	0	
AME1	144	0	0	0	0	0	0	0	0	0	0	0	0	0	0	0	0	0	0	0	0	0	0	0	0	0	0	0	0	0	
AME1	145	0	0	0	0	0	0	0	0	0	0	0	0	0	0	0	0	0	0	0	0	0	0	0	0	0	0	0	0	0	
AME1	146	0	0	0	0	0	0	0	0	0	0	0	0	0	0	0	0	0	0	0	0	0	0	0	0	0	0	0	0	0	
AME1	147	0	0	0	0	0	0	0	0	0	0	0	0	0	0	0	0	0	0	0	0	0	0	0	0	0	0	0	0	0	
AME1	148	0	0	0	0	0	0	0	0	0	0	0	0	0	0	0	0	0	0	0	0	0	0	0	0	0	0	0	0	0	
AME1	149	0	0	0	0	0	0	0	0	0	0	0	0	0	0	0	0	0	0	0	0	0	0	0	0	0	0	0	0	0	
AME1	150	0	0	0	0	0	0	0	0	0	0	0	0	0	0	0	0	0	0	0	0	0	0	0	0	0	0	0	0	0	
AME1	151	0	0	0	0	0	0	0	0	0	0	0	0	0	0	0	0	0	0	0	0	0	0	0	0	0	0	0	0	0	
AME1	152	0	0	0	0	0	0	0	0	0	0	0	0	0	0	0	0	0	0	0	0	0	0	0	0	0	0	0	0	0	
AME1	153	0	0	0	0	0	0	0	0	0	0	0	0	0	0	0	0	0	0	0	0	0	0	0	0	0	0	0	0	0	
AME1	154	0	0	0	0	0	0	0	0	0	0	0	0	0	0	0	0	0	0	0	0	0	0	0	0	0	0	0	0	0	
AME1	155	0	0	0	0	0	0	0	0	0	0	0	0	0	0	0	0	0	0	0	0	0	0	0	0	0	0	0	0	0	
AME1	156	0	0	0	0	0	0	0	0	0	0	0	0	0	0	0	0	0	0	0	0	0	0	0	0	0	0	0	0	0	
AME1	157	0	0	0	0	0	0	0	0	0	0	0	0	0	0	0	0	0	0	0	0	0	0	0	0	0	3	0	0	0	
AME1	158	0	0	0	0	0	0	0	0	0	0	0	0	0	0	0	0	0	0	0	0	0	0	0	0	0	3	0	0	0	
AME1	159	0	0	0	0	0	0	0	0	0	0	0	0	0	0	0	0	0	0	0	0	0	0	0	0	0	3	0	0	0	
AME1	160	0	0	0	0	0	0	0	0	0	0	0	0	0	0	0	0	0	0	0	0	0	0	0	0	0	3	0	0	0	
AME1	161	0	0	0	0	0	0	0	0	0	0	0	0	0	0	0	0	0	0	0	0	0	0	0	0	0	3	0	0	0	
AME1	162	0	0	0	0	0	0	0	0	0	0	0	0	0	0	0	0	0	0	0	0	0	0	0	0	0	3	0	0	0	
AME1	163	0	0	0	0	0	0	0	0	0	0	0	0	0	0	0	0	0	0	0	0	0	0	0	0	0	3	0	0	0	
AME1	164	0	0	0	0	0	0	0	0	0	0	0	0	0	0	0	0	0	0	0	0	0	0	0	0	0	3	0	0	0	
AME1	165	0	0	0	0	0	0	0	0	0	0	0	0	0	0	0	0	0	0	0	0	0	0	0	0	0	3	0	0	0	
AME1	166	0	0	0	0	0	0	0	0	0	0	0	0	0	0	0	0	0	0	0	0	0	0	0	0	0	3	0	0	0	
AME1	167	0	0	0	0	0	0	0	0	0	0	0	0	0	0	0	0	0	0	0	0	0	0	0	0	0	3	0	0	0	
AME1	168	0	0	0	0	0	0	0	0	0	0	0	0	0	0	0	0	0	0	0	0	0	0	0	0	0	0	0	0	0	
AME1	169	0	0	0	0	0	0	0	0	0	0	0	0	0	0	0	0	0	0	0	0	0	0	0	0	0	0	0	0	0	
AME1	170	0	0	0	0	0	0	0	0	0	0	0	0	0	0	0	0	0	0	0	0	0	0	0	0	0	0	0	0	0	
AME1	171	0	0	0	0	0	0	0	0	0	0	0	0	0	0	0	0	0	0	0	0	0	0	0	0	0	0	0	0	0	
AME1	172	0	0	0	0	0	0	0	0	0	0	0	0	0	0	0	0	0	0	0	0	0	0	0	0	0	0	0	0	0	
AME1	173	0	0	0	0	0	0	0	0	0	0	0	0	0	0	0	0	0	0	0	0	0	0	0	0	0	0	0	0	0	
AME1	174	0	0	0	0	0	0	0	0	0	0	0	0	0	0	0	0	0	0	0	0	0	0	0	0	0	0	0	0	0	
AME1	175	0	0	0	0	0	0	0	0	0	0	0	0	0	0	0	0	0	0	0	0	0	0	0	0	0	0	0	0	0	
AME1	176	0	0	0	0	0	0	0	0	0	0	0	0	0	0	0	0	0	0	0	0	0	0	0	0	0	0	0	0	0	
AME1	177	0	0	0	0	0	0	0	0	0	0	0	0	0	0	0	0	0	0	0	0	0	0	0	0	11	12	8	9	4	
AME1	178	0	0	0	0	0	0	0	0	0	0	0	0	0	0	0	0	0	0	0	0	0	0	0	0	11	12	8	9	4	
AME1	179	0	0	0	0	0	0	0	0	0	0	0	0	0	0	0	0	0	0	0	0	0	0	0	0	11	12	8	9	4	
AME1	180	0	0	0	0	0	0	0	0	0	0	0	0	0	0	0	0	0	0	0	0	0	0	0	0	11	12	8	9	4	
AME1	181	0	0	0	0	0	0	0	0	0	0	0	0	0	0	0	0	0	0	0	0	0	0	0	0	11	12	8	9	4	
AME1	182	0	0	0	0	0	0	0	0	0	0	0	0	0	0	0	0	0	0	0	0	0	0	0	0	11	12	8	9	4	
AME1	183	0	0	0	0	0	0	0	0	0	0	0	0	0	0	0	0	0	0	0	0	0	0	0	0	11	12	8	9	4	
AME1	184	0	0	0	0	0	0	0	0	0	0	0	0	0	0	0	0	0	0	0	0	0	0	0	0	11	12	8	9	4	
AME1	185	0	0	0	0	0	0	0	0	0	0	0	0	0	0	0	0	0	0	0	0	0	0	0	0	11	12	8	9	4	
AME1	186	0	0	0	0	0	0	0	0	0	0	0	0	0	0	0	0	0	0	0	0	0	0	0	0	11	12	8	9	4	
AME1	187	0	0	0	0	0	0	0	0	0	0	0	0	0	0	0	0	0	0	0	0	0	0	0	0	11	12	8	9	4	
AME1	188	0	0	0	0	0	0	0	0	0	0	0	0	0	0	0	0	0	0	10	0	0	0	0	0	7	7	2	0	0	
AME1	189	0	0	0	0	0	0	0	0	0	0	0	0	0	0	0	0	0	0	10	0	0	0	0	0	7	7	2	0	0	
AME1	190	0	0	0	0	0	0	0	0	0	0	0	0	0	0	0	0	0	0	10	0	0	0	0	0	7	7	2	0	0	
AME1	191	0	0	0	0	0	0	0	0	0	0	0	0	0	0	0	0	0	0	10	0	0	0	0	0	9	9	2	0	0	
AME1	192	0	0	0	0	0	0	0	0	0	0	0	0	0	0	0	0	0	0	10	0	0	0	0	0	9	9	2	0	0	
AME1	193	0	0	0	0	0	0	0	0	0	0	0	0	0	0	0	0	0	0	10	0	0	0	0	0	9	9	2	0	0	
AME1	194	0	0	0	0	0	0	0	0	0	0	0	0	0	0	0	0	0	0	10	0	0	0	0	0	9	9	2	0	0	
AME1	195	0	0	0	0	0	0	0	0	0	0	0	0	0	0	0	0	0	0	10	0	0	0	0	0	9	9	2	0	0	
AME1	196	0	0	0	0	0	0	0	0	0	0	0	0	0	0	0	0	0	0	10	0	0	0	0	0	9	9	2	0	0	
AME1	197	0	0	0	0	0	0	0	0	0	0	0	0	0	0	0	0	0	0	10	0	0	0	0	0	9	9	2	0	0	
AME1	198	0	0	0	0	0	0	0	0	0	0	0	0	0	0	0	0	0	0	10	0	0	0	0	0	9	9	2	0	0	
AME1	199	0	0	0	0	0	0	0	0	0	0	0	0	0	0	0	0	0	0	10	0	0	0	0	0	9	9	2	0	0	
AME1	200	0	0	0	0	0	0	0	0	0	0	0	0	0	0	0	0	0	0	10	0	0	0	0	0	9	9	2	0	0	
AME1	201	0	0	0	0	0	0	0	0	0	0	0	0	0	0	0	0	0	0	10	0	0	0	0	0	9	9	2	0	0	
AME1	202	0	0	0	0	0	0	0	0	0	0	0	0	0	0	0	0	0	0	10	0	0	0	0	0	9	9	2	0	0	
AME1	203	0	0	0	0	0	0	0	0	0	0	0	0	0	0	0	0	0	0	10	0	0	0	0	0	9	9	2	0	0	
AME1	204	0	0	0	0	0	0	0	0	0	0	0	0	0	0	0	0	0	0	10	0	0	0	0	0	9	9	2	0	0	
AME1	205	0	0	0	0	0	0	0	0	0	0	0	0	0	0	0	0	0	0	10	0	0	0	0	0	9	9	2	0	0	
AME1	206	0	0	0	0	0	0	0	0	0	0	0	0	0	0	0	0	0	0	10	0	0	0	0	0	9	9	2	0	0	
AME1	207	0	0	0	0	0	0	0	0	0	0	0	0	0	0	0	0	0	0	10	0	0	0	0	0	9	9	2	0	0	
AME1	208	0	0	0	0	0	0	0	0	0	0	0	0	0	0	0	0	0	0	0	0	0	0	0	0	0	0	0	0	0	
AME1	209	0	0	0	0	0	0	0	0	0	0	0	0	0	0	0	0	0	0	0	0	0	0	0	0	0	0	0	0	0	
AME1	210	0	0	0	0	0	0	0	0	0	0	0	0	0	0	0	0	0	0	0	0	0	0	0	0	0	0	0	0	0	
AME1	211	0	0	0	0	0	0	0	0	0	0	0	0	0	0	0	0	0	0	0	0	0	0	0	0	0	0	0	0	0	
AME1	212	0	0	0	0	0	0	0	0	0	0	0	0	0	0	0	0	0	0	0	0	0	0	0	0	0	0	0	0	0	
AME1	213	0	0	0	0	0	0	0	0	0	0	0	2	2	0	3	0	0	2	6	2	4	0	0	0	9	10	16	14	6	
AME1	214	0	0	0	0	0	0	0	0	0	0	0	2	2	0	3	0	0	2	6	2	4	0	0	0	9	10	16	14	6	
AME1	215	0	0	0	0	0	0	0	0	0	0	0	2	2	0	3	0	0	2	6	2	4	0	0	0	9	10	16	14	6	
AME1	216	0	0	0	0	0	0	0	0	0	0	0	2	2	0	3	0	0	2	6	2	4	0	0	0	9	10	16	14	6	
AME1	217	0	0	0	0	0	0	0	0	0	0	0	2	2	0	3	0	0	2	6	2	4	0	0	0	9	10	16	14	6	
AME1	218	0	0	0	0	0	0	0	0	0	0	0	2	2	0	3	0	0	2	6	2	4	0	0	0	9	10	16	14	6	
AME1	219	0	0	0	0	0	0	0	0	0	0	0	2	2	0	3	0	0	2	6	2	4	0	0	0	9	10	16	14	6	
AME1	220	0	0	0	0	0	0	0	0	0	0	0	2	2	0	3	0	0	2	6	2	4	0	0	0	9	10	16	14	6	
AME1	221	0	0	0	0	0	0	0	0	0	0	0	2	2	0	3	0	0	2	6	2	4	0	0	0	9	10	16	14	6	
AME1	222	0	0	0	0	0	0	0	0	0	0	0	2	2	0	3	0	0	2	6	2	4	0	0	0	9	10	16	14	6	
AME1	223	0	0	0	0	0	0	0	0	0	0	0	2	2	0	3	0	0	2	6	2	4	0	0	0	9	10	16	14	6	
AME1	224	0	0	0	0	0	0	0	0	0	0	0	2	2	0	3	0	0	2	6	2	4	0	0	0	9	10	16	14	6	
AME1	225	0	0	0	0	0	0	0	0	0	0	0	0	2	0	4	0	0	0	3	0	2	0	0	0	3	3	2	0	2	
AME1	226	0	0	0	0	0	0	0	0	0	0	0	0	2	0	4	0	0	0	3	0	2	0	0	0	3	3	2	0	2	
AME1	227	0	0	0	0	0	0	0	0	0	0	0	0	2	0	4	0	0	0	3	0	2	0	0	0	3	3	2	0	2	
AME1	228	0	0	0	0	0	0	0	0	0	0	0	0	2	0	4	0	0	0	3	0	2	0	0	0	3	3	2	0	2	
AME1	229	0	0	0	0	0	0	0	0	0	0	0	0	2	0	4	0	0	0	3	0	2	0	0	0	3	3	2	0	2	
AME1	230	0	0	0	0	0	0	0	0	0	0	0	0	2	0	4	0	0	0	3	0	2	0	0	0	3	3	2	0	2	
AME1	231	0	0	0	0	0	0	0	0	0	0	0	0	2	0	4	0	0	0	3	0	2	0	0	0	3	3	2	0	2	
AME1	232	0	0	0	0	0	0	2	0	0	0	0	2	7	4	5	0	0	0	3	0	0	0	0	0	6	7	6	6	6	
AME1	233	0	0	0	0	0	0	2	0	0	0	0	2	7	4	5	0	0	0	3	0	0	0	0	0	6	7	6	6	6	
AME1	234	0	0	0	0	0	0	2	0	0	0	0	2	7	4	5	0	0	0	3	0	0	0	0	0	6	7	6	6	6	
AME1	235	0	0	0	0	0	0	2	0	0	0	0	2	7	4	5	0	0	0	3	0	0	0	0	0	10	14	10	8	6	
AME1	236	0	0	0	0	0	0	2	0	0	0	0	2	7	4	5	0	0	0	3	0	0	0	0	0	10	14	10	8	6	
AME1	237	0	0	0	0	0	0	2	0	0	0	0	2	7	4	5	0	0	0	3	0	0	0	0	0	10	14	10	8	6	
AME1	238	0	0	0	0	0	0	2	0	0	0	0	2	7	4	5	0	0	0	3	0	0	0	0	0	10	14	10	8	6	
AME1	239	0	0	0	0	0	0	2	0	0	0	0	2	7	4	5	0	0	0	3	0	0	0	0	0	10	14	10	8	6	
AME1	240	0	0	0	0	0	0	2	0	0	0	0	2	7	4	5	0	0	0	3	0	0	0	0	0	10	14	10	8	6	
AME1	241	0	0	0	0	0	0	2	0	0	0	0	2	7	4	5	0	0	0	3	0	0	0	0	0	10	14	10	8	6	
AME1	242	0	0	0	0	0	0	2	0	0	0	0	2	7	4	5	0	0	0	3	0	0	0	0	0	10	14	10	8	6	
AME1	243	0	0	0	0	0	0	2	0	0	0	0	2	7	4	5	0	0	0	3	0	0	0	0	0	10	14	10	8	6	
AME1	244	0	0	0	0	0	0	2	0	0	0	0	2	7	4	5	0	0	0	3	0	0	0	0	0	10	14	10	8	6	
AME1	245	0	0	0	0	0	0	2	0	0	0	0	2	7	4	5	0	0	0	3	0	0	0	0	0	10	14	10	8	6	
AME1	246	0	0	0	0	0	0	0	0	0	0	0	0	3	2	0	0	0	0	0	0	0	0	0	0	0	0	0	0	0	
AME1	247	0	0	0	0	0	0	0	0	0	0	0	0	3	2	0	0	0	0	0	0	0	0	0	0	0	0	0	0	0	
AME1	248	0	0	0	0	0	0	0	0	0	0	0	0	3	2	0	0	0	0	0	0	0	0	0	0	0	0	0	0	0	
AME1	249	0	0	0	0	0	0	0	0	0	0	0	0	3	2	0	0	0	0	0	0	0	0	0	0	0	0	0	0	0	
AME1	250	0	0	0	0	0	0	0	0	0	0	0	0	0	0	0	0	0	0	0	0	0	0	0	0	0	0	0	0	0	
AME1	251	0	0	0	0	0	0	0	0	0	0	0	0	0	0	0	0	0	0	0	0	0	0	0	0	0	0	0	0	0	
AME1	252	0	0	0	0	0	0	0	0	0	0	0	0	0	0	0	0	0	0	0	0	0	0	0	0	0	0	0	0	0	
AME1	253	0	0	0	0	0	0	0	0	0	0	0	0	0	0	0	0	0	0	0	0	0	0	0	0	0	0	0	0	0	
AME1	254	0	0	0	0	0	0	0	0	0	0	0	0	0	0	0	0	0	0	0	0	0	0	0	0	0	0	0	0	0	
AME1	255	0	0	0	0	0	0	0	0	0	0	0	0	0	0	0	0	0	0	3	0	0	0	0	0	2	2	4	3	2	
AME1	256	0	0	2	0	0	0	0	0	0	2	2	2	0	2	0	0	0	0	6	0	2	0	0	0	6	6	9	6	6	
AME1	257	0	0	2	0	0	0	0	0	0	2	2	2	0	2	0	0	0	0	6	0	2	0	0	0	6	6	9	6	6	
AME1	258	0	0	2	0	0	0	0	0	0	2	2	2	0	2	0	0	0	0	6	0	2	0	0	0	6	6	9	6	6	
AME1	259	0	0	2	0	0	0	0	0	0	2	2	2	0	2	0	0	0	0	6	0	2	0	0	0	6	6	9	6	6	
AME1	260	0	0	2	0	0	0	0	0	0	2	2	2	0	2	0	0	0	0	6	0	2	0	0	0	6	6	9	6	6	
AME1	261	0	0	2	0	0	0	0	0	0	2	2	2	0	2	0	0	0	0	6	0	2	0	0	0	6	6	9	6	6	
AME1	262	0	0	2	0	0	0	0	0	0	2	2	2	0	2	0	0	0	0	6	0	2	0	0	0	6	6	9	6	6	
AME1	263	0	0	2	0	0	0	0	0	0	2	2	2	0	2	0	0	0	0	6	0	2	0	0	0	6	6	9	6	6	
AME1	264	0	0	2	0	0	0	0	0	0	2	2	2	0	2	0	0	0	0	6	0	2	0	0	0	6	6	9	6	6	
AME1	265	0	0	2	0	0	0	0	0	0	2	2	2	0	2	0	0	0	0	6	0	2	0	0	0	6	6	9	6	6	
AME1	266	0	0	2	0	0	0	0	0	0	2	2	2	0	2	0	0	0	0	6	0	2	0	0	0	6	6	9	6	6	
AME1	267	0	0	0	0	0	0	0	0	0	0	0	0	0	0	0	0	0	0	0	0	0	0	0	0	0	0	0	0	0	
AME1	268	0	0	0	0	0	0	0	0	0	0	0	0	0	0	0	0	0	0	0	0	0	0	0	0	0	0	0	0	0	
AME1	269	0	0	0	0	0	0	0	0	0	0	0	0	0	0	0	0	0	0	0	0	0	0	0	0	0	0	0	0	0	
AME1	270	0	0	0	0	0	0	0	0	0	0	0	0	0	0	0	0	0	0	0	0	0	0	0	0	0	0	0	0	0	
AME1	271	0	0	0	0	0	0	0	0	0	0	0	0	0	0	0	0	0	0	0	0	0	0	0	0	0	0	0	0	0	
AME1	272	0	0	0	0	0	0	0	0	0	0	0	0	0	0	0	0	0	0	0	0	0	0	0	0	0	0	0	0	0	
AME1	273	0	0	0	0	0	0	0	0	0	0	0	0	0	0	0	0	0	0	2	0	4	0	0	0	0	0	0	0	0	
AME1	274	0	0	0	0	0	0	0	0	0	0	0	0	0	0	0	0	0	0	2	0	4	0	0	0	0	0	0	0	0	
AME1	275	0	0	0	0	0	0	0	0	0	0	0	0	0	0	0	0	0	0	2	0	4	0	0	0	0	0	0	0	0	
AME1	276	0	0	0	0	0	0	0	0	0	0	0	0	0	0	0	0	0	0	2	0	4	0	0	0	0	0	0	0	0	
AME1	277	0	0	0	0	0	0	0	0	0	0	0	0	0	0	0	0	0	0	2	0	4	0	0	0	0	0	0	0	0	
AME1	278	0	0	0	0	0	0	0	0	0	0	0	0	0	0	0	0	0	0	2	0	4	0	0	0	0	0	0	0	0	
AME1	279	0	0	0	0	0	0	0	0	0	0	0	0	0	0	0	0	0	0	2	0	4	0	0	0	0	0	0	0	0	
AME1	280	0	0	0	0	0	0	0	0	0	0	0	0	0	0	0	0	0	0	2	0	4	0	0	0	0	0	0	0	0	
AME1	281	0	0	0	0	0	0	0	0	0	0	0	0	0	0	0	0	0	0	2	0	4	0	0	0	0	0	0	0	0	
AME1	282	0	0	0	0	0	0	0	0	0	0	0	0	0	0	0	0	0	0	2	0	4	0	0	0	0	0	0	0	0	
AME1	283	0	0	0	0	0	0	0	0	0	0	0	0	0	0	0	0	0	0	2	0	4	0	0	0	0	0	0	0	0	
AME1	284	0	0	0	0	0	0	0	0	0	0	0	0	0	0	0	0	0	0	2	0	4	0	0	0	0	0	0	0	0	
AME1	285	0	0	0	0	0	0	0	0	0	0	0	0	0	0	0	0	0	0	2	0	4	0	0	0	0	0	0	0	0	
AME1	286	0	0	0	0	0	0	0	0	0	0	0	0	0	0	0	0	0	0	2	0	4	0	0	0	0	0	0	0	0	
AME1	287	0	0	0	0	0	0	0	0	0	0	0	0	0	0	0	0	0	0	2	0	4	0	0	0	0	0	0	0	0	
AME1	288	0	0	0	0	0	0	0	0	0	0	0	0	0	0	0	0	0	0	2	0	4	0	0	0	0	0	0	0	0	
AME1	289	0	0	0	0	0	0	0	0	0	0	0	0	0	0	0	0	0	0	2	0	4	0	0	0	0	0	0	0	0	
AME1	290	0	0	0	0	0	0	0	0	0	0	0	0	0	0	0	0	0	0	2	0	4	0	0	0	0	0	0	0	0	
AME1	291	0	0	0	0	0	0	0	0	0	0	0	0	0	0	0	0	0	0	2	0	4	0	0	0	0	0	0	0	0	
AME1	292	0	0	0	0	0	0	0	0	0	0	0	0	0	0	0	0	0	0	2	0	4	0	0	0	0	0	0	0	0	
AME1	293	0	0	0	0	0	0	0	0	0	0	0	0	0	0	0	0	0	0	2	0	4	0	0	0	0	0	0	0	0	
AME1	294	0	0	0	0	0	0	0	0	0	0	0	0	0	0	0	0	0	0	2	0	4	0	0	0	0	0	0	0	0	
AME1	295	0	0	0	0	0	0	0	0	0	0	0	0	0	0	0	0	0	0	2	0	4	0	0	0	0	0	0	0	0	
AME1	296	0	0	0	0	0	0	0	0	0	0	0	0	0	0	0	0	0	0	2	0	4	0	0	0	0	0	0	0	0	
AME1	297	0	0	0	0	0	0	0	0	0	0	0	0	0	0	0	0	0	0	2	0	4	0	0	0	0	0	0	0	0	
AME1	298	0	0	0	0	0	0	0	0	0	0	0	0	0	0	0	0	0	0	2	0	4	0	0	0	0	0	0	0	0	
AME1	299	0	0	0	0	0	0	0	0	0	0	0	0	0	0	0	0	0	0	2	0	4	0	0	0	0	0	0	0	0	
AME1	300	0	0	0	0	0	0	0	0	0	0	0	0	0	0	0	0	0	0	2	0	4	0	0	0	0	0	0	0	0	
AME1	301	0	0	0	0	0	0	0	0	0	0	0	0	0	0	0	0	0	0	2	0	4	0	0	0	0	0	0	0	0	
AME1	302	0	0	0	0	0	0	0	0	0	0	0	0	0	0	0	0	0	0	2	0	4	0	0	0	0	0	0	0	0	
AME1	303	0	0	0	0	0	0	0	0	0	0	0	0	0	0	0	0	0	0	2	0	4	0	0	0	0	0	0	0	0	
AME1	304	0	0	0	0	0	0	0	0	0	0	0	0	0	0	0	0	0	0	2	0	4	0	0	0	0	0	0	0	0	
AME1	305	0	0	0	0	0	0	0	0	0	0	0	0	0	0	0	0	0	0	2	0	4	0	0	0	0	0	0	0	0	
AME1	306	0	0	0	0	0	0	0	0	0	0	0	0	0	0	0	0	0	0	2	0	4	0	0	0	0	0	0	0	0	
AME1	307	0	0	0	0	0	0	0	0	0	0	0	0	0	0	0	0	0	0	2	0	4	0	0	0	0	0	0	0	0	
AME1	308	0	0	0	0	0	0	0	0	0	0	0	0	0	2	0	2	3	0	0	0	0	0	0	0	0	0	0	0	0	
AME1	309	0	0	0	0	0	0	0	0	0	0	0	0	0	2	0	2	5	0	3	0	0	0	0	0	0	0	0	0	0	
AME1	310	0	0	0	0	0	0	0	0	0	0	0	0	0	2	0	2	5	0	3	0	0	0	0	0	0	0	0	0	0	
AME1	311	0	0	0	0	0	0	0	0	0	0	0	0	0	2	0	2	5	0	3	0	0	0	0	0	0	0	0	0	0	
AME1	312	0	0	0	0	0	0	3	6	0	0	2	0	2	2	4	2	7	0	6	0	2	0	10	0	2	0	0	0	2	
AME1	313	0	0	0	0	0	0	3	6	0	0	2	0	2	2	4	2	7	0	6	0	2	0	10	0	2	0	0	0	2	
AME1	314	0	0	0	0	0	0	3	6	0	0	2	0	2	2	4	2	7	0	6	0	2	0	10	0	2	0	0	0	2	
AME1	315	0	0	0	0	0	0	3	6	0	0	2	0	2	2	4	2	7	0	6	0	2	0	10	0	2	0	0	0	2	
AME1	316	0	0	0	0	0	0	3	6	0	0	2	0	2	2	4	2	7	0	6	0	2	0	10	0	2	0	0	0	2	
AME1	317	0	0	0	0	0	0	3	6	0	0	2	0	2	2	4	2	7	0	6	0	2	0	10	0	2	0	0	0	2	
AME1	318	0	0	0	0	0	0	3	6	0	0	2	0	2	2	4	2	7	0	6	0	2	0	10	0	2	0	0	0	2	
AME1	319	0	0	0	0	0	0	3	6	0	0	2	0	2	2	4	2	7	0	6	0	2	0	10	0	2	0	0	0	2	
AME1	320	0	0	0	0	0	0	3	6	0	0	2	0	2	2	4	2	7	0	6	0	2	0	10	0	2	0	0	0	2	
AME1	321	0	0	0	0	0	0	3	6	0	0	2	0	2	2	4	2	7	0	6	0	2	0	10	0	2	0	0	0	2	
AME1	322	0	0	0	0	0	0	3	6	0	0	2	0	2	2	4	2	7	0	6	0	2	0	10	0	2	0	0	0	2	
AME1	323	0	0	0	0	0	0	3	6	0	0	2	0	2	2	4	2	7	0	6	0	2	0	10	0	2	0	0	0	2	
AME1	324	0	0	0	0	0	0	3	6	0	0	2	0	2	2	4	2	7	0	6	0	2	0	10	0	2	0	0	0	2	
