protein	site	PSMs_001_Stu1-3FLAG_DMSO.csv	PSMs_002_Stu1-3FLAG_Cdc200-AID.csv	PSMs_003_Stu1-3FLAG_Benomyl.csv	PSMs_004_Stu1FLAG_Bub1V5_double_step_IP.csv	PSMs_005_Stu1_TOG1del_cutout_1.csv	PSMs_006_Stu1_TOG1del_cutout_2.csv	PSMs_007_Dsn1-flag.csv	PSMs_008_Dsn1-flag_mps1-1.csv	PSMs_009_Dsn1-flag_pgal-mps1.csv	PSMs_010_Dsn1-flag_ndc80.csv	PSMs_011_Dsn1-flag_ndc80-2a.csv	PSMs_012_Dsn1-flag_ndc80-2d.csv	PSMs_013_Dsn1-flag_ndc80_cdc15-2.csv	PSMs_014_Dsn1-flag_ndc80-2a_cdc15-2.csv	PSMs_015_Dsn1-flag_ndc80-2d_cdc15-2.csv	PSMs_016_Dsn1-flag.csv	PSMs_017_Dsn1-flag_mps1-1.csv	PSMs_018_ndc80-flag.csv	PSMs_019_ndc80-3flag.csv	PSMs_020_ndc80-flag_pgal-mps1.csv	PSMs_021_ndc80-3flag_pgal-mps1.csv	PSMs_022_dad1-flag.csv	PSMs_023_dad1-flag.csv	PSMs_024_dad1-flag_pgal-mps1.csv	PSMs_025_Nitobe_SCX1_Mtw1-3FLAG.csv	PSMs_025_Nitobe_SCX2_Mtw1-3FLAG.csv	PSMs_025_Nitobe_SCX3_Mtw1-3FLAG.csv	PSMs_025_Nitobe_SCX4_Mtw1-3FLAG.csv	PSMs_025_Nitobe_SCX5_Mtw1-3FLAG.csv	
ASK1	0	0	0	0	0	0	0	0	0	0	0	0	0	0	0	0	0	0	0	0	0	0	0	0	0	0	0	0	0	0	
ASK1	1	0	0	0	0	0	0	2	0	0	0	2	0	4	0	2	0	0	2	0	0	0	2	0	0	7	6	2	6	0	
ASK1	2	0	0	0	0	0	0	2	0	0	0	2	0	4	0	2	0	0	2	0	0	0	2	0	0	7	6	2	6	0	
ASK1	3	0	0	0	0	0	0	2	0	0	0	2	0	4	0	2	0	0	2	0	0	0	2	0	0	7	6	2	6	0	
ASK1	4	0	0	0	0	0	0	2	0	0	0	2	0	4	0	2	0	0	2	0	0	0	2	0	0	7	6	2	6	0	
ASK1	5	0	0	0	0	0	0	2	0	0	0	2	0	4	0	2	0	0	2	0	0	0	2	0	0	7	6	2	6	0	
ASK1	6	0	0	0	0	0	0	2	0	0	0	2	0	4	0	2	0	0	2	0	0	0	2	0	0	7	6	2	6	0	
ASK1	7	0	0	0	0	0	0	2	0	0	0	2	0	4	0	2	0	0	2	21	0	0	2	2	2	9	9	2	6	0	
ASK1	8	0	0	0	0	0	0	2	0	0	0	2	0	4	0	2	0	0	2	21	0	0	2	2	2	9	9	2	6	0	
ASK1	9	0	0	0	0	0	0	2	0	0	0	2	0	4	0	2	0	0	2	21	0	0	2	2	2	9	9	2	6	0	
ASK1	10	0	0	0	0	0	0	2	0	0	0	2	0	4	0	2	0	0	2	21	0	0	2	2	2	9	9	2	6	0	
ASK1	11	0	0	0	0	0	0	2	0	0	0	2	0	4	0	2	0	0	2	21	0	0	2	2	2	9	9	2	6	0	
ASK1	12	0	0	0	0	0	0	2	0	0	0	2	0	4	0	2	0	0	2	21	0	0	2	2	2	9	9	2	6	0	
ASK1	13	0	0	0	0	0	0	2	0	0	0	0	0	2	0	2	0	0	2	23	0	0	2	10	54	9	7	2	4	0	
ASK1	14	0	0	0	0	0	0	2	0	0	0	0	0	2	0	2	0	0	2	23	0	0	2	10	54	9	7	2	4	0	
ASK1	15	0	0	0	0	0	0	2	0	0	0	0	0	2	0	2	0	0	2	23	0	0	2	10	54	9	7	2	4	0	
ASK1	16	0	0	0	0	0	0	2	0	0	0	0	0	2	0	2	0	0	2	23	0	0	2	10	54	9	7	2	4	0	
ASK1	17	0	0	0	0	0	0	2	0	0	0	0	0	2	0	2	0	0	2	23	0	0	2	10	54	9	7	2	4	0	
ASK1	18	0	0	0	0	0	0	2	0	0	0	0	0	2	0	2	0	0	2	23	0	0	2	10	54	9	7	2	4	0	
ASK1	19	0	0	0	0	0	0	2	0	0	0	0	0	2	0	2	0	0	2	23	0	0	2	10	54	9	7	2	4	0	
ASK1	20	0	0	0	0	0	0	2	0	0	0	0	0	2	0	2	0	0	2	23	0	0	2	10	54	9	7	2	4	0	
ASK1	21	0	0	0	0	0	0	2	0	0	0	0	0	2	0	2	0	0	2	23	0	0	2	10	54	9	7	2	4	0	
ASK1	22	0	0	0	0	0	0	2	0	0	0	0	0	2	0	2	0	0	2	23	0	0	2	10	54	9	7	2	4	0	
ASK1	23	0	0	0	0	0	0	2	0	0	0	0	0	2	0	2	0	0	2	23	0	0	2	10	54	9	7	2	4	0	
ASK1	24	0	0	0	0	0	0	0	0	0	2	0	0	0	0	0	0	0	0	8	0	0	0	20	34	8	6	3	6	6	
ASK1	25	0	0	0	0	0	0	0	0	0	2	0	0	0	0	0	0	0	0	8	0	0	0	20	34	8	6	3	6	6	
ASK1	26	0	0	0	0	0	0	0	0	0	2	0	0	0	0	0	0	0	0	8	0	0	0	20	34	8	6	3	6	6	
ASK1	27	0	0	0	0	0	0	0	0	0	2	0	0	0	0	0	0	0	0	8	0	0	0	20	34	8	6	3	6	6	
ASK1	28	0	0	0	0	0	0	0	0	0	2	0	0	0	0	0	0	0	0	8	0	0	0	20	34	8	6	3	6	6	
ASK1	29	0	0	0	0	0	0	0	0	0	2	0	0	0	0	0	0	0	0	8	0	0	0	20	34	8	6	3	6	6	
ASK1	30	0	0	0	0	0	0	0	0	0	2	0	0	0	0	0	0	0	0	8	0	0	0	20	34	8	6	3	6	6	
ASK1	31	0	0	0	0	0	0	0	0	0	2	0	0	0	0	0	0	0	0	8	0	0	0	20	34	8	6	3	6	6	
ASK1	32	0	0	0	0	0	0	0	0	0	2	0	0	0	0	0	0	0	0	8	0	0	0	20	34	8	6	3	6	6	
ASK1	33	0	0	0	0	0	0	0	0	0	2	0	0	0	0	0	0	0	0	8	0	0	0	20	34	8	6	3	6	6	
ASK1	34	0	0	0	0	0	0	0	0	0	2	0	0	0	0	0	0	0	0	8	0	0	0	20	34	8	6	3	6	6	
ASK1	35	0	0	0	0	0	0	0	0	0	0	0	0	2	0	0	0	0	0	18	0	2	0	6	24	2	0	2	4	2	
ASK1	36	0	0	0	0	0	0	0	0	0	0	0	0	2	0	0	0	0	0	18	0	2	0	6	24	2	0	2	4	2	
ASK1	37	0	0	0	0	0	0	0	0	0	0	0	0	2	0	0	0	0	0	18	0	2	0	6	24	2	0	2	4	2	
ASK1	38	0	0	0	0	0	0	0	0	0	0	0	0	2	0	0	0	0	0	18	0	2	0	6	24	2	0	2	4	2	
ASK1	39	0	0	0	0	0	0	0	0	0	0	0	0	2	0	0	0	0	0	18	0	2	0	6	24	2	0	2	4	2	
ASK1	40	0	0	0	0	0	0	0	0	0	0	0	0	2	0	0	0	0	0	18	0	2	0	6	24	2	0	2	4	2	
ASK1	41	0	0	0	0	0	0	0	0	0	0	0	0	2	0	0	0	0	0	18	0	2	0	6	24	2	0	2	4	2	
ASK1	42	0	0	0	0	0	0	0	0	0	0	0	0	2	0	0	0	0	0	18	0	2	0	6	24	2	0	2	4	2	
ASK1	43	0	0	0	0	0	0	0	0	0	0	0	0	2	0	0	0	0	0	18	0	2	0	6	24	2	0	2	4	2	
ASK1	44	0	0	0	0	0	0	0	0	0	0	0	0	2	0	0	0	0	0	18	0	2	0	6	24	2	0	2	4	2	
ASK1	45	0	0	0	0	0	0	0	0	0	0	0	0	2	0	0	0	0	0	18	0	2	0	6	24	2	0	2	4	2	
ASK1	46	0	0	0	0	0	0	0	0	0	0	0	0	2	0	0	0	0	0	18	0	2	0	6	24	2	0	2	4	2	
ASK1	47	0	0	0	0	0	0	0	0	0	0	0	0	2	0	0	0	0	0	18	0	2	0	6	24	2	0	2	4	2	
ASK1	48	0	0	0	0	0	0	0	0	0	0	0	0	2	0	0	0	0	0	18	0	2	0	6	24	2	0	2	4	2	
ASK1	49	0	0	0	0	0	0	0	0	0	0	0	0	2	0	0	0	0	0	18	0	2	0	6	24	2	0	2	4	2	
ASK1	50	0	0	0	0	0	0	0	0	0	0	0	0	2	0	0	0	0	0	18	0	2	0	6	24	2	0	2	4	2	
ASK1	51	0	0	0	0	0	0	0	0	0	0	0	0	2	0	0	0	0	0	18	0	2	0	6	24	2	0	2	4	2	
ASK1	52	0	0	0	0	0	0	0	0	0	0	0	0	2	0	0	0	0	0	18	0	2	0	6	24	2	0	2	4	2	
ASK1	53	0	0	0	0	0	0	0	0	0	0	0	0	0	0	2	0	0	0	21	0	5	0	20	29	5	2	0	0	0	
ASK1	54	0	0	0	0	0	0	0	0	0	0	0	0	0	0	2	0	0	0	21	0	5	0	20	29	5	2	0	0	0	
ASK1	55	0	0	0	0	0	0	0	0	0	0	0	0	0	0	2	0	0	0	21	0	5	0	20	29	5	2	0	0	0	
ASK1	56	0	0	0	0	0	0	0	0	0	0	0	0	0	0	2	0	0	0	21	0	5	0	20	29	5	2	0	0	0	
ASK1	57	0	0	0	0	0	0	0	0	0	0	0	0	0	0	2	0	0	0	21	0	5	0	20	29	5	2	0	0	0	
ASK1	58	0	0	0	0	0	0	0	0	0	0	0	0	0	0	2	0	0	0	21	0	5	0	20	29	5	2	0	0	0	
ASK1	59	0	0	0	0	0	0	0	0	0	0	0	0	0	0	2	0	0	0	21	0	5	0	20	29	5	2	0	0	0	
ASK1	60	0	0	0	0	0	0	0	0	0	0	0	0	0	0	2	0	0	0	21	0	5	0	20	29	5	2	0	0	0	
ASK1	61	0	0	0	0	0	0	0	0	0	0	0	0	0	0	2	0	0	0	21	0	5	0	20	29	5	2	0	0	0	
ASK1	62	0	0	0	0	0	0	0	0	0	0	0	0	0	0	2	0	0	0	21	0	5	0	20	29	5	2	0	0	0	
ASK1	63	0	0	0	0	0	0	0	0	0	0	0	0	0	0	2	0	0	0	21	0	5	0	20	29	5	2	0	0	0	
ASK1	64	0	0	0	0	0	0	0	0	0	0	0	0	0	0	2	0	0	0	21	0	5	0	20	29	5	2	0	0	0	
ASK1	65	0	0	0	0	0	0	0	0	0	0	0	0	0	0	2	0	0	0	21	0	5	0	20	29	5	2	0	0	0	
ASK1	66	0	0	0	0	0	0	0	0	0	0	0	0	0	0	2	0	0	0	21	0	5	0	20	29	5	2	0	0	0	
ASK1	67	0	0	0	0	0	0	0	0	0	0	0	0	0	0	2	0	0	0	21	0	5	0	20	29	5	2	0	0	0	
ASK1	68	0	0	0	0	0	0	0	0	0	0	0	0	0	0	2	0	0	0	21	0	5	0	20	29	5	2	0	0	0	
ASK1	69	0	0	0	0	0	0	0	0	0	0	0	0	0	0	2	0	0	0	21	0	5	0	20	29	5	2	0	0	0	
ASK1	70	0	0	0	0	0	0	0	0	0	0	0	0	0	0	2	0	0	0	21	0	5	0	20	29	5	2	0	0	0	
ASK1	71	0	0	0	0	0	0	0	0	0	0	0	0	0	0	2	0	0	0	21	0	5	0	20	29	5	2	0	0	0	
ASK1	72	0	0	0	0	0	0	0	0	0	0	0	0	0	0	2	0	0	0	21	0	5	0	20	29	5	2	0	0	0	
ASK1	73	0	0	0	0	0	0	0	0	0	0	0	0	0	0	2	0	0	0	21	0	5	0	20	29	5	2	0	0	0	
ASK1	74	0	0	0	0	0	0	0	0	0	0	0	0	0	0	2	0	0	0	21	0	5	0	20	29	5	2	0	0	0	
ASK1	75	0	0	0	0	0	0	0	0	0	0	0	0	0	0	2	0	0	0	21	0	5	0	20	29	5	2	0	0	0	
ASK1	76	0	0	0	0	0	0	0	0	0	0	0	0	0	0	2	0	0	0	21	0	5	0	20	29	5	2	0	0	0	
ASK1	77	0	0	0	0	0	0	0	0	0	0	0	0	0	0	2	0	0	0	21	0	5	0	20	29	5	2	0	0	0	
ASK1	78	0	0	0	0	0	0	0	0	0	0	0	0	0	0	2	0	0	0	21	0	5	0	20	29	5	2	0	0	0	
ASK1	79	0	0	0	0	0	0	0	0	0	0	0	0	0	0	2	0	0	0	21	0	5	0	20	29	5	2	0	0	0	
ASK1	80	0	0	0	0	0	0	0	0	0	0	0	0	0	0	2	0	0	0	21	0	5	0	20	29	5	2	0	0	0	
ASK1	81	0	0	0	0	0	0	0	0	0	0	0	0	0	0	2	0	0	0	21	0	5	0	20	29	5	2	0	0	0	
ASK1	82	0	0	0	0	0	0	0	0	0	0	0	0	0	0	2	0	0	0	21	0	5	0	20	29	5	2	0	0	0	
ASK1	83	0	0	0	0	0	0	0	0	0	0	0	0	0	0	2	0	0	0	21	0	5	0	20	29	5	2	0	0	0	
ASK1	84	0	0	0	0	0	0	0	0	0	0	0	0	0	0	2	0	0	0	21	0	5	0	20	29	5	2	0	0	0	
ASK1	85	0	0	0	0	0	0	0	0	0	0	0	0	0	0	2	0	0	0	21	0	5	0	20	29	5	2	0	0	0	
ASK1	86	0	0	0	0	0	0	0	0	0	0	0	0	0	0	2	0	0	0	21	0	5	0	20	29	5	2	0	0	0	
ASK1	87	0	0	0	0	0	0	3	3	0	4	4	0	6	6	2	0	0	9	17	0	2	20	72	86	4	6	8	6	2	
ASK1	88	0	0	0	0	0	0	3	3	0	4	4	0	6	6	2	0	0	9	17	0	2	20	72	86	4	6	8	6	2	
ASK1	89	0	0	0	0	0	0	3	3	0	4	4	0	6	6	2	0	0	9	17	0	2	20	72	86	4	6	8	6	2	
ASK1	90	0	0	0	0	0	0	3	3	0	4	4	0	6	6	2	0	0	9	17	0	2	20	72	86	4	6	8	6	2	
ASK1	91	0	0	0	0	0	0	3	3	0	4	4	0	6	6	2	0	0	9	17	0	2	20	72	86	4	6	8	6	2	
ASK1	92	0	0	0	0	0	0	3	3	0	4	4	0	6	6	2	0	0	9	17	0	2	20	72	86	4	6	8	6	2	
ASK1	93	0	0	0	0	0	0	3	3	0	4	4	0	6	6	2	0	0	9	17	0	2	20	72	86	4	6	8	6	2	
ASK1	94	0	0	0	0	0	0	3	3	0	4	4	0	6	6	2	0	0	9	17	0	2	20	72	86	4	6	8	6	2	
ASK1	95	0	0	0	0	0	0	3	3	0	4	4	0	6	6	2	0	0	9	17	0	2	20	72	86	4	6	8	6	2	
ASK1	96	0	0	0	0	0	0	3	3	0	4	4	0	6	6	2	0	0	9	17	0	2	20	72	86	4	6	8	6	2	
ASK1	97	0	0	0	0	0	0	3	3	0	4	4	0	6	6	2	0	0	9	17	0	2	20	72	86	4	6	8	6	2	
ASK1	98	0	0	0	0	0	0	3	3	0	4	4	0	6	6	2	0	0	9	17	0	2	20	72	86	4	6	8	6	2	
ASK1	99	0	0	0	0	0	0	3	3	0	4	4	0	6	6	2	0	0	9	17	0	2	20	72	86	4	6	8	6	2	
ASK1	100	0	0	0	0	0	0	3	3	0	4	4	0	6	6	2	0	0	9	17	0	2	20	72	86	4	6	8	6	2	
ASK1	101	0	0	0	0	0	0	3	3	0	4	4	0	6	6	2	0	0	9	17	0	2	20	72	86	4	6	8	6	2	
ASK1	102	0	0	0	0	0	0	3	3	0	4	4	0	6	6	2	0	0	9	17	0	2	20	72	86	4	6	8	6	2	
ASK1	103	0	0	0	0	0	0	3	3	0	4	4	0	6	6	2	0	0	9	17	0	2	20	72	86	4	6	8	6	2	
ASK1	104	0	0	0	0	0	0	3	3	0	4	4	0	6	6	2	0	0	9	17	0	2	20	72	86	4	6	8	6	2	
ASK1	105	0	0	0	0	0	0	3	3	0	4	4	0	6	6	2	0	0	9	17	0	2	20	72	86	4	6	8	6	2	
ASK1	106	0	0	0	0	0	0	3	2	0	6	3	3	5	6	5	0	0	19	3	2	0	31	25	26	6	4	8	4	2	
ASK1	107	0	0	0	0	0	0	3	2	0	6	3	3	5	6	5	0	0	19	3	2	0	31	25	26	6	4	8	4	2	
ASK1	108	0	0	0	0	0	0	3	2	0	6	3	3	5	6	5	0	0	19	3	2	0	31	25	26	6	4	8	4	2	
ASK1	109	0	0	0	0	0	0	3	2	0	6	3	3	5	6	5	0	0	19	3	2	0	31	25	26	6	4	8	4	2	
ASK1	110	0	0	0	0	0	0	3	2	0	6	3	3	5	6	5	0	0	19	3	2	0	31	25	26	6	4	8	4	2	
ASK1	111	0	0	0	0	0	0	3	2	0	6	3	3	5	6	5	0	0	19	3	2	0	31	25	26	6	4	8	4	2	
ASK1	112	0	0	0	0	0	0	3	2	0	6	3	3	5	6	5	0	0	19	3	2	0	31	25	26	6	4	8	4	2	
ASK1	113	0	0	0	0	0	0	3	2	0	6	3	3	5	6	5	0	0	19	3	2	0	31	25	26	6	4	8	4	2	
ASK1	114	0	0	0	0	0	0	3	2	0	6	3	3	5	6	5	0	0	19	3	2	0	31	25	26	6	4	8	4	2	
ASK1	115	0	0	0	0	0	0	3	2	0	6	3	3	5	6	5	0	0	19	3	2	0	31	25	26	6	4	8	4	2	
ASK1	116	0	0	0	0	0	0	3	2	0	6	3	3	5	6	5	0	0	19	3	2	0	31	25	26	6	4	8	4	2	
ASK1	117	0	0	0	0	0	0	3	2	0	6	3	3	5	6	5	0	0	19	3	2	0	31	25	26	6	4	8	4	2	
ASK1	118	0	0	0	0	0	0	3	2	0	6	3	3	5	6	5	0	0	19	3	2	0	31	25	26	6	4	8	4	2	
ASK1	119	0	0	0	0	0	0	3	2	0	6	3	3	5	6	5	0	0	19	3	2	0	31	25	26	6	4	8	4	2	
ASK1	120	0	0	0	0	0	0	3	2	0	6	3	3	5	6	5	0	0	19	3	2	0	31	25	26	6	4	8	4	2	
ASK1	121	0	0	0	0	0	0	3	2	0	6	3	3	5	6	5	0	0	19	3	2	0	31	25	26	6	4	8	4	2	
ASK1	122	0	0	0	0	0	0	3	2	0	6	3	3	5	6	5	0	0	19	3	2	0	31	25	26	6	4	8	4	2	
ASK1	123	0	0	0	0	0	0	3	2	0	6	3	3	5	6	5	0	0	19	3	2	0	31	25	26	6	4	8	4	2	
ASK1	124	0	0	0	0	0	0	3	2	0	6	3	3	5	6	5	0	0	19	3	2	0	31	25	26	6	4	8	4	2	
ASK1	125	0	0	0	0	0	0	2	0	0	0	0	0	4	0	2	0	0	0	43	0	2	4	2	21	2	4	4	4	2	
ASK1	126	0	0	0	0	0	0	2	0	0	0	0	0	4	0	2	0	0	0	43	0	2	4	2	21	2	4	4	4	2	
ASK1	127	0	0	0	0	0	0	2	0	0	0	0	0	4	0	2	0	0	0	43	0	2	4	2	21	2	4	4	4	2	
ASK1	128	0	0	0	0	0	0	2	0	0	0	0	0	4	0	2	0	0	0	43	0	2	4	2	21	2	4	4	4	2	
ASK1	129	0	0	0	0	0	0	2	0	0	0	0	0	4	0	2	0	0	0	43	0	2	4	2	21	2	4	4	4	2	
ASK1	130	0	0	0	0	0	0	2	0	0	0	0	0	4	0	2	0	0	0	43	0	2	4	2	21	2	4	4	4	2	
ASK1	131	0	0	0	0	0	0	2	0	0	0	0	0	4	0	2	0	0	0	43	0	2	4	2	21	2	4	4	4	2	
ASK1	132	0	0	0	0	0	0	2	0	0	0	0	0	4	0	2	0	0	0	43	0	2	4	2	21	2	4	4	4	2	
ASK1	133	0	0	0	0	0	0	2	0	0	0	0	0	4	0	2	0	0	0	43	0	2	4	2	21	2	4	4	4	2	
ASK1	134	0	0	0	0	0	0	2	0	0	0	0	0	4	0	2	0	0	0	43	0	2	4	2	21	2	4	4	4	2	
ASK1	135	0	0	0	0	0	0	2	0	0	0	0	0	4	0	2	0	0	0	43	0	2	4	2	21	2	4	4	4	2	
ASK1	136	0	0	0	0	0	0	2	0	0	0	0	0	4	0	2	0	0	0	43	0	2	4	2	21	2	4	4	4	2	
ASK1	137	0	0	0	0	0	0	2	0	0	0	0	0	4	0	2	0	0	0	43	0	2	4	2	21	2	4	4	4	2	
ASK1	138	0	0	0	0	0	0	2	0	0	0	0	0	4	0	2	0	0	0	43	0	2	4	2	21	2	4	4	4	2	
ASK1	139	0	0	0	0	0	0	2	0	0	0	0	0	4	0	2	0	0	0	43	0	2	4	2	21	2	4	4	4	2	
ASK1	140	0	0	0	0	0	0	2	0	0	0	0	0	4	0	2	0	0	0	43	0	2	4	2	21	2	4	4	4	2	
ASK1	141	0	0	0	0	0	0	2	0	0	0	0	0	4	0	2	0	0	0	43	0	2	4	2	21	2	4	4	4	2	
ASK1	142	0	0	0	0	0	0	2	0	0	0	0	0	4	0	2	0	0	0	43	0	2	4	2	21	2	4	4	4	2	
ASK1	143	0	0	0	0	0	0	2	0	0	0	0	0	4	0	2	0	0	0	43	0	2	4	2	21	2	4	4	4	2	
ASK1	144	0	0	0	0	0	0	2	0	0	0	0	0	4	0	2	0	0	0	43	0	2	4	2	21	2	4	4	4	2	
ASK1	145	0	0	0	0	0	0	2	0	0	0	0	0	4	0	2	0	0	0	43	0	2	4	2	21	2	4	4	4	2	
ASK1	146	0	0	0	0	0	0	2	0	0	0	0	0	4	0	2	0	0	0	43	0	2	4	2	21	2	4	4	4	2	
ASK1	147	0	0	0	0	0	0	2	0	0	0	0	0	4	0	2	0	0	0	43	0	2	4	2	21	2	4	4	4	2	
ASK1	148	0	0	0	0	0	0	2	0	0	0	0	0	4	0	2	0	0	0	43	0	2	4	2	21	2	4	4	4	2	
ASK1	149	0	0	0	0	0	0	2	0	0	0	0	0	4	0	2	0	0	0	43	0	2	4	2	21	2	4	4	4	2	
ASK1	150	0	0	0	0	0	0	2	0	0	0	0	0	4	0	2	0	0	0	43	0	2	4	2	21	2	4	4	4	2	
ASK1	151	0	0	0	0	0	0	2	0	0	0	0	0	4	0	2	0	0	0	43	0	2	4	2	21	2	4	4	4	2	
ASK1	152	0	0	0	0	0	0	0	0	0	0	0	0	0	0	0	0	0	0	0	0	0	0	0	0	0	2	0	0	0	
ASK1	153	0	0	0	0	0	0	0	0	0	0	0	0	0	0	0	0	0	0	0	0	0	0	0	0	0	2	0	0	0	
ASK1	154	0	0	0	0	0	0	0	0	0	0	0	0	0	0	0	0	0	0	0	0	0	0	0	0	0	2	0	0	0	
ASK1	155	0	0	0	0	0	0	0	0	0	0	0	0	0	0	0	0	0	0	0	0	0	0	0	0	0	2	0	0	0	
ASK1	156	0	0	0	0	0	0	0	0	0	0	0	0	0	0	0	0	0	0	0	0	0	0	0	0	0	2	0	0	0	
ASK1	157	0	0	0	0	0	0	0	0	0	0	0	0	0	0	0	0	0	0	0	0	0	0	0	0	0	2	0	0	0	
ASK1	158	0	0	0	0	0	0	0	0	0	0	0	0	0	0	0	0	0	0	0	0	0	0	0	0	0	2	0	0	0	
ASK1	159	0	0	0	0	0	0	0	0	0	0	0	0	0	0	0	0	0	0	0	0	0	0	0	0	0	2	0	0	0	
ASK1	160	0	0	0	0	0	0	0	0	0	0	0	0	0	0	0	0	0	0	0	0	0	0	0	0	0	2	0	0	0	
ASK1	161	0	0	0	0	0	0	0	0	0	0	0	0	0	0	0	0	0	0	0	0	0	0	0	0	0	2	0	0	0	
ASK1	162	0	0	0	0	0	0	0	0	0	0	0	0	0	0	0	0	0	0	0	0	0	0	0	0	0	2	0	0	0	
ASK1	163	0	0	0	0	0	0	0	0	0	0	0	0	0	0	0	0	0	0	0	0	0	0	0	0	0	2	0	0	0	
ASK1	164	0	0	0	0	0	0	0	0	0	0	0	0	0	0	0	0	0	0	0	0	0	0	0	0	0	2	0	0	0	
ASK1	165	0	0	0	0	0	0	0	0	0	0	0	0	0	0	0	0	0	0	0	0	0	0	0	0	0	2	0	0	0	
ASK1	166	0	0	0	0	0	0	0	0	0	0	0	0	0	0	0	0	0	0	0	0	0	0	0	0	0	2	0	0	0	
ASK1	167	0	0	0	0	0	0	0	0	0	0	0	0	0	0	0	0	0	0	0	0	0	0	0	0	0	2	0	0	0	
ASK1	168	0	0	0	0	0	0	0	0	0	0	0	0	0	0	0	0	0	0	0	0	0	0	0	0	0	2	0	0	0	
ASK1	169	0	0	0	0	0	0	0	0	0	2	2	0	5	3	6	0	0	0	7	0	0	2	16	7	0	2	0	0	0	
ASK1	170	0	0	0	0	0	0	0	0	0	2	2	0	5	3	6	0	0	0	7	0	0	2	16	7	0	2	0	0	0	
ASK1	171	0	0	0	0	0	0	0	0	0	2	2	0	5	3	6	0	0	0	7	0	0	2	16	7	0	2	0	0	0	
ASK1	172	0	0	0	0	0	0	0	0	0	2	2	0	5	3	6	0	0	0	7	0	0	2	16	7	0	2	0	0	0	
ASK1	173	0	0	0	0	0	0	0	0	0	2	2	0	5	3	6	0	0	0	7	0	0	2	16	7	0	2	0	0	0	
ASK1	174	0	0	0	0	0	0	0	0	0	2	2	0	5	3	6	0	0	0	7	0	0	2	16	7	0	2	0	0	0	
ASK1	175	0	0	0	0	0	0	0	0	0	2	2	0	5	3	6	0	0	0	7	0	0	2	16	7	0	2	0	0	0	
ASK1	176	0	0	0	0	0	0	0	0	0	2	2	0	5	3	6	0	0	0	7	0	0	2	16	7	0	2	0	0	0	
ASK1	177	0	0	0	0	0	0	0	0	0	2	2	0	5	3	6	0	0	0	7	0	0	2	16	7	0	2	0	0	0	
ASK1	178	0	0	0	0	0	0	0	0	0	2	2	0	5	3	6	0	0	0	7	0	0	2	16	7	0	2	0	0	0	
ASK1	179	0	0	0	0	0	0	0	0	0	2	2	0	5	3	6	0	0	0	7	0	0	2	16	7	0	2	0	0	0	
ASK1	180	0	0	0	0	0	0	0	0	0	2	2	0	5	3	6	0	0	0	7	0	0	2	16	7	0	2	0	0	0	
ASK1	181	0	0	0	0	0	0	0	0	0	2	2	0	5	3	6	0	0	0	7	0	0	2	16	7	0	2	0	0	0	
ASK1	182	0	0	0	0	0	0	0	0	0	2	2	0	5	3	6	0	0	0	7	0	0	2	16	7	0	2	0	0	0	
ASK1	183	0	0	0	0	0	0	0	0	0	2	2	0	5	3	6	0	0	0	7	0	0	2	16	7	0	2	0	0	0	
ASK1	184	0	0	0	0	0	0	0	0	0	2	2	0	5	3	6	0	0	0	7	0	0	2	16	7	0	2	0	0	0	
ASK1	185	0	0	0	0	0	0	0	0	0	2	2	0	5	3	6	0	0	0	7	0	0	2	16	7	0	2	0	0	0	
ASK1	186	0	0	0	0	0	0	0	0	0	2	2	0	5	3	6	0	0	0	7	0	0	2	16	7	0	2	0	0	0	
ASK1	187	0	0	0	0	0	0	0	0	0	2	2	0	5	3	6	0	0	0	7	0	0	2	16	7	0	2	0	0	0	
ASK1	188	0	0	0	0	0	0	0	0	0	2	2	0	5	3	6	0	0	0	7	0	0	2	16	7	0	2	0	0	0	
ASK1	189	0	0	0	0	0	0	0	0	0	2	2	0	5	3	6	0	0	0	7	0	0	2	16	7	0	2	0	0	0	
ASK1	190	0	0	0	0	0	0	0	0	0	2	2	0	5	3	6	0	0	0	7	0	0	2	16	7	0	2	0	0	0	
ASK1	191	0	0	0	0	0	0	0	0	0	2	2	0	5	3	6	0	0	0	7	0	0	2	16	7	0	2	0	0	0	
ASK1	192	0	0	0	0	0	0	0	0	0	2	2	0	5	3	6	0	0	0	7	0	0	2	16	7	0	2	0	0	0	
ASK1	193	0	0	0	0	0	0	0	0	0	0	0	0	0	0	0	0	0	0	0	0	0	0	0	0	0	0	0	0	0	
ASK1	194	0	0	0	0	0	0	0	0	0	0	0	0	0	0	0	0	0	0	0	0	0	0	0	0	0	0	0	0	0	
ASK1	195	0	0	0	0	0	0	0	0	0	0	0	0	0	0	0	0	0	0	0	0	0	0	0	0	0	0	0	0	0	
ASK1	196	0	0	0	0	0	0	0	0	0	0	0	0	0	0	0	0	0	0	0	0	0	0	0	0	0	0	0	0	0	
ASK1	197	0	0	0	0	0	0	0	0	0	0	0	0	0	0	0	0	0	0	0	0	0	0	0	3	0	0	0	0	0	
ASK1	198	0	0	0	0	0	0	0	0	0	0	0	0	0	0	2	0	0	0	31	0	0	11	62	87	0	2	0	0	0	
ASK1	199	0	0	0	0	0	0	0	0	0	0	0	0	0	0	2	0	0	0	47	0	0	13	119	168	3	2	0	0	0	
ASK1	200	0	0	0	0	0	0	0	0	0	0	0	0	0	0	2	0	0	0	47	0	0	13	119	168	3	2	0	0	0	
ASK1	201	0	0	0	0	0	0	0	0	0	0	0	0	0	0	2	0	0	0	47	0	0	13	119	168	3	2	0	0	0	
ASK1	202	0	0	0	0	0	0	0	0	0	0	0	0	0	0	2	0	0	0	47	0	0	13	119	168	3	2	0	0	0	
ASK1	203	0	0	0	0	0	0	0	0	0	0	0	0	0	0	2	0	0	0	47	0	0	13	119	168	3	2	0	0	0	
ASK1	204	0	0	0	0	0	0	0	0	0	0	0	0	0	0	2	0	0	0	47	0	0	13	119	168	3	2	0	0	0	
ASK1	205	0	0	0	0	0	0	0	0	0	0	0	0	0	0	2	0	0	0	47	0	0	13	119	168	3	2	0	0	0	
ASK1	206	0	0	0	0	0	0	0	0	0	0	0	0	0	0	2	0	0	0	47	0	0	13	119	168	3	2	0	0	0	
ASK1	207	0	0	0	0	0	0	0	0	0	0	0	0	0	0	2	0	0	0	47	0	0	13	119	168	3	2	0	0	0	
ASK1	208	0	0	0	0	0	0	0	0	0	0	0	0	0	0	2	0	0	0	47	0	0	13	119	168	3	2	0	0	0	
ASK1	209	0	0	0	0	0	0	0	0	0	0	0	0	0	0	2	0	0	0	47	0	0	13	119	168	3	2	0	0	0	
ASK1	210	0	0	0	0	0	0	0	0	0	0	0	0	0	0	2	0	0	0	47	0	0	13	119	168	3	2	0	0	0	
ASK1	211	0	0	0	0	0	0	0	0	0	0	0	0	0	0	2	0	0	0	47	0	0	13	119	168	3	2	0	0	0	
ASK1	212	0	0	0	0	0	0	0	0	0	0	0	0	0	0	2	0	0	0	47	0	0	13	119	168	3	2	0	0	0	
ASK1	213	0	0	0	0	0	0	0	0	0	0	0	0	0	0	2	0	0	0	47	0	0	13	119	168	3	2	0	0	0	
ASK1	214	0	0	0	0	0	0	0	0	0	0	0	0	0	0	2	0	0	0	47	0	0	13	119	168	3	2	0	0	0	
ASK1	215	0	0	0	0	0	0	0	0	0	0	0	0	0	0	2	0	0	0	47	0	0	13	119	168	3	2	0	0	0	
ASK1	216	0	0	0	0	0	0	0	0	0	0	0	0	0	0	2	0	0	0	47	0	0	13	119	168	3	2	0	0	0	
ASK1	217	0	0	0	0	0	0	0	0	0	0	0	0	0	0	2	0	0	0	47	0	0	13	119	168	3	2	0	0	0	
ASK1	218	0	0	0	0	0	0	0	0	0	0	0	0	0	0	2	0	0	0	47	0	0	13	119	168	3	2	0	0	0	
ASK1	219	0	0	0	0	0	0	0	0	0	0	0	0	0	0	2	0	0	0	47	0	0	13	119	168	3	2	0	0	0	
ASK1	220	0	0	0	0	0	0	0	0	0	0	0	0	0	0	2	0	0	0	47	0	0	13	119	168	3	2	0	0	0	
ASK1	221	0	0	0	0	0	0	0	0	0	0	0	0	0	0	2	0	0	0	47	0	0	13	119	168	3	2	0	0	0	
ASK1	222	0	0	0	0	0	0	0	0	0	0	0	0	0	0	2	0	0	0	47	0	0	13	119	168	3	2	0	0	0	
ASK1	223	0	0	0	0	0	0	0	0	0	0	0	0	0	0	0	0	0	0	0	0	0	5	0	0	0	0	0	0	0	
ASK1	224	0	0	0	0	0	0	0	0	0	0	0	0	0	0	0	0	0	0	0	0	0	5	0	0	0	0	0	0	0	
ASK1	225	0	0	0	0	0	0	0	2	0	2	2	0	5	6	5	0	2	3	5	0	0	6	0	0	0	0	2	0	0	
ASK1	226	0	0	0	0	0	0	0	2	0	2	2	0	7	8	8	0	2	3	10	0	0	4	15	10	0	0	2	0	0	
ASK1	227	0	0	0	0	0	0	0	2	0	2	2	0	7	8	8	0	2	3	10	0	0	4	15	10	0	0	2	0	0	
ASK1	228	0	0	0	0	0	0	0	2	0	2	2	0	7	8	8	0	2	3	10	0	0	4	15	10	0	0	2	0	0	
ASK1	229	0	0	0	0	0	0	0	2	0	2	2	0	7	8	8	0	2	3	10	0	0	4	15	10	0	0	2	0	0	
ASK1	230	0	0	0	0	0	0	0	2	0	2	2	0	7	8	8	0	2	3	10	0	0	4	15	10	0	0	2	0	0	
ASK1	231	0	0	0	0	0	0	0	2	0	2	2	0	7	8	8	0	2	3	10	0	0	4	15	10	0	0	2	0	0	
ASK1	232	0	0	0	0	0	0	0	2	0	2	2	0	7	8	8	0	2	3	10	0	0	4	15	10	0	0	2	0	0	
ASK1	233	0	0	0	0	0	0	0	2	0	2	2	0	7	8	8	0	2	3	10	0	0	4	15	10	0	0	2	0	0	
ASK1	234	0	0	0	0	0	0	0	2	0	2	2	0	7	8	8	0	2	3	10	0	0	4	15	10	0	0	2	0	0	
ASK1	235	0	0	0	0	0	0	0	2	0	2	2	0	7	8	8	0	2	3	10	0	0	4	15	10	0	0	2	0	0	
ASK1	236	0	0	0	0	0	0	0	2	0	2	2	0	7	8	8	0	2	3	10	0	0	4	15	10	0	0	2	0	0	
ASK1	237	0	0	0	0	0	0	0	2	0	2	2	0	7	8	8	0	2	3	10	0	0	4	15	10	0	0	2	0	0	
ASK1	238	0	0	0	0	0	0	0	2	0	2	2	0	7	8	8	0	2	3	10	0	0	4	15	10	0	0	2	0	0	
ASK1	239	0	0	0	0	0	0	0	2	0	2	2	0	7	8	8	0	2	3	10	0	0	4	15	10	0	0	2	0	0	
ASK1	240	0	0	0	0	0	0	0	2	0	2	2	0	7	8	8	0	2	3	10	0	0	4	15	10	0	0	2	0	0	
ASK1	241	0	0	0	0	0	0	0	2	0	2	2	0	7	8	8	0	2	3	10	0	0	4	15	10	0	0	2	0	0	
ASK1	242	0	0	0	0	0	0	0	2	0	2	2	0	7	8	8	0	2	3	10	0	0	4	15	10	0	0	2	0	0	
ASK1	243	0	0	0	0	0	0	0	2	0	2	2	0	7	8	8	0	2	3	10	0	0	4	15	10	0	0	2	0	0	
ASK1	244	0	0	0	0	0	0	0	2	0	2	2	0	7	8	8	0	2	3	10	0	0	4	15	10	0	0	2	0	0	
ASK1	245	0	0	0	0	0	0	0	2	0	2	2	0	7	8	8	0	2	3	10	0	0	4	15	10	0	0	2	0	0	
ASK1	246	0	0	0	0	0	0	0	2	0	2	2	0	7	8	8	0	2	3	10	0	0	4	15	10	0	0	2	0	0	
ASK1	247	0	0	0	0	0	0	0	2	0	2	2	0	7	8	8	0	2	3	10	0	0	4	15	10	0	0	2	0	0	
ASK1	248	0	0	0	0	0	0	0	2	0	2	2	0	7	8	8	0	2	3	10	0	0	4	15	10	0	0	2	0	0	
ASK1	249	0	0	0	0	0	0	0	2	0	2	2	0	7	8	8	0	2	3	10	0	0	4	15	10	0	0	2	0	0	
ASK1	250	0	0	0	0	0	0	0	2	0	2	2	0	7	8	8	0	2	3	10	0	0	4	15	10	0	0	2	0	0	
ASK1	251	0	0	0	0	0	0	0	2	0	2	2	0	7	8	8	0	2	3	10	0	0	4	15	10	0	0	2	0	0	
ASK1	252	0	0	0	0	0	0	0	2	0	2	2	0	7	8	8	0	2	3	10	0	0	4	15	10	0	0	2	0	0	
ASK1	253	0	0	0	0	0	0	0	2	0	2	2	0	7	8	8	0	2	3	10	0	0	4	15	10	0	0	2	0	0	
ASK1	254	0	0	0	0	0	0	0	0	0	0	0	0	0	3	0	0	0	0	0	0	0	2	0	0	0	0	0	0	0	
ASK1	255	0	0	0	0	0	0	0	0	0	0	0	0	0	3	0	0	0	0	0	0	0	2	0	0	0	0	0	0	0	
ASK1	256	0	0	0	0	0	0	0	0	0	0	0	0	0	3	0	0	0	0	0	0	0	2	0	0	0	0	0	0	0	
ASK1	257	0	0	0	0	0	0	0	0	0	0	0	0	0	3	0	0	0	0	0	0	0	2	0	0	0	0	0	0	0	
ASK1	258	0	0	0	0	0	0	0	0	0	0	0	0	0	3	0	0	0	0	0	0	0	2	0	0	0	0	0	0	0	
ASK1	259	0	0	0	0	0	0	0	0	0	0	0	0	0	3	0	0	0	0	0	0	0	2	0	0	0	0	0	0	0	
ASK1	260	0	0	0	0	0	0	0	0	0	0	0	0	0	3	0	0	0	0	0	0	0	2	0	0	0	0	0	0	0	
ASK1	261	0	0	0	0	0	0	0	0	0	4	6	0	12	14	14	3	0	8	120	2	6	4	11	6	2	0	0	0	0	
ASK1	262	0	0	0	0	0	0	0	0	0	4	6	0	12	14	14	3	0	8	120	2	6	4	11	6	2	0	0	0	0	
ASK1	263	0	0	0	0	0	0	0	0	0	4	6	0	12	14	14	3	0	8	120	2	6	4	11	6	2	0	0	0	0	
ASK1	264	0	0	0	0	0	0	0	0	0	4	6	0	12	14	14	3	0	8	120	2	6	4	11	6	2	0	0	0	0	
ASK1	265	0	0	0	0	0	0	0	0	0	4	6	0	12	14	14	3	0	8	120	2	6	4	11	6	2	0	0	0	0	
ASK1	266	0	0	0	0	0	0	0	0	0	4	6	0	12	14	14	3	0	8	120	2	6	4	11	6	2	0	0	0	0	
ASK1	267	0	0	0	0	0	0	0	0	0	4	6	0	12	14	14	3	0	8	120	2	6	4	11	6	2	0	0	0	0	
ASK1	268	0	0	0	0	0	0	0	0	0	4	6	0	12	14	14	3	0	8	120	2	6	4	11	6	2	0	0	0	0	
ASK1	269	0	0	0	0	0	0	0	0	0	4	6	0	12	14	14	3	0	8	120	2	6	4	11	6	2	0	0	0	0	
ASK1	270	0	0	0	0	0	0	0	0	0	4	6	0	12	14	14	3	0	8	120	2	6	4	11	6	2	0	0	0	0	
ASK1	271	0	0	0	0	0	0	0	0	0	4	6	0	12	14	14	3	0	8	120	2	6	4	11	6	2	0	0	0	0	
ASK1	272	0	0	0	0	0	0	0	0	0	4	6	0	12	14	14	3	0	8	120	2	6	4	11	6	2	0	0	0	0	
ASK1	273	0	0	0	0	0	0	0	0	0	4	6	0	12	14	14	3	0	8	120	2	6	4	11	6	2	0	0	0	0	
ASK1	274	0	0	0	0	0	0	0	0	0	4	6	0	12	14	14	3	0	8	120	2	6	4	11	6	2	0	0	0	0	
ASK1	275	0	0	0	0	0	0	0	0	0	4	6	0	12	14	14	3	0	8	120	2	6	4	11	6	2	0	0	0	0	
ASK1	276	0	0	0	0	0	0	0	0	0	4	6	0	12	14	14	3	0	8	120	2	6	4	11	6	2	0	0	0	0	
ASK1	277	0	0	0	0	0	0	0	0	0	4	6	0	12	14	14	3	0	8	120	2	6	4	11	6	2	0	0	0	0	
ASK1	278	0	0	0	0	0	0	0	2	0	6	8	2	16	16	16	5	3	10	139	4	6	7	4	8	0	0	5	4	8	
ASK1	279	0	0	0	0	0	0	0	2	0	6	8	2	16	16	16	5	3	10	139	4	6	7	4	8	0	0	5	4	8	
ASK1	280	0	0	0	0	0	0	0	2	0	6	8	2	16	16	16	5	3	10	139	4	6	7	4	8	0	0	5	4	8	
ASK1	281	0	0	0	0	0	0	0	2	0	6	8	2	16	16	16	5	3	10	139	4	6	7	4	8	0	0	5	4	8	
ASK1	282	0	0	0	0	0	0	0	2	0	6	8	2	16	16	16	5	3	10	139	4	6	7	4	8	0	0	5	4	8	
ASK1	283	0	0	0	0	0	0	0	2	0	6	8	2	16	16	16	5	3	10	139	4	6	7	4	8	0	0	5	4	8	
ASK1	284	0	0	0	0	0	0	0	2	0	6	8	2	16	16	16	5	3	10	139	4	6	7	4	8	0	0	5	4	8	
ASK1	285	0	0	0	0	0	0	0	2	0	6	8	2	16	16	16	5	3	10	139	4	6	7	4	8	0	0	5	4	8	
ASK1	286	0	0	0	0	0	0	0	2	0	6	8	2	16	16	16	5	3	10	139	4	6	7	4	8	0	0	5	4	8	
ASK1	287	0	0	0	0	0	0	0	2	0	6	8	2	16	16	16	5	3	10	139	4	6	7	4	8	0	0	5	4	8	
ASK1	288	0	0	0	0	0	0	0	2	0	6	8	2	16	16	16	5	3	10	139	4	6	7	4	8	0	0	5	4	8	
ASK1	289	0	0	0	0	0	0	0	2	0	6	8	2	16	16	16	5	3	10	139	4	6	7	4	8	0	0	5	4	8	
ASK1	290	0	0	0	0	0	0	0	2	0	6	8	2	16	16	16	5	3	10	139	4	6	7	4	8	0	0	5	4	8	
ASK1	291	0	0	0	0	0	0	0	2	0	6	8	2	16	16	16	5	3	10	139	4	6	7	4	8	0	0	5	4	8	
ASK1	292	0	0	0	0	0	0	0	2	0	6	8	2	16	16	16	5	3	10	139	4	6	7	4	8	0	0	5	4	8	
