protein	site	PSMs_001_Stu1-3FLAG_DMSO.csv	PSMs_002_Stu1-3FLAG_Cdc200-AID.csv	PSMs_003_Stu1-3FLAG_Benomyl.csv	PSMs_004_Stu1FLAG_Bub1V5_double_step_IP.csv	PSMs_005_Stu1_TOG1del_cutout_1.csv	PSMs_006_Stu1_TOG1del_cutout_2.csv	PSMs_007_Dsn1-flag.csv	PSMs_008_Dsn1-flag_mps1-1.csv	PSMs_009_Dsn1-flag_pgal-mps1.csv	PSMs_010_Dsn1-flag_ndc80.csv	PSMs_011_Dsn1-flag_ndc80-2a.csv	PSMs_012_Dsn1-flag_ndc80-2d.csv	PSMs_013_Dsn1-flag_ndc80_cdc15-2.csv	PSMs_014_Dsn1-flag_ndc80-2a_cdc15-2.csv	PSMs_015_Dsn1-flag_ndc80-2d_cdc15-2.csv	PSMs_016_Dsn1-flag.csv	PSMs_017_Dsn1-flag_mps1-1.csv	PSMs_018_ndc80-flag.csv	PSMs_019_ndc80-3flag.csv	PSMs_020_ndc80-flag_pgal-mps1.csv	PSMs_021_ndc80-3flag_pgal-mps1.csv	PSMs_022_dad1-flag.csv	PSMs_023_dad1-flag.csv	PSMs_024_dad1-flag_pgal-mps1.csv	PSMs_025_Nitobe_SCX1_Mtw1-3FLAG.csv	PSMs_025_Nitobe_SCX2_Mtw1-3FLAG.csv	PSMs_025_Nitobe_SCX3_Mtw1-3FLAG.csv	PSMs_025_Nitobe_SCX4_Mtw1-3FLAG.csv	PSMs_025_Nitobe_SCX5_Mtw1-3FLAG.csv	
CBF5	0	0	0	0	0	0	0	0	0	0	0	0	0	0	0	0	0	0	0	0	0	0	0	0	0	0	0	0	0	0	
CBF5	1	0	0	0	0	0	0	0	0	0	0	0	0	2	2	4	2	0	0	11	0	3	0	0	0	0	0	0	0	0	
CBF5	2	0	0	0	0	0	0	0	0	0	0	0	0	2	2	4	2	0	0	11	0	3	0	0	0	0	0	0	0	0	
CBF5	3	0	0	0	0	0	0	0	0	0	0	0	0	2	2	4	2	0	0	11	0	3	0	0	0	0	0	0	0	0	
CBF5	4	0	0	0	0	0	0	0	0	0	0	0	0	2	2	4	2	0	0	11	0	5	0	0	0	0	0	0	0	0	
CBF5	5	0	0	0	0	0	0	0	0	0	0	0	0	2	2	4	2	0	0	11	0	5	0	0	0	0	0	0	0	0	
CBF5	6	0	0	0	0	0	0	0	0	0	0	0	0	2	2	4	2	0	0	11	0	5	0	0	0	0	0	0	0	0	
CBF5	7	0	0	0	0	0	0	0	0	0	0	0	0	2	2	4	2	0	0	11	0	5	0	0	0	0	0	0	0	0	
CBF5	8	0	0	0	0	0	0	0	0	0	0	0	0	2	2	4	2	0	0	11	0	5	0	0	0	0	0	0	0	0	
CBF5	9	0	0	0	0	0	0	0	0	0	0	0	0	2	2	4	2	0	0	11	0	5	0	0	0	0	0	0	0	0	
CBF5	10	0	0	0	0	0	0	0	0	0	0	0	0	2	2	4	2	0	0	11	0	5	0	0	0	0	0	0	0	0	
CBF5	11	0	0	0	0	0	0	0	0	0	0	0	0	2	2	4	2	0	0	11	0	5	0	0	0	0	0	0	0	0	
CBF5	12	0	0	0	0	0	0	0	0	0	0	0	0	2	2	4	2	0	0	11	0	5	0	0	0	0	0	0	0	0	
CBF5	13	0	0	0	0	0	0	0	0	0	0	0	0	2	2	4	2	0	0	11	0	5	0	0	0	0	0	0	0	0	
CBF5	14	0	0	0	0	0	0	0	0	0	0	0	0	2	2	4	2	0	0	11	0	5	0	0	0	0	0	0	0	0	
CBF5	15	0	0	0	0	0	0	0	0	0	0	0	0	2	2	4	2	0	0	11	0	5	0	0	0	0	0	0	0	0	
CBF5	16	0	0	0	0	0	0	0	0	0	0	0	0	2	2	4	2	0	0	11	0	5	0	0	0	0	0	0	0	0	
CBF5	17	0	0	0	0	0	0	0	0	0	0	0	0	2	2	4	2	0	0	11	0	5	0	0	0	0	0	0	0	0	
CBF5	18	0	0	0	0	0	0	0	0	0	0	0	0	2	2	4	2	0	0	11	0	5	0	0	0	0	0	0	0	0	
CBF5	19	0	0	0	0	0	0	0	0	0	0	0	0	2	2	4	2	0	0	11	0	5	0	0	0	0	0	0	0	0	
CBF5	20	0	0	0	0	0	0	0	0	0	0	0	0	2	2	4	2	0	0	11	0	5	0	0	0	0	0	0	0	0	
CBF5	21	0	0	0	0	0	0	0	0	0	0	0	0	2	2	4	2	0	0	11	0	5	0	0	0	0	0	0	0	0	
CBF5	22	0	0	0	0	0	0	0	0	0	0	0	0	2	2	4	2	0	0	11	0	5	0	0	0	0	0	0	0	0	
CBF5	23	0	0	0	0	0	0	0	0	0	0	0	0	2	2	4	2	0	0	11	0	5	0	0	0	0	0	0	0	0	
CBF5	24	0	0	0	0	0	0	0	0	0	0	0	0	2	2	4	2	0	0	11	0	5	0	0	0	0	0	0	0	0	
CBF5	25	0	0	0	0	0	0	0	0	0	0	0	0	2	2	4	2	0	0	11	0	5	0	0	0	0	0	0	0	0	
CBF5	26	0	0	0	0	0	0	0	0	0	0	0	0	2	2	4	2	0	0	11	0	5	0	0	0	0	0	0	0	0	
CBF5	27	0	0	0	0	0	0	0	0	0	0	0	0	2	2	4	2	0	0	11	0	5	0	0	0	0	0	0	0	0	
CBF5	28	0	0	0	0	0	0	0	3	0	2	0	2	0	0	2	0	0	0	0	0	0	0	0	0	0	0	0	0	0	
CBF5	29	0	0	0	0	0	0	0	3	0	2	0	2	0	0	2	0	0	0	0	0	0	0	0	0	0	0	0	0	0	
CBF5	30	0	0	0	0	0	0	0	3	0	2	0	2	0	0	2	0	0	0	0	0	0	0	0	0	0	0	0	0	0	
CBF5	31	0	0	0	0	0	0	0	3	0	2	0	2	0	0	2	0	0	0	0	0	0	0	0	0	0	0	0	0	0	
CBF5	32	0	0	0	0	0	0	0	3	0	2	0	2	0	0	2	0	0	0	0	0	0	0	0	0	0	0	0	0	0	
CBF5	33	0	0	0	0	0	0	0	3	0	2	0	2	0	0	2	0	0	0	0	0	0	0	0	0	0	0	0	0	0	
CBF5	34	0	0	0	0	0	0	0	3	0	2	0	2	0	0	2	0	0	0	0	0	0	0	0	0	0	0	0	0	0	
CBF5	35	0	0	0	0	0	0	0	3	0	2	0	2	0	0	2	0	0	0	0	0	0	0	0	0	0	0	0	0	0	
CBF5	36	0	0	0	0	0	0	2	2	0	0	2	2	2	2	3	0	0	2	3	2	3	0	0	0	2	0	4	3	0	
CBF5	37	0	0	0	0	0	0	2	2	0	0	2	2	2	2	3	0	0	2	3	2	3	0	0	0	2	0	4	3	0	
CBF5	38	0	0	0	0	0	0	2	2	0	0	2	2	2	2	3	0	0	2	3	2	3	0	0	0	2	0	4	3	0	
CBF5	39	0	0	0	0	0	0	2	2	0	0	2	2	2	2	3	0	0	2	3	2	3	0	0	0	2	0	4	3	0	
CBF5	40	0	0	0	0	0	0	2	2	0	0	2	2	2	2	3	0	0	2	3	2	3	0	0	0	2	0	4	3	0	
CBF5	41	0	0	0	0	0	0	2	2	0	0	2	2	2	2	3	0	0	2	3	2	3	0	0	0	2	0	4	3	0	
CBF5	42	0	0	0	0	0	0	2	2	0	0	2	2	2	2	3	0	0	2	3	2	3	0	0	0	2	0	4	3	0	
CBF5	43	0	0	0	0	0	0	2	2	0	0	2	2	2	2	3	0	0	2	3	2	3	0	0	0	2	0	4	3	0	
CBF5	44	0	0	0	0	0	0	2	2	0	0	2	2	2	2	3	0	0	2	3	2	3	0	0	0	2	0	4	3	0	
CBF5	45	0	0	0	0	0	0	2	2	0	0	2	2	2	2	3	0	0	2	3	2	3	0	0	0	2	0	4	3	0	
CBF5	46	0	0	0	0	0	0	2	2	0	0	2	2	2	2	3	0	0	2	3	2	3	0	0	0	2	0	4	3	0	
CBF5	47	0	0	0	0	0	0	2	2	0	0	2	2	2	2	3	0	0	2	3	2	3	0	0	0	2	0	4	3	0	
CBF5	48	0	0	0	0	0	0	2	2	0	0	2	2	2	2	3	0	0	2	3	2	3	0	0	0	2	0	4	3	0	
CBF5	49	0	0	0	0	0	0	2	2	0	0	2	2	2	2	3	0	0	2	3	2	3	0	0	0	2	0	4	3	0	
CBF5	50	0	0	0	0	0	0	2	2	0	0	2	2	2	2	3	0	0	2	3	2	3	0	0	0	2	0	4	3	0	
CBF5	51	0	0	0	0	0	0	2	2	0	0	2	2	2	2	3	0	0	2	3	2	3	0	0	0	0	0	2	3	0	
CBF5	52	0	0	0	0	0	0	0	0	0	0	0	0	0	0	0	0	0	0	0	0	0	0	0	0	0	0	0	0	0	
CBF5	53	0	0	0	0	0	0	0	0	0	0	0	0	0	0	0	0	0	0	0	0	0	0	0	0	0	0	0	0	0	
CBF5	54	0	0	0	0	0	0	0	0	0	0	0	0	0	0	0	0	0	0	0	0	0	0	0	0	0	0	0	0	0	
CBF5	55	0	0	0	0	0	0	0	0	0	0	0	0	0	0	0	0	0	0	0	0	0	0	0	0	0	0	0	0	0	
CBF5	56	0	0	0	0	0	0	0	0	0	0	0	0	0	0	0	0	0	0	0	0	0	0	0	0	0	0	0	0	0	
CBF5	57	0	0	0	0	0	0	0	0	0	0	0	0	0	0	0	0	0	0	0	0	0	0	0	0	0	0	0	0	0	
CBF5	58	0	0	0	0	0	0	0	0	0	0	0	0	0	0	0	0	0	0	0	0	0	0	0	0	0	0	0	0	0	
CBF5	59	0	0	0	0	0	0	0	0	0	0	0	0	0	0	0	0	0	0	0	0	0	0	0	0	0	0	0	0	0	
CBF5	60	0	0	0	0	0	0	0	0	0	0	0	0	0	0	0	0	0	0	0	0	0	0	0	0	0	0	0	0	0	
CBF5	61	0	0	0	0	0	0	0	0	0	0	0	0	0	0	0	0	0	0	0	0	0	0	0	0	0	0	0	0	0	
CBF5	62	0	0	0	0	0	0	0	0	0	0	0	0	0	0	0	0	0	0	0	0	0	0	0	0	0	0	0	0	0	
CBF5	63	0	0	0	0	0	0	0	0	0	0	0	0	0	0	0	0	0	0	0	0	0	0	0	0	0	0	0	0	0	
CBF5	64	0	0	0	0	0	0	0	0	0	0	0	0	0	0	0	0	0	0	0	0	0	0	0	0	0	0	0	0	0	
CBF5	65	0	0	0	0	0	0	0	0	0	0	0	0	0	0	0	0	0	0	0	0	0	0	0	0	0	0	0	0	0	
CBF5	66	0	0	0	0	0	0	0	0	0	0	0	0	0	0	0	0	0	0	0	0	0	0	0	0	0	0	0	0	0	
CBF5	67	0	0	0	0	0	0	0	0	0	0	0	0	0	0	0	0	0	0	0	0	0	0	0	0	0	0	0	0	0	
CBF5	68	0	0	0	0	0	0	0	0	0	0	0	0	0	0	0	0	0	0	0	0	0	0	0	0	0	0	0	0	0	
CBF5	69	0	0	0	0	0	0	0	0	0	0	0	0	0	0	0	0	0	0	0	0	0	0	0	0	0	0	0	0	0	
CBF5	70	0	0	0	0	0	0	0	0	0	0	0	0	0	0	0	0	0	0	0	0	0	0	0	0	0	0	0	0	0	
CBF5	71	0	0	0	0	0	0	0	0	0	0	0	0	0	0	0	0	0	0	0	0	0	0	0	0	0	0	0	0	0	
CBF5	72	0	0	0	0	0	0	0	0	0	0	0	0	0	0	0	0	0	0	0	0	0	0	0	0	0	0	0	0	0	
CBF5	73	0	0	0	0	0	0	0	0	0	0	0	0	0	0	0	0	0	0	0	0	0	0	0	0	0	0	0	0	0	
CBF5	74	0	0	0	0	0	0	0	0	0	0	0	0	0	0	0	0	0	0	0	0	0	0	0	0	0	0	0	0	0	
CBF5	75	0	0	0	0	0	0	0	0	0	0	0	0	0	0	0	0	0	0	0	0	0	0	0	0	0	0	0	0	0	
CBF5	76	0	0	0	0	0	0	0	0	0	0	0	0	0	0	0	0	0	0	0	0	0	0	0	0	0	0	0	0	0	
CBF5	77	0	0	0	0	0	0	0	0	0	0	0	0	0	0	0	0	0	0	0	0	0	0	0	0	0	0	0	0	0	
CBF5	78	0	0	0	0	0	0	0	0	0	0	0	0	0	0	0	0	0	0	0	0	0	0	0	0	0	0	0	0	0	
CBF5	79	0	0	0	0	0	0	0	0	0	0	0	0	0	0	0	0	0	0	0	0	0	0	0	0	0	0	0	0	0	
CBF5	80	0	0	0	0	0	0	0	0	0	0	0	0	0	0	0	0	0	0	0	0	0	0	0	0	0	0	0	0	0	
CBF5	81	0	0	0	0	0	0	0	0	0	0	0	0	0	0	0	0	0	0	0	0	0	0	0	0	0	0	0	0	0	
CBF5	82	0	0	0	0	0	0	0	0	0	0	0	0	0	0	0	0	0	0	0	0	0	0	0	0	0	0	0	0	0	
CBF5	83	0	0	0	0	0	0	0	0	0	0	0	0	0	0	0	0	0	0	0	0	0	0	0	0	0	0	0	0	0	
CBF5	84	0	0	0	0	0	0	0	0	0	0	0	0	0	0	0	0	0	0	0	0	0	0	0	0	0	0	0	0	0	
CBF5	85	0	0	0	0	0	0	0	0	0	0	0	0	0	0	0	0	0	0	0	0	0	0	0	0	0	0	0	0	0	
CBF5	86	0	0	0	0	0	0	0	0	0	0	0	0	0	0	0	0	0	0	0	0	0	0	0	0	0	0	0	0	0	
CBF5	87	0	0	0	0	0	0	0	0	0	0	0	0	0	0	0	0	0	0	0	0	0	0	0	0	0	0	0	0	0	
CBF5	88	0	0	0	0	0	0	0	0	0	0	0	0	2	0	2	0	0	0	0	0	0	0	0	0	0	0	0	0	0	
CBF5	89	0	0	0	0	0	0	0	0	0	0	0	0	2	0	2	0	0	0	0	0	0	0	0	0	0	0	0	0	0	
CBF5	90	0	0	0	0	0	0	0	0	0	0	0	0	2	0	2	0	0	0	0	0	0	0	0	0	0	0	0	0	0	
CBF5	91	0	0	0	0	0	0	0	0	0	0	0	0	2	0	2	0	0	0	0	0	0	0	0	0	0	0	0	0	0	
CBF5	92	0	0	0	0	0	0	0	0	0	0	0	0	2	0	2	0	0	0	0	0	0	0	0	0	0	0	0	0	0	
CBF5	93	0	0	0	0	0	0	0	0	0	0	0	0	2	0	2	0	0	0	0	0	0	0	0	0	0	0	0	0	0	
CBF5	94	0	0	0	0	0	0	0	0	0	0	0	0	2	0	2	0	0	0	0	0	0	0	0	0	0	0	0	0	0	
CBF5	95	0	0	0	0	0	0	0	0	0	0	0	0	2	0	2	0	0	0	0	0	0	0	0	0	0	0	0	0	0	
CBF5	96	0	0	0	0	0	0	0	0	0	0	0	0	2	0	2	0	0	0	0	0	0	0	0	0	0	0	0	0	0	
CBF5	97	0	0	0	0	0	0	0	0	0	0	0	0	2	0	2	0	0	0	0	0	0	0	0	0	0	0	0	0	0	
CBF5	98	0	0	0	0	0	0	0	0	0	0	0	0	0	0	0	0	0	0	0	0	0	0	0	0	0	0	0	0	0	
CBF5	99	0	0	0	0	0	0	0	0	0	0	0	0	0	0	0	0	0	0	0	0	0	0	0	0	0	0	0	0	0	
CBF5	100	0	0	0	0	0	0	0	0	0	0	0	0	0	0	0	0	0	0	0	0	0	0	0	0	0	0	0	0	0	
CBF5	101	0	0	0	0	0	0	0	0	0	0	0	0	0	0	0	0	0	0	0	0	0	0	0	0	0	0	0	0	0	
CBF5	102	0	0	0	0	0	0	0	0	0	0	0	0	0	0	0	0	0	0	0	0	0	0	0	0	0	0	0	0	0	
CBF5	103	0	0	0	0	0	0	0	0	0	0	0	0	0	0	0	0	0	0	0	0	0	0	0	0	0	0	0	0	0	
CBF5	104	0	0	0	0	0	0	0	0	0	0	0	0	0	0	0	0	0	0	0	0	0	0	0	0	0	0	0	0	0	
CBF5	105	0	0	0	0	0	0	0	0	0	0	0	0	0	0	0	0	0	0	0	0	0	0	0	0	0	0	0	0	0	
CBF5	106	0	0	0	0	0	0	0	0	0	0	0	0	0	0	0	0	0	0	0	0	0	0	0	0	0	0	0	0	0	
CBF5	107	0	0	0	0	0	0	0	0	0	0	0	0	0	0	0	0	0	0	0	0	0	0	0	0	0	0	0	0	0	
CBF5	108	0	0	0	0	0	0	0	0	0	0	0	0	0	0	0	0	0	0	0	0	0	0	0	0	0	0	0	0	0	
CBF5	109	0	0	0	0	0	0	0	0	0	0	0	0	0	0	0	0	0	0	0	0	0	0	0	0	0	0	0	0	0	
CBF5	110	0	0	0	0	0	0	0	0	0	0	0	0	0	0	0	0	0	0	0	0	0	0	0	0	0	0	0	0	0	
CBF5	111	0	0	0	0	0	0	0	0	0	0	0	0	0	0	0	0	0	0	0	0	0	0	0	0	0	0	0	0	0	
CBF5	112	0	0	0	0	0	0	0	0	0	0	0	0	0	0	0	0	0	0	0	0	0	0	0	0	0	0	0	0	0	
CBF5	113	0	0	0	0	0	0	0	0	0	0	0	0	0	0	0	0	0	0	0	0	0	0	0	0	0	0	0	0	0	
CBF5	114	0	0	0	0	0	0	0	0	0	0	0	0	0	0	0	0	0	0	0	0	0	0	0	0	0	0	0	0	0	
CBF5	115	0	0	0	0	0	0	0	0	0	0	0	0	0	0	2	0	0	0	0	0	0	0	0	0	0	0	0	0	0	
CBF5	116	0	0	0	0	0	0	0	0	0	0	0	0	0	0	2	0	0	0	0	0	0	0	0	0	0	0	0	0	0	
CBF5	117	0	0	0	0	0	0	0	0	0	0	0	0	0	0	2	0	0	0	0	0	0	0	0	0	0	0	0	0	0	
CBF5	118	0	0	0	0	0	0	0	0	0	0	0	0	0	0	2	0	0	0	0	0	0	0	0	0	0	0	0	0	0	
CBF5	119	0	0	0	0	0	0	0	0	0	0	0	0	0	0	2	0	0	0	0	0	0	0	0	0	0	0	0	0	0	
CBF5	120	0	0	0	0	0	0	0	0	0	0	0	0	0	0	2	0	0	0	0	0	0	0	0	0	0	0	0	0	0	
CBF5	121	0	0	0	0	0	0	0	0	0	0	0	0	0	0	2	0	0	0	0	0	0	0	0	0	0	0	0	0	0	
CBF5	122	0	0	0	0	0	0	0	0	0	0	0	3	2	0	4	0	0	0	0	2	0	0	0	0	2	0	0	0	0	
CBF5	123	0	0	0	0	0	0	0	0	0	0	0	3	2	0	4	0	0	0	0	2	0	0	0	0	2	0	0	0	0	
CBF5	124	0	0	0	0	0	0	0	0	0	0	0	3	2	0	4	0	0	0	0	2	0	0	0	0	2	0	0	0	0	
CBF5	125	0	0	0	0	0	0	0	0	0	0	0	3	2	0	4	0	0	0	0	2	0	0	0	0	2	0	0	0	0	
CBF5	126	0	0	0	0	0	0	0	0	0	0	0	3	2	0	4	0	0	0	0	2	0	0	0	0	2	0	0	0	0	
CBF5	127	0	0	0	0	0	0	0	0	0	0	0	3	2	0	4	0	0	0	0	2	0	0	0	0	2	0	0	0	0	
CBF5	128	0	0	0	0	0	0	0	0	0	0	0	3	2	0	4	0	0	0	0	2	0	0	0	0	2	0	0	0	0	
CBF5	129	0	0	0	0	0	0	2	2	0	0	2	0	2	2	4	0	0	0	2	0	0	0	0	0	0	0	0	0	0	
CBF5	130	0	0	0	0	0	0	2	2	0	0	2	0	2	2	4	0	0	0	2	0	0	0	0	0	0	0	0	0	0	
CBF5	131	0	0	0	0	0	0	2	2	0	0	2	0	2	2	4	0	0	0	2	0	0	0	0	0	0	0	0	0	0	
CBF5	132	0	0	0	0	0	0	2	2	0	0	2	0	2	2	4	0	0	0	2	0	0	0	0	0	0	0	0	0	0	
CBF5	133	0	0	0	0	0	0	2	2	0	0	2	0	2	2	4	0	0	0	2	0	0	0	0	0	0	0	0	0	0	
CBF5	134	0	0	0	0	0	0	2	2	0	0	2	0	2	2	4	0	0	0	2	0	0	0	0	0	0	0	0	0	0	
CBF5	135	0	0	0	0	0	0	2	2	0	0	2	0	2	2	4	0	0	0	2	0	0	0	0	0	0	0	0	0	0	
CBF5	136	0	0	0	0	0	0	2	2	0	0	2	0	2	2	4	0	0	0	2	0	0	0	0	0	0	0	0	0	0	
CBF5	137	0	0	0	0	0	0	2	2	0	0	2	0	2	2	4	0	0	0	2	0	0	0	0	0	0	0	0	0	0	
CBF5	138	0	0	0	0	0	0	2	2	0	0	2	0	2	2	4	0	0	0	2	0	0	0	0	0	0	0	0	0	0	
CBF5	139	0	0	0	0	0	0	2	2	0	0	2	0	2	2	4	0	0	0	2	0	0	0	0	0	0	0	0	0	0	
CBF5	140	0	0	0	0	0	0	2	2	0	0	2	0	2	2	4	0	0	0	2	0	0	0	0	0	0	0	0	0	0	
CBF5	141	0	0	0	0	0	0	2	2	0	0	2	0	2	2	4	0	0	0	2	0	0	0	0	0	0	0	0	0	0	
CBF5	142	0	0	0	0	0	0	3	2	0	2	2	0	6	6	11	0	0	4	10	0	7	2	0	0	2	4	5	3	2	
CBF5	143	0	0	0	0	0	0	3	2	0	2	2	0	6	6	11	0	0	4	10	0	7	2	0	0	2	4	5	3	2	
CBF5	144	0	0	0	0	0	0	3	2	0	2	2	0	6	6	11	0	0	4	10	0	7	2	0	0	2	4	5	3	2	
CBF5	145	0	0	0	0	0	0	3	2	0	2	2	0	6	6	11	0	0	4	10	0	7	2	0	0	2	4	5	3	2	
CBF5	146	0	0	0	0	0	0	3	2	0	2	2	0	6	6	11	0	0	4	10	0	7	2	0	0	2	4	5	3	2	
CBF5	147	0	0	0	0	0	0	3	2	0	2	2	0	6	6	11	0	0	4	10	0	7	2	0	0	2	4	5	3	2	
CBF5	148	0	0	0	0	0	0	3	2	0	2	2	0	6	6	11	0	0	4	10	0	7	2	0	0	2	4	5	3	2	
CBF5	149	0	0	0	0	0	0	3	2	0	2	2	0	6	6	11	0	0	4	10	0	7	2	0	0	2	4	5	3	2	
CBF5	150	0	0	0	0	0	0	3	2	0	2	2	0	6	6	11	0	0	4	10	0	7	2	0	0	2	4	5	3	2	
CBF5	151	0	0	0	0	0	0	3	2	0	2	2	0	6	6	11	0	0	4	10	0	7	2	0	0	2	4	5	3	2	
CBF5	152	0	0	0	0	0	0	3	2	0	2	2	0	6	6	11	0	0	4	10	0	7	2	0	0	2	4	5	3	2	
CBF5	153	0	0	0	0	0	0	3	2	0	2	2	0	6	6	11	0	0	4	10	0	7	2	0	0	2	4	5	3	2	
CBF5	154	0	0	0	0	0	0	3	2	0	2	2	0	6	6	11	0	0	4	10	0	7	2	0	0	2	4	5	3	2	
CBF5	155	0	0	0	0	0	0	3	2	0	2	2	0	6	6	11	0	0	4	10	0	7	2	0	0	2	4	5	3	2	
CBF5	156	0	0	0	0	0	0	3	2	0	2	2	0	6	6	11	0	0	4	10	0	7	2	0	0	2	4	5	3	2	
CBF5	157	0	0	0	0	0	0	3	2	0	2	2	0	6	6	11	0	0	4	10	0	7	2	0	0	2	4	5	3	2	
CBF5	158	0	0	0	0	0	0	3	2	0	2	2	0	6	6	11	0	0	4	10	0	7	2	0	0	2	4	5	3	2	
CBF5	159	0	0	0	0	0	0	3	2	0	2	2	0	6	6	11	0	0	4	10	0	7	2	0	0	2	4	5	3	2	
CBF5	160	0	0	0	0	0	0	3	2	0	2	2	0	6	6	11	0	0	4	10	0	7	2	0	0	2	4	5	3	2	
CBF5	161	0	0	0	0	0	0	3	2	0	2	2	0	6	6	11	0	0	4	10	0	7	2	0	0	2	4	5	3	2	
CBF5	162	0	0	0	0	0	0	3	2	0	2	2	0	6	6	11	0	0	4	10	0	4	2	0	0	0	0	0	0	0	
CBF5	163	0	0	0	0	0	0	0	0	0	0	0	0	0	0	0	0	0	0	0	0	0	0	0	0	0	0	0	0	0	
CBF5	164	0	0	0	0	0	0	0	0	0	0	0	0	0	0	0	0	0	0	0	0	0	0	0	0	0	0	0	0	0	
CBF5	165	0	0	0	0	0	0	0	0	0	0	0	0	0	0	0	0	0	0	0	0	0	0	0	0	0	0	0	0	0	
CBF5	166	0	0	0	0	0	0	2	2	0	0	0	0	0	0	0	3	3	0	0	2	0	0	0	0	0	0	0	0	0	
CBF5	167	0	0	0	0	0	0	2	2	0	0	0	0	0	0	0	3	3	0	0	2	0	0	0	0	0	0	0	0	0	
CBF5	168	0	0	0	0	0	0	2	4	0	2	2	0	3	2	6	3	3	0	5	2	4	0	0	3	0	0	2	2	0	
CBF5	169	0	0	0	0	0	0	2	4	0	2	2	0	3	2	6	3	3	0	5	2	4	0	0	3	0	0	2	2	0	
CBF5	170	0	0	0	0	0	0	2	4	0	2	2	0	3	2	6	3	3	0	5	2	4	0	0	3	0	0	2	2	0	
CBF5	171	0	0	0	0	0	0	2	4	0	2	2	0	3	2	6	3	3	0	5	2	4	0	0	3	0	0	2	2	0	
CBF5	172	0	0	0	0	0	0	2	4	0	2	2	0	3	2	6	3	3	0	5	2	4	0	0	3	0	0	2	2	0	
CBF5	173	0	0	0	0	0	0	2	4	0	2	2	0	3	2	6	3	3	0	5	2	4	0	0	3	0	0	2	2	0	
CBF5	174	0	0	0	0	0	0	2	4	0	2	2	0	3	2	6	3	3	0	5	2	4	0	0	3	0	0	2	2	0	
CBF5	175	0	0	0	0	0	0	2	4	0	2	2	0	3	2	6	3	3	0	5	2	4	0	0	3	0	0	2	2	0	
CBF5	176	0	0	0	0	0	0	2	4	0	2	2	0	3	2	6	3	3	0	5	2	4	0	0	3	0	0	2	2	0	
CBF5	177	0	0	0	0	0	0	2	4	0	2	2	0	3	2	6	3	3	0	5	2	4	0	0	3	0	0	2	2	0	
CBF5	178	0	0	0	0	0	0	2	4	0	2	2	0	3	2	6	3	3	0	5	2	4	0	0	3	0	0	2	2	0	
CBF5	179	0	0	0	0	0	0	2	4	0	2	2	0	3	2	6	3	3	0	5	2	4	0	0	3	0	0	2	2	0	
CBF5	180	0	0	0	0	0	0	2	4	0	2	2	0	3	2	6	3	3	0	5	2	4	0	0	3	0	0	2	2	0	
CBF5	181	0	0	0	0	0	0	2	4	0	2	2	0	3	2	6	3	3	0	5	2	4	0	0	3	0	0	2	2	0	
CBF5	182	0	0	0	0	0	0	0	0	0	0	0	0	0	0	0	0	0	0	0	0	0	0	0	0	2	2	0	2	0	
CBF5	183	0	0	0	0	0	0	0	0	0	0	0	0	0	0	0	0	0	0	0	0	0	0	0	0	2	2	0	2	0	
CBF5	184	0	0	0	0	0	0	0	0	0	0	0	0	0	0	0	0	0	0	0	0	0	0	0	0	2	2	0	2	0	
CBF5	185	0	0	0	0	0	0	0	0	0	0	0	0	0	0	0	0	0	0	0	0	0	0	0	0	2	2	0	2	0	
CBF5	186	0	0	0	0	0	0	0	0	0	0	0	0	0	0	0	0	0	0	0	0	0	0	0	0	2	2	0	2	0	
CBF5	187	0	0	0	0	0	0	0	0	0	0	0	0	0	0	0	0	0	0	0	0	0	0	0	0	2	2	0	2	0	
CBF5	188	0	0	0	0	0	0	0	0	0	0	0	0	0	0	0	0	0	0	0	0	0	0	0	0	2	2	0	2	0	
CBF5	189	0	0	0	0	0	0	0	0	0	0	0	0	0	0	0	0	0	0	0	0	0	0	0	0	2	2	0	2	0	
CBF5	190	0	0	0	0	0	0	0	0	0	0	0	0	0	0	0	0	0	0	0	0	0	0	0	0	2	2	0	2	0	
CBF5	191	0	0	0	0	0	0	0	0	0	0	0	0	0	0	0	0	0	0	0	0	0	0	0	0	2	2	0	2	0	
CBF5	192	0	0	0	0	0	0	0	0	0	0	0	0	0	0	0	0	0	0	0	0	0	0	0	0	2	2	0	2	0	
CBF5	193	0	0	0	0	0	0	0	0	0	0	0	0	0	0	0	0	0	0	0	0	0	0	0	0	2	2	0	2	0	
CBF5	194	0	0	0	0	0	0	0	0	0	0	0	0	0	0	0	0	0	0	0	0	0	0	0	0	2	2	0	2	0	
CBF5	195	0	0	0	0	0	0	0	0	0	0	0	0	0	0	0	0	0	0	0	0	0	0	0	0	2	2	0	2	0	
CBF5	196	0	0	0	0	0	0	0	0	0	0	0	0	0	0	0	0	0	0	0	0	0	0	0	0	2	2	0	2	0	
CBF5	197	0	0	0	0	0	0	0	0	0	0	0	0	0	0	0	0	0	0	0	0	0	0	0	0	2	2	0	2	0	
CBF5	198	0	0	0	0	0	0	0	0	0	0	0	0	0	0	0	0	0	0	0	0	0	0	0	0	0	0	0	0	0	
CBF5	199	0	0	0	0	0	0	0	0	0	0	0	0	0	0	0	0	0	0	0	0	0	0	0	0	0	0	0	0	0	
CBF5	200	0	0	0	0	0	0	0	0	0	0	0	0	0	0	0	0	0	0	0	0	0	0	0	0	0	0	0	0	0	
CBF5	201	0	0	0	0	0	0	0	0	0	0	0	0	0	0	0	0	0	0	0	0	0	0	0	0	0	0	0	0	0	
CBF5	202	0	0	0	0	0	0	0	0	0	0	0	0	0	0	0	0	0	0	0	0	0	0	0	0	0	0	0	0	0	
CBF5	203	0	0	0	0	0	0	0	0	0	0	0	0	0	0	0	0	0	0	0	0	0	0	0	0	0	0	0	0	0	
CBF5	204	0	0	0	0	0	0	0	0	0	0	0	0	0	0	0	0	0	0	0	0	0	0	0	0	0	0	0	0	0	
CBF5	205	0	0	0	0	0	0	0	0	0	0	0	0	0	0	0	0	0	0	0	0	0	0	0	0	0	0	0	0	0	
CBF5	206	0	0	0	0	0	0	0	0	0	0	0	0	0	0	0	0	0	0	0	0	0	0	0	0	0	0	0	0	0	
CBF5	207	0	0	0	0	0	0	0	0	0	0	0	0	0	0	0	0	0	0	0	0	0	0	0	0	0	0	0	0	0	
CBF5	208	0	0	0	0	0	0	0	0	0	0	0	0	0	0	0	0	0	0	0	0	0	0	0	0	0	0	0	0	0	
CBF5	209	0	0	0	0	0	0	0	0	0	0	0	0	0	0	0	0	0	0	0	0	0	0	0	0	0	0	0	0	0	
CBF5	210	0	0	0	0	0	0	0	0	0	0	0	0	0	0	0	0	0	0	0	0	0	0	0	0	0	0	0	0	0	
CBF5	211	0	0	0	0	0	0	0	0	0	0	0	0	0	0	0	0	0	0	0	0	0	0	0	0	0	0	0	0	0	
CBF5	212	0	0	0	0	0	0	0	0	0	0	0	0	0	0	0	0	0	0	0	0	0	0	0	0	0	0	0	0	0	
CBF5	213	0	0	0	0	0	0	0	0	0	0	0	0	0	0	0	0	0	0	0	0	0	0	0	0	0	0	0	0	0	
CBF5	214	0	0	0	0	0	0	0	0	0	0	0	0	0	0	0	0	0	0	0	0	0	0	0	0	0	0	0	0	0	
CBF5	215	0	0	0	0	0	0	0	0	0	0	0	0	0	0	0	0	0	0	0	0	0	0	0	0	0	0	0	0	0	
CBF5	216	0	0	0	0	0	0	0	0	0	0	0	0	0	0	0	0	0	0	0	0	0	0	0	0	0	0	0	0	0	
CBF5	217	0	0	0	0	0	0	0	0	0	0	0	0	0	0	0	0	0	0	0	0	0	0	0	0	0	0	0	0	0	
CBF5	218	0	0	0	0	0	0	0	0	0	0	0	0	0	0	0	0	0	0	0	0	0	0	0	0	0	0	0	0	0	
CBF5	219	0	0	0	0	0	0	0	0	0	0	0	0	0	0	0	0	0	0	0	0	0	0	0	0	0	0	0	0	0	
CBF5	220	0	0	0	0	0	0	0	0	0	0	0	0	0	0	0	0	0	0	0	0	0	0	0	0	0	0	0	0	0	
CBF5	221	0	0	0	0	0	0	0	0	0	0	0	0	0	0	2	0	0	0	2	0	0	0	0	0	2	0	0	0	0	
CBF5	222	0	0	0	0	0	0	0	0	0	0	0	0	0	0	2	0	0	0	2	0	0	0	0	0	2	0	0	0	0	
CBF5	223	0	0	0	0	0	0	0	0	0	0	0	0	0	0	2	0	0	0	2	0	0	0	0	0	2	0	0	0	0	
CBF5	224	0	0	0	0	0	0	0	0	0	0	0	0	0	0	2	0	0	0	2	0	0	0	0	0	2	0	0	0	0	
CBF5	225	0	0	0	0	0	0	0	0	0	0	0	0	0	0	2	0	0	0	2	0	0	0	0	0	2	0	0	0	0	
CBF5	226	0	0	0	0	0	0	0	0	0	0	0	0	0	0	2	0	0	0	2	0	0	0	0	0	2	0	0	0	0	
CBF5	227	0	0	0	0	0	0	0	0	0	0	0	0	0	0	2	0	0	0	2	0	0	0	0	0	2	0	0	0	0	
CBF5	228	0	0	0	0	0	0	0	0	0	0	0	0	0	0	2	0	0	0	2	0	0	0	0	0	2	0	0	0	0	
CBF5	229	0	0	0	0	0	0	0	0	0	0	0	0	0	0	2	0	0	0	2	0	0	0	0	0	2	0	0	0	0	
CBF5	230	0	0	0	0	0	0	0	0	0	0	0	0	0	0	2	0	0	0	2	0	0	0	0	0	2	0	0	0	0	
CBF5	231	0	0	0	0	0	0	0	0	0	0	0	0	0	0	2	0	0	0	2	0	0	0	0	0	2	0	0	0	0	
CBF5	232	0	0	0	0	0	0	0	0	0	0	0	0	0	0	2	0	0	0	2	0	0	0	0	0	2	0	0	0	0	
CBF5	233	0	0	0	0	0	0	0	0	0	0	0	0	0	0	2	0	0	0	2	0	0	0	0	0	2	0	0	0	0	
CBF5	234	0	0	0	0	0	0	0	0	0	0	0	0	0	0	2	0	0	0	2	0	0	0	0	0	2	0	0	0	0	
CBF5	235	0	0	0	0	0	0	0	0	0	0	0	0	0	0	2	0	0	0	2	0	0	0	0	0	2	0	0	0	0	
CBF5	236	0	0	0	0	0	0	0	0	0	0	0	0	0	0	2	0	0	0	2	0	0	0	0	0	2	0	0	0	0	
CBF5	237	0	0	0	0	0	0	0	0	0	0	0	0	0	0	2	0	0	0	2	0	0	0	0	0	2	0	0	0	0	
CBF5	238	0	0	0	0	0	0	0	0	0	0	0	0	0	0	2	0	0	0	2	0	0	0	0	0	2	0	0	0	0	
CBF5	239	0	0	0	0	0	0	0	0	0	0	0	0	0	0	2	0	0	0	2	0	0	0	0	0	2	0	0	0	0	
CBF5	240	0	0	0	0	0	0	0	0	0	0	0	0	0	0	2	0	0	0	2	0	0	0	0	0	2	0	0	0	0	
CBF5	241	0	0	0	0	0	0	0	0	0	0	0	0	0	0	2	0	0	0	2	0	0	0	0	0	2	0	0	0	0	
CBF5	242	0	0	0	0	0	0	0	0	0	0	0	0	0	0	2	0	0	0	2	0	0	0	0	0	2	0	0	0	0	
CBF5	243	0	0	0	0	0	0	0	0	0	0	0	0	0	0	2	0	0	0	2	0	0	0	0	0	2	0	0	0	0	
CBF5	244	0	0	0	0	0	0	0	0	0	0	0	0	0	0	2	0	0	0	2	0	0	0	0	0	2	0	0	0	0	
CBF5	245	0	0	0	0	0	0	0	0	0	0	0	0	0	0	2	0	0	0	2	0	0	0	0	0	2	0	0	0	0	
CBF5	246	0	0	0	0	0	0	0	0	0	0	0	0	0	0	2	0	0	0	2	0	0	0	0	0	2	0	0	0	0	
CBF5	247	0	0	0	0	0	0	0	0	0	0	0	0	0	0	2	0	0	0	2	0	0	0	0	0	2	0	0	0	0	
CBF5	248	0	0	0	0	0	0	0	0	0	0	0	0	0	0	2	0	0	0	0	0	0	0	0	0	0	0	0	0	0	
CBF5	249	0	0	0	0	0	0	0	0	0	0	0	0	0	0	2	0	0	0	0	0	0	0	0	0	0	0	0	0	0	
CBF5	250	0	0	0	0	0	0	0	0	0	0	0	0	0	0	2	0	0	0	0	0	0	0	0	0	0	0	0	0	0	
CBF5	251	0	0	0	0	0	0	0	0	0	0	0	0	0	0	2	0	0	0	0	0	0	0	0	0	0	0	0	0	0	
CBF5	252	0	0	0	0	0	0	0	0	0	0	0	0	0	0	2	0	0	0	0	0	0	0	0	0	0	0	0	0	0	
CBF5	253	0	0	0	0	0	0	0	0	0	0	0	0	0	0	2	0	0	0	0	0	0	0	0	0	0	0	0	0	0	
CBF5	254	0	0	0	0	0	0	0	4	0	0	0	0	5	4	5	0	0	0	4	0	3	0	0	0	2	2	2	3	2	
CBF5	255	0	0	0	0	0	0	0	4	0	0	0	0	5	4	5	0	0	0	4	0	3	0	0	0	2	2	2	3	2	
CBF5	256	0	0	0	0	0	0	0	4	0	0	0	0	5	4	5	0	0	0	4	0	3	0	0	0	2	2	2	3	2	
CBF5	257	0	0	0	0	0	0	0	4	0	0	0	0	5	4	5	0	0	0	4	0	3	0	0	0	2	2	2	3	2	
CBF5	258	0	0	0	0	0	0	0	4	0	0	0	0	5	4	5	0	0	0	4	0	3	0	0	0	2	2	2	3	2	
CBF5	259	0	0	0	0	0	0	0	4	0	0	0	0	5	4	5	0	0	0	4	0	3	0	0	0	2	2	2	3	2	
CBF5	260	0	0	0	0	0	0	0	4	0	0	0	0	5	4	5	0	0	0	4	0	3	0	0	0	2	2	2	3	2	
CBF5	261	0	0	0	0	0	0	0	4	0	0	0	0	5	4	5	0	0	0	4	0	3	0	0	0	2	2	2	3	2	
CBF5	262	0	0	0	0	0	0	0	4	0	0	0	0	5	4	5	0	0	0	4	0	3	0	0	0	2	2	2	3	2	
CBF5	263	0	0	0	0	0	0	0	4	0	0	0	0	5	4	5	0	0	0	4	0	3	0	0	0	2	2	2	3	2	
CBF5	264	0	0	0	0	0	0	0	4	0	0	0	0	5	4	5	0	0	0	4	0	3	0	0	0	2	2	2	3	2	
CBF5	265	0	0	0	0	0	0	0	4	0	0	0	0	5	4	5	0	0	0	4	0	3	0	0	0	2	2	2	3	2	
CBF5	266	0	0	0	0	0	0	0	4	0	0	0	0	5	4	5	0	0	0	4	0	3	0	0	0	2	2	2	3	2	
CBF5	267	0	0	0	0	0	0	0	4	0	0	0	0	5	4	5	0	0	0	4	0	3	0	0	0	2	2	2	3	2	
CBF5	268	0	0	0	0	0	0	0	4	0	0	0	0	5	4	5	0	0	0	4	0	3	0	0	0	0	0	0	0	0	
CBF5	269	0	0	0	0	0	0	0	0	0	0	0	0	2	0	2	0	0	0	0	0	0	0	0	0	0	0	0	0	0	
CBF5	270	0	0	0	0	0	0	0	0	0	0	0	0	2	0	2	0	0	0	0	0	0	0	0	0	0	0	0	0	0	
CBF5	271	0	0	0	0	0	0	0	0	0	0	0	0	2	0	2	0	0	0	0	0	0	0	0	0	0	0	0	0	0	
CBF5	272	0	0	0	0	0	0	0	0	0	0	0	0	2	0	2	0	0	0	0	0	0	0	0	0	0	0	0	0	0	
CBF5	273	0	0	0	0	0	0	0	0	0	0	0	0	0	0	0	0	0	0	2	0	0	0	0	0	0	0	0	0	0	
CBF5	274	0	0	0	0	0	0	0	0	0	0	0	0	0	0	0	0	0	0	2	0	0	0	0	0	0	0	0	0	0	
CBF5	275	0	0	0	0	0	0	0	0	0	0	0	0	0	0	0	0	0	0	2	0	0	0	0	0	0	0	0	0	0	
CBF5	276	0	0	0	0	0	0	0	0	0	0	0	0	0	0	0	0	0	0	2	0	0	0	0	0	0	0	0	0	0	
CBF5	277	0	0	0	0	0	0	0	0	0	0	0	0	0	0	0	0	0	0	2	0	0	0	0	0	0	0	0	0	0	
CBF5	278	0	0	0	0	0	0	0	0	0	0	0	0	0	0	0	0	0	0	2	0	0	0	0	0	0	0	0	0	0	
CBF5	279	0	0	0	0	0	0	0	0	0	0	0	0	0	0	0	0	0	0	2	0	0	0	0	0	0	0	0	0	0	
CBF5	280	0	0	0	0	0	0	0	0	0	0	0	0	0	0	0	0	0	0	2	0	0	0	0	0	0	0	0	0	0	
CBF5	281	0	0	0	0	0	0	0	0	0	0	0	0	0	0	0	0	0	0	2	0	0	0	0	0	0	0	0	0	0	
CBF5	282	0	0	0	0	0	0	0	0	0	0	0	0	0	0	0	0	0	0	2	0	0	0	0	0	0	0	0	0	0	
CBF5	283	0	0	0	0	0	0	0	0	0	0	0	0	0	0	0	0	0	0	2	0	0	0	0	0	0	0	0	0	0	
CBF5	284	0	0	0	0	0	0	0	0	0	0	0	0	0	0	0	0	0	0	2	0	0	0	0	0	0	0	0	0	0	
CBF5	285	0	0	0	0	0	0	0	0	0	0	0	0	0	0	0	0	0	0	2	0	2	0	0	0	2	2	2	2	2	
CBF5	286	0	0	0	0	0	0	0	0	0	0	0	0	0	0	0	0	0	0	2	0	2	0	0	0	2	2	2	2	2	
CBF5	287	0	0	0	0	0	0	0	0	0	0	0	0	0	0	0	0	0	0	2	0	2	0	0	0	2	2	2	2	2	
CBF5	288	0	0	0	0	0	0	0	0	0	0	0	0	0	0	0	0	0	0	2	0	2	0	0	0	2	2	2	2	2	
CBF5	289	0	0	0	0	0	0	0	0	0	0	0	0	0	0	0	0	0	0	2	0	2	0	0	0	2	2	2	2	2	
CBF5	290	0	0	0	0	0	0	0	0	0	0	0	0	0	0	0	0	0	0	2	0	2	0	0	0	2	2	2	2	2	
CBF5	291	0	0	0	0	0	0	0	0	0	0	0	0	0	0	0	0	0	0	2	0	2	0	0	0	2	2	2	2	2	
CBF5	292	0	0	0	0	0	0	0	0	0	0	0	0	0	0	0	0	0	0	2	0	2	0	0	0	2	2	2	2	2	
CBF5	293	0	0	0	0	0	0	0	0	0	0	0	0	0	0	0	0	0	0	0	0	0	0	0	0	0	0	0	0	0	
CBF5	294	0	0	0	0	0	0	0	0	0	0	0	0	0	0	0	0	0	0	0	0	0	0	0	0	0	0	0	0	0	
CBF5	295	0	0	0	0	0	0	0	0	0	0	0	0	0	0	0	0	0	0	0	0	0	0	0	0	0	0	0	0	0	
CBF5	296	0	0	0	0	0	0	0	0	0	0	0	0	0	0	0	0	0	0	0	0	0	0	0	0	0	0	0	0	0	
CBF5	297	0	0	0	0	0	0	0	0	0	0	0	0	0	0	0	0	0	0	0	0	0	0	0	0	0	0	0	0	0	
CBF5	298	0	0	0	0	0	0	0	0	0	0	0	0	0	0	0	0	0	0	0	0	0	0	0	0	0	0	0	0	0	
CBF5	299	0	0	0	0	0	0	0	0	0	0	0	0	0	0	0	0	0	0	0	0	0	0	0	0	0	0	0	0	0	
CBF5	300	0	0	0	0	0	0	0	0	0	0	0	0	0	0	0	0	0	0	0	0	0	0	0	0	0	0	0	0	0	
CBF5	301	0	0	0	0	0	0	0	0	0	0	0	0	0	0	0	0	0	0	0	0	0	0	0	0	0	0	0	0	0	
CBF5	302	0	0	0	0	0	0	0	0	0	0	0	0	0	0	0	0	0	0	0	0	0	0	0	0	0	0	0	0	0	
CBF5	303	0	0	0	0	0	0	0	0	0	0	0	0	0	0	0	0	0	0	0	0	0	0	0	0	0	0	0	0	0	
CBF5	304	0	0	0	0	0	0	0	0	0	0	0	0	0	0	0	0	0	0	0	0	0	0	0	0	0	0	0	0	0	
CBF5	305	0	0	0	0	0	0	0	0	0	0	0	0	0	0	0	0	0	0	0	0	0	0	0	0	0	0	0	0	0	
CBF5	306	0	0	0	0	0	0	0	0	0	0	0	0	0	0	0	0	0	0	0	0	0	0	0	0	0	0	0	0	0	
CBF5	307	0	0	0	0	0	0	0	0	0	0	0	0	0	0	0	0	0	0	0	0	0	0	0	0	0	0	0	0	0	
CBF5	308	0	0	0	0	0	0	0	0	0	0	0	0	0	0	0	0	0	0	0	0	0	0	0	0	0	0	0	0	0	
CBF5	309	0	0	0	0	0	0	0	0	0	0	0	0	0	0	0	0	0	0	0	0	0	0	0	0	0	0	0	0	0	
CBF5	310	0	0	0	0	0	0	0	0	0	0	0	0	0	0	0	0	0	0	0	0	0	0	0	0	0	2	2	0	0	
CBF5	311	0	0	0	0	0	0	0	0	0	0	0	0	0	0	0	0	0	0	0	0	0	0	0	0	0	2	2	0	0	
CBF5	312	0	0	0	0	0	0	0	0	0	0	0	0	0	0	0	0	0	0	0	0	0	0	0	0	0	2	2	0	0	
CBF5	313	0	0	0	0	0	0	0	0	0	0	0	0	0	0	0	0	0	0	0	0	0	0	0	0	0	2	2	0	0	
CBF5	314	0	0	0	0	0	0	0	0	0	0	0	0	0	0	0	0	0	0	0	0	0	0	0	0	0	2	2	0	0	
CBF5	315	0	0	0	0	0	0	0	0	0	0	0	0	0	0	0	0	0	0	0	0	0	0	0	0	0	2	2	0	0	
CBF5	316	0	0	0	0	0	0	0	0	0	0	0	0	0	0	0	0	0	0	0	0	0	0	0	0	0	2	2	0	0	
CBF5	317	0	0	0	0	0	0	0	0	0	0	0	0	0	0	0	0	0	0	0	0	0	0	0	0	0	2	2	0	0	
CBF5	318	0	0	0	0	0	0	0	0	0	0	0	0	0	0	0	0	0	0	0	0	0	0	0	0	0	2	2	0	0	
CBF5	319	0	0	0	0	0	0	0	0	0	0	0	0	0	0	0	0	0	0	0	0	0	0	0	0	0	2	2	0	0	
CBF5	320	0	0	0	0	0	0	0	0	0	0	0	0	0	0	0	0	0	0	0	0	0	0	0	0	0	2	2	0	0	
CBF5	321	0	0	0	0	0	0	0	0	0	0	0	0	0	0	0	0	0	0	0	0	0	0	0	0	0	2	2	0	0	
CBF5	322	0	0	0	0	0	0	0	0	0	0	0	0	0	0	0	0	0	0	0	0	0	0	0	0	0	2	2	0	0	
CBF5	323	0	0	0	0	0	0	0	0	0	0	0	0	0	0	0	0	0	0	0	0	0	0	0	0	0	2	2	0	0	
CBF5	324	0	0	0	0	0	0	0	0	0	0	0	0	0	0	0	0	0	0	0	0	0	0	0	0	0	2	2	0	0	
CBF5	325	0	0	0	0	0	0	0	0	0	0	0	0	0	0	0	0	0	0	0	0	0	0	0	0	0	2	2	0	0	
CBF5	326	0	0	0	0	0	0	0	0	0	0	0	0	0	0	0	0	0	0	0	0	0	0	0	0	0	2	2	0	0	
CBF5	327	0	0	0	0	0	0	0	0	0	0	0	0	0	0	0	0	0	0	0	0	0	0	0	0	0	2	2	0	0	
CBF5	328	0	0	0	0	0	0	0	0	0	0	0	0	0	0	0	0	0	0	0	0	0	0	0	0	0	2	2	0	0	
CBF5	329	0	0	0	0	0	0	0	0	0	0	0	0	0	0	0	0	0	0	0	0	0	0	0	0	0	2	2	0	0	
CBF5	330	0	0	0	0	0	0	0	0	0	0	0	0	0	0	0	0	0	0	0	0	0	0	0	0	0	2	2	0	0	
CBF5	331	0	0	0	0	0	0	0	0	0	0	0	0	0	0	0	0	0	0	0	0	0	0	0	0	0	2	2	0	0	
CBF5	332	0	0	0	0	0	0	0	0	0	0	0	0	0	0	0	0	0	0	0	0	0	0	0	0	0	2	2	0	0	
CBF5	333	0	0	0	0	0	0	0	0	0	0	0	0	0	0	0	0	0	0	0	0	0	0	0	0	0	2	2	0	0	
CBF5	334	0	0	0	0	0	0	0	0	0	0	0	0	0	0	0	0	0	0	0	0	0	0	0	0	0	2	2	0	0	
CBF5	335	0	0	0	0	0	0	0	0	0	0	0	0	0	0	0	0	0	0	0	0	0	0	0	0	0	2	2	0	0	
CBF5	336	0	0	0	0	0	0	0	0	0	0	0	0	0	0	0	0	0	0	0	0	0	0	0	0	0	2	2	0	0	
CBF5	337	0	0	0	0	0	0	0	0	0	0	0	0	0	0	0	0	0	0	0	0	0	0	0	0	0	2	2	0	0	
CBF5	338	0	0	0	0	0	0	0	0	0	0	0	0	0	0	0	0	0	0	0	0	0	0	0	0	0	0	0	0	0	
CBF5	339	0	0	0	0	0	0	0	0	0	0	0	0	0	0	0	0	0	0	0	0	0	0	0	0	0	0	0	0	0	
CBF5	340	0	0	0	0	0	0	0	0	0	0	0	0	0	0	0	0	0	0	0	0	0	0	0	0	0	0	0	0	0	
CBF5	341	0	0	0	0	0	0	0	0	0	0	0	0	0	0	0	0	0	0	0	0	0	0	0	0	0	0	0	0	0	
CBF5	342	0	0	0	0	0	0	0	0	0	0	0	0	0	0	0	0	0	0	0	0	0	0	0	0	0	0	0	0	0	
CBF5	343	0	0	0	0	0	0	0	0	0	0	0	0	0	0	0	0	0	0	0	0	0	0	0	0	0	0	0	0	0	
CBF5	344	0	0	0	0	0	0	0	0	0	0	0	0	0	0	0	0	0	0	0	0	0	0	0	0	0	0	0	0	0	
CBF5	345	0	0	0	0	0	0	0	0	0	0	0	0	0	0	0	0	0	0	0	0	0	0	0	0	0	0	0	0	0	
CBF5	346	0	0	0	0	0	0	0	0	0	0	0	0	0	0	0	0	0	0	0	0	0	0	0	0	0	0	0	0	0	
CBF5	347	0	0	0	0	0	0	0	0	0	0	0	0	0	0	0	0	0	0	0	0	0	0	0	0	0	0	0	0	0	
CBF5	348	0	0	0	0	0	0	0	0	0	0	0	0	0	0	0	0	0	0	0	0	0	0	0	0	0	0	0	0	0	
CBF5	349	0	0	0	0	0	0	0	0	0	0	0	0	0	0	0	0	0	0	0	0	0	0	0	0	0	0	0	0	0	
CBF5	350	0	0	0	0	0	0	0	2	0	2	2	2	2	4	2	0	0	0	0	0	0	0	0	0	0	0	0	0	0	
CBF5	351	0	0	0	0	0	0	0	2	0	2	2	2	2	4	2	0	0	0	0	0	0	0	0	0	0	0	0	0	0	
CBF5	352	0	0	0	0	0	0	0	2	0	2	2	2	2	4	2	0	0	0	0	0	0	0	0	0	0	0	0	0	0	
CBF5	353	0	0	0	0	0	0	0	2	0	2	2	2	2	4	2	0	0	0	0	0	0	0	0	0	0	0	0	0	0	
CBF5	354	0	0	0	0	0	0	0	2	0	2	2	2	2	4	2	0	0	0	0	0	0	0	0	0	0	0	0	0	0	
CBF5	355	0	0	0	0	0	0	0	2	0	2	2	2	2	4	2	0	0	0	0	0	0	0	0	0	0	0	0	0	0	
CBF5	356	0	0	0	0	0	0	0	2	0	2	2	2	2	4	2	0	0	0	0	0	0	0	0	0	0	0	0	0	0	
CBF5	357	0	0	0	0	0	0	0	2	0	2	2	2	2	4	2	0	0	0	0	0	0	0	0	0	0	0	0	0	0	
CBF5	358	0	0	0	0	0	0	0	2	0	2	2	2	2	4	2	0	0	0	0	0	0	0	0	0	0	0	0	0	0	
CBF5	359	0	0	0	0	0	0	0	2	0	0	0	0	0	2	0	0	0	0	0	0	0	0	0	0	0	0	0	0	0	
CBF5	360	0	0	0	0	0	0	0	0	0	0	0	0	0	2	0	0	0	0	0	0	0	0	0	0	0	0	0	0	0	
CBF5	361	0	0	0	0	0	0	0	0	0	0	0	0	0	0	0	0	0	0	0	0	0	0	0	0	0	0	0	0	0	
CBF5	362	0	0	0	0	0	0	0	0	0	0	0	0	0	0	0	0	0	0	0	0	0	0	0	0	0	0	0	0	0	
CBF5	363	0	0	0	0	0	0	0	0	0	0	0	0	0	0	0	0	0	0	0	0	0	0	0	0	0	0	0	0	0	
CBF5	364	0	0	0	0	0	0	0	0	0	0	0	0	0	0	0	0	0	0	0	0	0	0	0	0	0	0	0	0	0	
CBF5	365	0	0	0	0	0	0	0	0	0	0	0	0	0	0	0	0	0	0	0	0	0	0	0	0	0	0	0	0	0	
CBF5	366	0	0	0	0	0	0	0	0	0	0	0	0	0	0	0	0	0	0	0	0	0	0	0	0	0	0	0	0	0	
CBF5	367	0	0	0	0	0	0	0	0	0	0	0	0	0	0	0	0	0	0	0	0	0	0	0	0	0	0	0	0	0	
CBF5	368	0	0	0	0	0	0	0	0	0	0	0	0	0	0	0	0	0	0	0	0	0	0	0	0	0	0	0	0	0	
CBF5	369	0	0	0	0	0	0	0	0	0	0	0	0	0	0	0	0	0	0	0	0	0	0	0	0	0	0	0	0	0	
CBF5	370	0	0	0	0	0	0	0	0	0	0	0	0	0	0	0	0	0	0	0	0	0	0	0	0	0	0	0	0	0	
CBF5	371	0	0	0	0	0	0	0	0	0	0	0	0	0	0	0	0	0	0	0	0	0	0	0	0	0	0	0	0	0	
CBF5	372	0	0	0	0	0	0	0	0	0	0	0	0	0	0	0	0	0	0	0	0	0	0	0	0	0	0	0	0	0	
CBF5	373	0	0	0	0	0	0	0	0	0	0	0	0	0	0	0	0	0	0	0	0	0	0	0	0	0	0	0	0	0	
CBF5	374	0	0	0	0	0	0	2	2	0	0	4	0	2	4	2	4	4	0	0	2	0	0	0	0	0	0	2	0	0	
CBF5	375	0	0	0	0	0	0	2	2	0	0	4	0	2	4	2	4	4	0	0	2	0	0	0	0	0	0	2	0	0	
CBF5	376	0	0	0	0	0	0	2	2	0	0	4	0	2	4	2	4	4	0	0	2	0	0	0	0	0	0	2	0	0	
CBF5	377	0	0	0	0	0	0	2	2	0	0	4	0	2	4	2	4	4	0	0	2	0	0	0	0	0	0	2	0	0	
CBF5	378	0	0	0	0	0	0	2	2	0	0	4	0	2	4	2	4	4	0	0	2	0	0	0	0	0	0	2	0	0	
CBF5	379	0	0	0	0	0	0	2	2	0	0	4	0	2	4	2	4	4	0	0	2	0	0	0	0	0	0	2	0	0	
CBF5	380	0	0	0	0	0	0	2	2	0	0	4	0	2	4	2	4	4	0	0	2	0	0	0	0	0	0	2	0	0	
CBF5	381	0	0	0	0	0	0	2	2	0	0	4	0	2	4	2	4	4	0	0	2	0	0	0	0	0	0	2	0	0	
CBF5	382	0	0	0	0	0	0	2	2	0	0	4	0	2	4	2	4	4	0	0	2	0	0	0	0	0	0	2	0	0	
CBF5	383	0	0	0	0	0	0	2	2	0	0	4	0	2	4	2	4	4	0	0	2	0	0	0	0	0	0	2	0	0	
CBF5	384	0	0	0	0	0	0	2	2	0	0	2	0	2	4	2	4	4	0	0	2	0	0	0	0	0	0	2	0	0	
CBF5	385	0	0	0	0	0	0	0	0	0	2	2	0	4	6	5	0	4	0	6	0	3	0	0	0	2	0	0	0	0	
CBF5	386	0	0	0	0	0	0	0	0	0	2	2	0	4	6	5	0	4	0	6	0	3	0	0	0	2	0	0	0	0	
CBF5	387	0	0	0	0	0	0	0	0	0	2	2	0	4	6	5	0	4	0	6	0	3	0	0	0	2	0	0	0	0	
CBF5	388	0	0	0	0	0	0	0	0	0	2	2	0	4	6	5	0	4	0	6	0	3	0	0	0	2	0	0	0	0	
CBF5	389	0	0	0	0	0	0	0	0	0	2	2	0	4	6	5	0	4	0	6	0	3	0	0	0	2	0	0	0	0	
CBF5	390	0	0	0	0	0	0	0	0	0	2	2	0	4	6	5	0	4	0	6	0	3	0	0	0	2	0	0	0	0	
CBF5	391	0	0	0	0	0	0	0	0	0	2	2	0	4	6	5	0	4	0	6	0	3	0	0	0	2	0	0	0	0	
CBF5	392	0	0	0	0	0	0	0	0	0	2	2	0	4	6	5	0	4	0	6	0	3	0	0	0	2	0	0	0	0	
CBF5	393	0	0	0	0	0	0	0	0	0	2	2	0	4	6	5	0	4	0	6	0	3	0	0	0	2	0	0	0	0	
CBF5	394	0	0	0	0	0	0	0	0	0	2	2	0	4	6	5	0	4	0	6	0	3	0	0	0	2	0	0	0	0	
CBF5	395	0	0	0	0	0	0	0	0	0	2	2	0	4	6	5	0	4	0	6	0	3	0	0	0	2	0	0	0	0	
CBF5	396	0	0	0	0	0	0	0	0	0	2	2	0	4	6	5	0	4	0	6	0	3	0	0	0	2	0	0	0	0	
CBF5	397	0	0	0	0	0	0	0	0	0	2	2	0	4	6	5	0	4	0	6	0	3	0	0	0	2	0	0	0	0	
CBF5	398	0	0	0	0	0	0	0	0	0	2	2	0	4	6	5	0	4	0	6	0	3	0	0	0	2	0	0	0	0	
CBF5	399	0	0	0	0	0	0	0	0	0	2	2	0	4	6	5	0	4	0	6	0	3	0	0	0	2	0	0	0	0	
CBF5	400	0	0	0	0	0	0	0	0	0	2	2	0	4	6	5	0	4	0	6	0	3	0	0	0	2	0	0	0	0	
CBF5	401	0	0	0	0	0	0	0	0	0	2	2	0	4	6	5	0	4	0	6	0	3	0	0	0	2	0	0	0	0	
CBF5	402	0	0	0	0	0	0	0	0	0	2	2	0	4	6	5	0	4	0	6	0	3	0	0	0	2	0	0	0	0	
CBF5	403	0	0	0	0	0	0	0	0	0	2	2	0	4	6	5	0	4	0	6	0	3	0	0	0	2	0	0	0	0	
CBF5	404	0	0	0	0	0	0	0	0	0	2	2	0	2	4	2	0	2	0	2	0	0	0	0	0	0	0	0	0	0	
CBF5	405	0	0	0	0	0	0	0	0	0	2	2	0	2	4	2	0	2	0	2	0	0	0	0	0	0	0	0	0	0	
CBF5	406	0	0	0	0	0	0	0	0	0	2	2	0	2	4	2	0	2	0	2	0	0	0	0	0	0	0	0	0	0	
CBF5	407	0	0	0	0	0	0	0	0	0	2	2	0	2	4	2	0	2	0	2	0	0	0	0	0	0	0	0	0	0	
CBF5	408	0	0	0	0	0	0	0	0	0	2	2	0	2	4	2	0	2	0	2	0	0	0	0	0	0	0	0	0	0	
CBF5	409	0	0	0	0	0	0	0	0	0	2	2	0	2	4	2	0	2	0	2	0	0	0	0	0	0	0	0	0	0	
CBF5	410	0	0	0	0	0	0	0	0	0	2	2	0	2	4	2	0	2	0	2	0	0	0	0	0	0	0	0	0	0	
CBF5	411	0	0	0	0	0	0	0	0	0	2	2	0	2	2	2	0	0	0	0	0	0	0	0	0	0	0	0	0	0	
CBF5	412	0	0	0	0	0	0	0	0	0	0	0	0	0	0	0	0	0	0	0	0	0	0	0	0	0	0	0	0	0	
CBF5	413	0	0	0	0	0	0	0	0	0	0	0	0	0	0	0	0	0	0	0	0	0	0	0	0	0	0	0	0	0	
CBF5	414	0	0	0	0	0	0	0	0	0	0	0	0	0	0	0	0	0	0	0	0	0	0	0	0	0	0	0	0	0	
CBF5	415	0	0	0	0	0	0	0	0	0	0	0	0	0	0	0	0	0	0	0	0	0	0	0	0	0	0	0	0	0	
CBF5	416	0	0	0	0	0	0	0	0	0	0	0	0	0	0	0	0	0	0	0	0	0	0	0	0	0	0	0	0	0	
CBF5	417	0	0	0	0	0	0	0	0	0	0	0	0	0	0	0	0	0	0	0	0	0	0	0	0	0	0	0	0	0	
CBF5	418	0	0	0	0	0	0	0	0	0	0	0	0	0	0	0	0	0	0	0	0	0	0	0	0	0	0	0	0	0	
CBF5	419	0	0	0	0	0	0	0	0	0	0	0	0	0	0	0	0	0	0	0	0	0	0	0	0	0	0	0	0	0	
CBF5	420	0	0	0	0	0	0	0	0	0	0	0	0	0	0	0	0	0	0	0	0	0	0	0	0	3	0	0	0	0	
CBF5	421	0	0	0	0	0	0	0	0	0	0	0	0	0	0	0	0	0	0	0	0	0	0	0	0	3	0	0	0	0	
CBF5	422	0	0	0	0	0	0	0	0	0	0	0	0	0	0	0	0	0	0	0	0	0	0	0	0	3	0	0	0	0	
CBF5	423	0	0	0	0	0	0	0	0	0	0	0	0	0	0	0	0	0	0	0	0	0	0	0	0	3	0	0	0	0	
CBF5	424	0	0	0	0	0	0	0	0	0	0	0	0	0	0	0	0	0	0	0	0	0	0	0	0	3	0	0	0	0	
CBF5	425	0	0	0	0	0	0	0	0	0	0	0	0	0	0	0	0	0	0	0	0	0	0	0	0	3	0	0	0	0	
CBF5	426	0	0	0	0	0	0	0	0	0	0	0	0	0	0	0	0	0	0	0	0	0	0	0	0	3	0	0	0	0	
CBF5	427	0	0	0	0	0	0	0	0	0	0	0	0	0	0	0	0	0	0	0	0	0	0	0	0	3	0	0	0	0	
CBF5	428	0	0	0	0	0	0	0	0	0	0	0	0	0	0	0	0	0	0	0	0	0	0	0	0	3	0	0	0	0	
CBF5	429	0	0	0	0	0	0	0	0	0	0	0	0	0	0	0	0	0	0	0	0	0	0	0	0	3	0	0	0	0	
CBF5	430	0	0	0	0	0	0	0	0	0	0	0	0	0	0	0	0	0	0	0	0	0	0	0	0	3	0	0	0	0	
CBF5	431	0	0	0	0	0	0	0	0	0	0	0	0	0	0	0	0	0	0	0	0	0	0	0	0	3	0	0	0	0	
CBF5	432	0	0	0	0	0	0	0	0	0	0	0	0	0	0	0	0	0	0	0	0	0	0	0	0	3	0	0	0	0	
CBF5	433	0	0	0	0	0	0	0	0	0	0	0	0	0	0	0	0	0	0	0	0	0	0	0	0	3	0	0	0	0	
CBF5	434	0	0	0	0	0	0	0	0	0	0	0	0	0	0	0	0	0	0	0	0	0	0	0	0	3	0	0	0	0	
CBF5	435	0	0	0	0	0	0	0	0	0	0	0	0	0	0	0	0	0	0	0	0	0	0	0	0	0	0	0	0	0	
CBF5	436	0	0	0	0	0	0	0	0	0	0	0	0	0	0	0	0	0	0	0	0	0	0	0	0	0	0	0	0	0	
CBF5	437	0	0	0	0	0	0	0	0	0	0	0	0	0	0	0	0	0	0	0	0	0	0	0	0	0	0	0	0	0	
CBF5	438	0	0	0	0	0	0	0	0	0	0	0	0	0	0	0	0	0	0	0	0	0	0	0	0	0	0	0	0	0	
CBF5	439	0	0	0	0	0	0	0	0	0	0	0	0	0	0	0	0	0	0	0	0	0	0	0	0	0	0	0	0	0	
CBF5	440	0	0	0	0	0	0	0	0	0	0	0	0	0	0	0	0	0	0	0	0	0	0	0	0	0	0	0	0	0	
CBF5	441	0	0	0	0	0	0	0	0	0	0	0	0	0	0	0	0	0	0	0	0	0	0	0	0	0	0	0	0	0	
CBF5	442	0	0	0	0	0	0	0	0	0	0	0	0	0	0	0	0	0	0	0	0	0	0	0	0	0	0	0	0	0	
CBF5	443	0	0	0	0	0	0	0	0	0	0	0	0	0	0	0	0	0	0	0	0	0	0	0	0	0	0	0	0	0	
CBF5	444	0	0	0	0	0	0	0	0	0	0	0	0	0	0	0	0	0	0	0	0	0	0	0	0	0	0	0	0	0	
CBF5	445	0	0	0	0	0	0	0	0	0	0	0	0	0	0	0	0	0	0	0	0	0	0	0	0	0	0	0	0	0	
CBF5	446	0	0	0	0	0	0	0	0	0	0	0	0	0	0	0	0	0	0	0	0	0	0	0	0	0	0	0	0	0	
CBF5	447	0	0	0	0	0	0	0	0	0	0	0	0	0	0	0	0	0	0	0	0	0	0	0	0	0	0	0	0	0	
CBF5	448	0	0	0	0	0	0	0	0	0	0	0	0	0	0	0	0	0	0	0	0	0	0	0	0	0	0	0	0	0	
CBF5	449	0	0	0	0	0	0	0	0	0	0	0	0	0	0	0	0	0	0	0	0	0	0	0	0	0	0	0	0	0	
CBF5	450	0	0	0	0	0	0	0	0	0	0	0	0	0	0	0	0	0	0	0	0	0	0	0	0	0	0	0	0	0	
CBF5	451	0	0	0	0	0	0	0	0	0	0	0	0	0	0	0	0	0	0	0	0	0	0	0	0	0	0	0	0	0	
CBF5	452	0	0	0	0	0	0	0	0	0	0	0	0	0	0	0	0	0	0	0	0	0	0	0	0	0	0	0	0	0	
CBF5	453	0	0	0	0	0	0	0	0	0	0	0	0	0	0	0	0	0	0	0	0	0	0	0	0	0	0	0	0	0	
CBF5	454	0	0	0	0	0	0	0	0	0	0	0	0	0	0	0	0	0	0	0	0	0	0	0	0	0	0	0	0	0	
CBF5	455	0	0	0	0	0	0	0	0	0	0	0	0	0	0	0	0	0	0	0	0	0	0	0	0	0	0	0	0	0	
CBF5	456	0	0	0	0	0	0	0	0	0	0	0	0	0	0	0	0	0	0	0	0	0	0	0	0	0	0	0	0	0	
CBF5	457	0	0	0	0	0	0	0	0	0	0	0	0	0	0	0	0	0	0	0	0	0	0	0	0	0	0	0	0	0	
CBF5	458	0	0	0	0	0	0	0	0	0	0	0	0	0	0	0	0	0	0	0	0	0	0	0	0	0	0	0	0	0	
CBF5	459	0	0	0	0	0	0	0	0	0	0	0	0	0	0	0	0	0	0	0	0	0	0	0	0	0	0	0	0	0	
CBF5	460	0	0	0	0	0	0	0	0	0	0	0	0	0	0	0	0	0	0	0	0	0	0	0	0	0	0	0	0	0	
CBF5	461	0	0	0	0	0	0	0	0	0	0	0	0	0	0	0	0	0	0	0	0	0	0	0	0	0	0	0	0	0	
CBF5	462	0	0	0	0	0	0	0	0	0	0	0	0	0	0	0	0	0	0	0	0	0	0	0	0	0	0	0	0	0	
CBF5	463	0	0	0	0	0	0	0	0	0	0	0	0	0	0	0	0	0	0	0	0	0	0	0	0	0	0	0	0	0	
CBF5	464	0	0	0	0	0	0	0	0	0	0	0	0	0	0	0	0	0	0	0	0	0	0	0	0	0	0	0	0	0	
CBF5	465	0	0	0	0	0	0	0	0	0	0	0	0	0	0	0	0	0	0	0	0	0	0	0	0	0	0	0	0	0	
CBF5	466	0	0	0	0	0	0	0	0	0	0	0	0	0	0	0	0	0	0	0	0	0	0	0	0	0	0	0	0	0	
CBF5	467	0	0	0	0	0	0	0	0	0	0	0	0	0	0	0	0	0	0	0	0	0	0	0	0	0	0	0	0	0	
CBF5	468	0	0	0	0	0	0	0	0	0	0	0	0	0	0	0	0	0	0	0	0	0	0	0	0	0	0	0	0	0	
CBF5	469	0	0	0	0	0	0	0	0	0	0	0	0	0	0	0	0	0	0	0	0	0	0	0	0	0	0	0	0	0	
CBF5	470	0	0	0	0	0	0	0	0	0	0	0	0	0	0	0	0	0	0	0	0	0	0	0	0	0	0	0	0	0	
CBF5	471	0	0	0	0	0	0	0	0	0	0	0	0	0	0	0	0	0	0	0	0	0	0	0	0	0	0	0	0	0	
CBF5	472	0	0	0	0	0	0	0	0	0	0	0	0	0	0	0	0	0	0	0	0	0	0	0	0	0	0	0	0	0	
CBF5	473	0	0	0	0	0	0	0	0	0	0	0	0	0	0	0	0	0	0	0	0	0	0	0	0	0	0	0	0	0	
CBF5	474	0	0	0	0	0	0	0	0	0	0	0	0	0	0	0	0	0	0	0	0	0	0	0	0	0	0	0	0	0	
CBF5	475	0	0	0	0	0	0	0	0	0	0	0	0	0	0	0	0	0	0	0	0	0	0	0	0	0	0	0	0	0	
CBF5	476	0	0	0	0	0	0	0	0	0	0	0	0	0	0	0	0	0	0	0	0	0	0	0	0	0	0	0	0	0	
CBF5	477	0	0	0	0	0	0	0	0	0	0	0	0	0	0	0	0	0	0	0	0	0	0	0	0	0	0	0	0	0	
CBF5	478	0	0	0	0	0	0	0	0	0	0	0	0	0	0	0	0	0	0	0	0	0	0	0	0	0	0	0	0	0	
CBF5	479	0	0	0	0	0	0	0	0	0	0	0	0	0	0	0	0	0	0	0	0	0	0	0	0	0	0	0	0	0	
CBF5	480	0	0	0	0	0	0	0	0	0	0	0	0	0	0	0	0	0	0	0	0	0	0	0	0	0	0	0	0	0	
CBF5	481	0	0	0	0	0	0	0	0	0	0	0	0	0	0	0	0	0	0	0	0	0	0	0	0	0	0	0	0	0	
CBF5	482	0	0	0	0	0	0	0	0	0	0	0	0	0	0	0	0	0	0	0	0	0	0	0	0	0	0	0	0	0	
CBF5	483	0	0	0	0	0	0	0	0	0	0	0	0	0	0	0	0	0	0	0	0	0	0	0	0	0	0	0	0	0	
