protein	site	PSMs_001_Stu1-3FLAG_DMSO.csv	PSMs_002_Stu1-3FLAG_Cdc200-AID.csv	PSMs_003_Stu1-3FLAG_Benomyl.csv	PSMs_004_Stu1FLAG_Bub1V5_double_step_IP.csv	PSMs_005_Stu1_TOG1del_cutout_1.csv	PSMs_006_Stu1_TOG1del_cutout_2.csv	PSMs_007_Dsn1-flag.csv	PSMs_008_Dsn1-flag_mps1-1.csv	PSMs_009_Dsn1-flag_pgal-mps1.csv	PSMs_010_Dsn1-flag_ndc80.csv	PSMs_011_Dsn1-flag_ndc80-2a.csv	PSMs_012_Dsn1-flag_ndc80-2d.csv	PSMs_013_Dsn1-flag_ndc80_cdc15-2.csv	PSMs_014_Dsn1-flag_ndc80-2a_cdc15-2.csv	PSMs_015_Dsn1-flag_ndc80-2d_cdc15-2.csv	PSMs_016_Dsn1-flag.csv	PSMs_017_Dsn1-flag_mps1-1.csv	PSMs_018_ndc80-flag.csv	PSMs_019_ndc80-3flag.csv	PSMs_020_ndc80-flag_pgal-mps1.csv	PSMs_021_ndc80-3flag_pgal-mps1.csv	PSMs_022_dad1-flag.csv	PSMs_023_dad1-flag.csv	PSMs_024_dad1-flag_pgal-mps1.csv	PSMs_025_Nitobe_SCX1_Mtw1-3FLAG.csv	PSMs_025_Nitobe_SCX2_Mtw1-3FLAG.csv	PSMs_025_Nitobe_SCX3_Mtw1-3FLAG.csv	PSMs_025_Nitobe_SCX4_Mtw1-3FLAG.csv	PSMs_025_Nitobe_SCX5_Mtw1-3FLAG.csv	
DAM1	0	0	0	0	0	0	0	0	0	0	0	0	0	0	0	0	0	0	0	0	0	0	0	0	0	0	0	0	0	0	
DAM1	1	0	0	0	0	0	0	0	0	0	0	0	0	0	2	0	3	4	0	0	0	0	0	0	0	0	0	0	0	0	
DAM1	2	0	0	0	0	0	0	0	0	0	0	0	0	0	2	0	3	4	0	0	0	0	0	0	0	0	0	0	0	0	
DAM1	3	0	0	0	0	0	0	0	0	0	0	0	0	0	2	0	3	4	0	0	0	0	0	0	0	0	0	0	0	0	
DAM1	4	0	0	0	0	0	0	0	0	0	0	0	0	0	2	0	3	4	0	0	0	0	0	0	0	0	0	0	0	0	
DAM1	5	0	0	0	0	0	0	0	0	0	0	0	0	0	2	0	3	4	0	0	0	0	0	0	0	0	0	0	0	0	
DAM1	6	0	0	0	0	0	0	0	0	0	0	0	0	0	2	0	3	4	0	0	0	0	0	0	0	0	0	0	0	0	
DAM1	7	0	0	0	0	0	0	0	0	0	0	0	0	0	2	0	3	4	0	0	0	0	0	0	0	0	0	0	0	0	
DAM1	8	0	0	0	0	0	0	0	0	0	0	0	0	0	2	0	3	4	0	0	0	0	0	0	0	0	0	0	0	0	
DAM1	9	0	0	0	0	0	0	0	0	0	0	0	0	0	2	0	3	4	0	0	0	0	0	0	0	0	0	0	0	0	
DAM1	10	0	0	0	0	0	0	0	0	0	0	0	0	0	2	0	3	4	0	0	0	0	0	0	0	0	0	0	0	0	
DAM1	11	0	0	0	0	0	0	0	0	0	0	0	0	0	2	0	3	4	0	0	0	0	0	0	0	0	0	0	0	0	
DAM1	12	0	0	0	0	0	0	0	0	0	0	0	0	0	2	0	3	4	0	0	0	0	0	0	0	0	0	0	0	0	
DAM1	13	0	0	0	0	0	0	2	2	0	2	4	0	0	8	2	2	2	2	0	0	0	11	0	3	0	0	0	0	0	
DAM1	14	0	0	0	0	0	0	2	2	0	2	4	0	0	8	2	2	2	2	0	0	0	11	0	3	0	0	0	0	0	
DAM1	15	0	0	0	0	0	0	2	2	0	2	4	0	0	8	2	2	2	2	0	0	0	11	0	3	0	0	0	0	0	
DAM1	16	0	0	0	0	0	0	2	2	0	2	4	0	0	8	2	2	2	2	0	0	0	11	0	3	0	0	0	0	0	
DAM1	17	0	0	0	0	0	0	2	2	0	2	4	0	0	8	2	2	2	2	0	0	0	11	0	3	0	0	0	0	0	
DAM1	18	0	0	0	0	0	0	2	2	0	2	4	0	0	8	2	2	2	2	0	0	0	11	0	3	0	0	0	0	0	
DAM1	19	0	0	0	0	0	0	6	8	0	4	6	4	2	16	7	4	2	14	4	4	0	41	30	28	4	2	2	4	2	
DAM1	20	0	0	0	0	0	0	6	8	0	4	6	4	2	16	7	4	2	14	4	4	0	41	30	28	4	2	2	4	2	
DAM1	21	0	0	0	0	0	0	6	8	0	4	6	4	2	16	7	4	2	14	4	4	0	41	30	28	4	2	2	4	2	
DAM1	22	0	0	0	0	0	0	6	8	0	4	6	4	2	16	7	4	2	14	4	4	0	41	30	28	4	2	2	4	2	
DAM1	23	0	0	0	0	0	0	6	8	0	4	6	4	2	16	7	4	2	14	4	4	0	41	30	28	4	2	2	4	2	
DAM1	24	0	0	0	0	0	0	6	8	0	4	6	4	2	16	7	4	2	14	4	4	0	41	30	28	4	2	2	4	2	
DAM1	25	0	0	0	0	0	0	6	8	0	4	6	4	2	16	7	4	2	14	4	4	0	41	30	28	4	2	2	4	2	
DAM1	26	0	0	0	0	0	0	6	8	0	4	6	4	2	16	7	4	2	14	4	4	0	41	30	28	4	2	2	4	2	
DAM1	27	0	0	0	0	0	0	6	8	0	4	6	4	2	16	7	4	2	14	4	4	0	41	30	28	4	2	2	4	2	
DAM1	28	0	0	0	0	0	0	6	8	0	4	6	4	2	16	7	4	2	14	4	4	0	41	30	28	4	2	2	4	2	
DAM1	29	0	0	0	0	0	0	0	2	0	14	6	4	10	11	12	2	2	7	0	0	0	30	6	3	6	2	2	6	2	
DAM1	30	0	0	0	0	0	0	2	4	0	13	4	2	10	9	15	0	4	4	0	0	0	23	47	26	8	8	2	8	2	
DAM1	31	0	0	0	0	0	0	2	4	0	13	4	2	10	9	15	0	4	4	0	0	0	23	47	26	8	8	2	8	2	
DAM1	32	0	0	0	0	0	0	2	4	0	13	4	2	10	9	15	0	4	4	0	0	0	23	47	26	8	8	2	8	2	
DAM1	33	0	0	0	0	0	0	2	4	0	13	4	2	10	9	15	0	4	4	0	0	0	23	47	26	8	8	2	8	2	
DAM1	34	0	0	0	0	0	0	2	4	0	13	4	2	10	9	15	0	4	4	0	0	0	23	47	26	8	8	2	8	2	
DAM1	35	0	0	0	0	0	0	2	4	0	13	4	2	10	9	15	0	4	4	0	0	0	23	47	26	8	8	2	8	2	
DAM1	36	0	0	0	0	0	0	2	4	0	13	4	2	10	9	15	0	4	4	0	0	0	23	47	26	8	8	2	8	2	
DAM1	37	0	0	0	0	0	0	2	4	0	13	4	2	10	9	15	0	4	4	0	0	0	23	47	26	8	8	2	8	2	
DAM1	38	0	0	0	0	0	0	2	4	0	13	4	2	10	9	15	0	4	4	0	0	0	23	47	26	8	8	2	8	2	
DAM1	39	0	0	0	0	0	0	2	4	0	13	4	2	10	9	15	0	4	4	0	0	0	23	47	26	8	8	2	8	2	
DAM1	40	0	0	0	0	0	0	2	4	0	13	4	2	10	9	15	0	4	4	0	0	0	23	47	26	8	8	2	8	2	
DAM1	41	0	0	0	0	0	0	0	0	0	0	0	0	0	0	2	2	0	2	28	0	5	3	23	64	2	2	0	0	0	
DAM1	42	0	0	0	0	0	0	0	0	0	0	0	0	0	0	2	2	0	2	28	0	5	3	23	64	2	2	0	0	0	
DAM1	43	0	0	0	0	0	0	0	0	0	0	0	0	0	0	2	2	0	2	28	0	5	3	23	64	2	2	0	0	0	
DAM1	44	0	0	0	0	0	0	0	0	0	0	0	0	0	0	2	2	0	2	28	0	5	3	23	64	2	2	0	0	0	
DAM1	45	0	0	0	0	0	0	0	0	0	0	0	0	0	0	2	2	0	2	28	0	5	3	23	64	2	2	0	0	0	
DAM1	46	0	0	0	0	0	0	0	0	0	0	0	0	0	0	2	2	0	2	28	0	5	3	23	64	2	2	0	0	0	
DAM1	47	0	0	0	0	0	0	0	0	0	0	0	0	0	0	2	2	0	2	28	0	5	3	23	64	2	2	0	0	0	
DAM1	48	0	0	0	0	0	0	0	0	0	0	0	0	0	0	2	2	0	2	28	0	5	3	23	64	2	2	0	0	0	
DAM1	49	0	0	0	0	0	0	0	0	0	0	0	0	0	0	2	2	0	2	28	0	5	3	23	64	2	2	0	0	0	
DAM1	50	0	0	0	0	0	0	0	0	0	0	0	0	0	0	2	2	0	2	28	0	5	3	23	64	2	2	0	0	0	
DAM1	51	0	0	0	0	0	0	0	0	0	0	0	0	0	0	2	2	0	2	28	0	5	3	23	64	2	2	0	0	0	
DAM1	52	0	0	0	0	0	0	0	0	0	0	0	0	0	0	2	2	0	2	28	0	5	3	23	64	2	2	0	0	0	
DAM1	53	0	0	0	0	0	0	0	0	0	0	0	0	0	0	2	2	0	2	28	0	5	3	23	64	2	2	0	0	0	
DAM1	54	0	0	0	0	0	0	0	0	0	0	0	0	0	0	2	2	0	2	28	0	5	3	23	64	2	2	0	0	0	
DAM1	55	0	0	0	0	0	0	0	0	0	0	0	0	0	0	2	2	0	2	28	0	5	3	23	64	2	2	0	0	0	
DAM1	56	0	0	0	0	0	0	0	0	0	0	0	0	0	0	2	2	0	2	28	0	5	3	23	64	2	2	0	0	0	
DAM1	57	0	0	0	0	0	0	0	0	0	0	0	0	0	0	2	2	0	2	28	0	5	3	23	64	2	2	0	0	0	
DAM1	58	0	0	0	0	0	0	0	0	0	0	0	0	0	0	2	2	0	2	28	0	5	3	23	64	2	2	0	0	0	
DAM1	59	0	0	0	0	0	0	0	0	0	0	0	0	0	0	2	2	0	2	28	0	5	3	23	64	2	2	0	0	0	
DAM1	60	0	0	0	0	0	0	0	0	0	0	0	0	0	0	2	2	0	2	28	0	5	3	23	64	2	2	0	0	0	
DAM1	61	0	0	0	0	0	0	0	0	0	0	0	0	0	0	2	2	0	2	28	0	5	3	23	64	2	2	0	0	0	
DAM1	62	0	0	0	0	0	0	0	0	0	0	0	0	0	0	2	2	0	2	28	0	5	3	23	64	2	2	0	0	0	
DAM1	63	0	0	0	0	0	0	0	0	0	0	0	0	0	0	2	2	0	2	28	0	5	3	23	64	2	2	0	0	0	
DAM1	64	0	0	0	0	0	0	0	0	0	0	0	0	0	0	2	2	0	2	28	0	5	3	23	64	2	2	0	0	0	
DAM1	65	0	0	0	0	0	0	0	0	0	0	0	0	0	0	2	2	0	2	28	0	5	3	23	64	2	2	0	0	0	
DAM1	66	0	0	0	0	0	0	0	0	0	0	0	0	0	0	2	2	0	2	28	0	5	3	23	64	2	2	0	0	0	
DAM1	67	0	0	0	0	0	0	0	0	0	0	0	0	0	0	0	2	0	0	15	0	0	0	0	0	4	3	2	2	0	
DAM1	68	0	0	0	0	0	0	0	0	0	0	0	0	0	0	0	2	0	0	15	0	0	0	0	0	4	3	2	2	0	
DAM1	69	0	0	0	0	0	0	0	0	0	0	0	0	0	0	2	0	0	0	22	0	0	2	8	11	4	5	2	2	0	
DAM1	70	0	0	0	0	0	0	0	0	0	0	0	0	0	0	2	0	0	0	22	0	0	2	8	11	4	5	2	2	0	
DAM1	71	0	0	0	0	0	0	0	0	0	0	0	0	0	0	2	0	0	0	22	0	0	2	8	11	4	5	2	2	0	
DAM1	72	0	0	0	0	0	0	0	0	0	0	0	0	0	0	2	0	0	0	22	0	0	2	8	11	4	5	2	2	0	
DAM1	73	0	0	0	0	0	0	0	0	0	0	0	0	0	0	2	0	0	0	22	0	0	2	8	11	4	5	2	2	0	
DAM1	74	0	0	0	0	0	0	0	0	0	0	0	0	0	0	2	0	0	0	22	0	0	2	8	11	4	5	2	2	0	
DAM1	75	0	0	0	0	0	0	0	0	0	0	0	0	0	0	2	0	0	0	22	0	0	2	8	11	4	5	2	2	0	
DAM1	76	0	0	0	0	0	0	0	0	0	0	0	0	0	0	2	0	0	0	22	0	0	2	8	11	4	5	2	2	0	
DAM1	77	0	0	0	0	0	0	0	0	0	0	0	0	0	0	2	0	0	0	22	0	0	2	8	11	4	5	2	2	0	
DAM1	78	0	0	0	0	0	0	0	0	0	0	0	0	0	0	2	0	0	0	22	0	0	2	8	11	4	5	2	2	0	
DAM1	79	0	0	0	0	0	0	0	0	0	0	0	0	0	0	2	0	0	0	22	0	0	2	8	11	4	5	2	2	0	
DAM1	80	0	0	0	0	0	0	0	0	0	0	0	0	0	0	2	0	0	0	22	0	0	2	8	11	4	5	2	2	0	
DAM1	81	0	0	0	0	0	0	0	0	0	0	0	0	0	0	2	0	0	0	22	0	0	2	8	11	4	5	2	2	0	
DAM1	82	0	0	0	0	0	0	0	0	0	0	0	0	0	0	2	0	0	0	22	0	0	2	8	11	4	5	2	2	0	
DAM1	83	0	0	0	0	0	0	0	0	0	0	0	0	0	0	2	0	0	0	22	0	0	2	8	11	4	5	2	2	0	
DAM1	84	0	0	0	0	0	0	0	0	0	0	0	0	0	0	0	0	0	0	0	0	0	0	0	0	0	0	0	0	0	
DAM1	85	0	0	0	0	0	0	0	0	0	0	0	0	0	0	0	0	0	0	0	0	0	0	0	0	0	0	0	0	0	
DAM1	86	0	0	0	0	0	0	0	0	0	0	0	0	0	0	0	0	0	0	0	0	0	0	0	0	0	0	0	0	0	
DAM1	87	0	0	0	0	0	0	0	0	0	0	0	0	0	0	0	0	0	0	0	0	0	0	0	0	0	0	0	0	0	
DAM1	88	0	0	0	0	0	0	0	0	0	0	0	0	0	0	0	0	0	0	0	0	0	0	0	0	0	0	0	0	0	
DAM1	89	0	0	0	0	0	0	0	0	0	0	0	0	0	0	0	0	0	0	0	0	0	0	0	0	0	0	0	0	0	
DAM1	90	0	0	0	0	0	0	0	0	0	0	0	0	0	0	0	0	0	0	0	0	0	0	0	0	0	0	0	0	0	
DAM1	91	0	0	0	0	0	0	0	0	0	0	0	0	0	0	0	0	0	0	0	0	0	0	0	0	0	0	0	0	0	
DAM1	92	0	0	0	0	0	0	0	0	0	0	0	0	0	0	0	0	0	0	0	0	0	0	0	0	0	0	0	0	0	
DAM1	93	0	0	0	0	0	0	0	0	0	0	0	0	0	0	0	0	0	0	0	0	0	0	0	0	0	0	0	0	0	
DAM1	94	0	0	0	0	0	0	0	0	0	0	0	0	0	0	0	0	0	0	0	0	0	0	0	0	0	0	0	0	0	
DAM1	95	0	0	0	0	0	0	0	0	0	0	0	0	0	0	0	0	0	0	0	0	0	0	0	0	0	0	0	0	0	
DAM1	96	0	0	0	0	0	0	0	0	0	0	0	0	0	0	0	0	0	0	0	0	0	0	0	0	0	0	0	0	0	
DAM1	97	0	0	0	0	0	0	0	0	0	0	0	0	0	0	0	0	0	0	0	0	0	0	0	0	0	0	0	0	0	
DAM1	98	0	0	0	0	0	0	0	0	0	0	0	0	0	0	0	0	0	0	0	0	0	0	0	0	0	0	0	0	0	
DAM1	99	0	0	0	0	0	0	0	0	0	0	0	0	0	0	0	0	0	0	0	0	0	0	0	0	0	0	0	0	0	
DAM1	100	0	0	0	0	0	0	0	0	0	0	0	0	0	0	0	0	0	0	0	0	0	0	0	0	0	0	0	0	0	
DAM1	101	0	0	0	0	0	0	0	0	0	0	0	0	0	0	0	0	0	0	0	0	0	0	0	0	0	0	0	0	0	
DAM1	102	0	0	0	0	0	0	0	0	0	0	0	0	0	0	0	0	0	0	0	0	0	0	0	0	0	0	0	0	0	
DAM1	103	0	0	0	0	0	0	0	0	0	0	0	0	0	0	0	0	0	0	0	0	0	0	0	0	0	0	0	0	0	
DAM1	104	0	0	0	0	0	0	0	0	0	0	0	0	0	0	0	0	0	0	0	0	0	0	0	0	0	0	0	0	0	
DAM1	105	0	0	0	0	0	0	0	0	0	0	0	0	0	0	0	0	0	0	0	0	0	0	0	0	0	0	0	0	0	
DAM1	106	0	0	0	0	0	0	0	0	0	0	0	0	0	0	0	0	0	0	0	0	0	0	0	0	0	0	0	0	0	
DAM1	107	0	0	0	0	0	0	0	0	0	0	0	0	0	0	0	0	0	0	0	0	0	0	0	0	0	0	0	0	0	
DAM1	108	0	0	0	0	0	0	0	0	0	0	0	0	0	0	0	0	0	0	0	0	0	0	0	0	0	0	0	0	0	
DAM1	109	0	0	0	0	0	0	0	0	0	0	0	0	0	0	0	0	0	0	0	0	0	0	0	0	0	0	0	0	0	
DAM1	110	0	0	0	0	0	0	0	0	0	0	0	0	0	0	0	0	0	0	0	0	0	0	0	0	0	0	0	0	0	
DAM1	111	0	0	0	0	0	0	0	0	0	0	0	0	0	0	0	0	0	0	0	0	0	0	0	0	0	0	0	0	0	
DAM1	112	0	0	0	0	0	0	0	0	0	0	0	0	0	0	0	0	0	0	0	0	0	0	0	0	0	0	0	0	0	
DAM1	113	0	0	0	0	0	0	0	0	0	0	0	0	0	0	0	0	0	0	0	0	0	0	0	0	0	0	0	0	0	
DAM1	114	0	0	0	0	0	0	0	0	0	0	0	0	0	0	0	0	0	0	0	0	0	0	0	0	0	0	0	0	0	
DAM1	115	0	0	0	0	0	0	0	0	0	0	0	0	0	0	0	0	0	0	0	0	0	0	0	0	0	0	0	0	0	
DAM1	116	0	0	0	0	0	0	0	0	0	0	0	0	0	0	0	0	0	0	0	0	0	0	0	0	0	0	0	0	0	
DAM1	117	0	0	0	0	0	0	0	0	0	0	0	0	0	0	0	0	0	0	0	0	0	0	0	0	0	0	0	0	0	
DAM1	118	0	0	0	0	0	0	0	0	0	0	0	0	0	0	0	0	0	0	0	0	0	0	0	0	0	0	0	0	0	
DAM1	119	0	0	0	0	0	0	0	0	0	0	0	0	0	0	0	0	0	0	0	0	0	0	0	0	0	0	0	0	0	
DAM1	120	0	0	0	0	0	0	0	0	0	0	0	0	0	0	0	0	0	0	0	0	0	0	0	0	0	0	0	0	0	
DAM1	121	0	0	0	0	0	0	0	0	0	0	0	0	0	0	0	0	0	0	0	0	0	0	0	0	0	0	0	0	0	
DAM1	122	0	0	0	0	0	0	0	0	0	0	0	0	0	0	0	0	0	0	0	0	0	0	0	0	0	0	0	0	0	
DAM1	123	0	0	0	0	0	0	0	0	0	0	0	0	0	0	0	0	0	0	0	0	0	0	0	0	0	0	0	0	0	
DAM1	124	0	0	0	0	0	0	0	0	0	0	0	0	0	0	0	0	0	0	0	0	0	0	0	0	0	0	0	0	0	
DAM1	125	0	0	0	0	0	0	0	0	0	0	0	0	0	0	0	0	0	0	0	0	0	0	0	0	0	0	0	0	0	
DAM1	126	0	0	0	0	0	0	0	0	0	0	0	0	0	0	0	0	0	0	0	0	0	0	0	0	0	0	0	0	0	
DAM1	127	0	0	0	0	0	0	0	0	0	0	0	0	0	0	0	0	0	0	0	0	0	0	0	0	0	0	0	0	0	
DAM1	128	0	0	0	0	0	0	0	0	0	0	0	0	0	0	0	0	0	0	0	0	0	0	0	0	0	0	0	0	0	
DAM1	129	0	0	0	0	0	0	0	0	0	0	0	0	0	0	0	0	0	0	0	0	0	0	0	0	0	0	0	0	0	
DAM1	130	0	0	0	0	0	0	0	0	0	0	0	0	0	0	0	0	0	0	0	0	0	2	0	0	0	0	0	0	0	
DAM1	131	0	0	0	0	0	0	0	0	0	0	0	0	0	0	0	0	0	0	0	0	0	2	0	0	0	0	0	0	0	
DAM1	132	0	0	0	0	0	0	0	0	0	0	0	0	0	0	0	0	0	0	0	0	0	2	0	0	0	0	0	0	0	
DAM1	133	0	0	0	0	0	0	8	5	0	2	0	0	19	7	19	2	5	24	37	3	4	58	52	48	11	8	13	7	0	
DAM1	134	0	0	0	0	0	0	8	5	0	2	0	0	19	7	19	2	5	24	37	3	4	58	52	48	11	8	13	7	0	
DAM1	135	0	0	0	0	0	0	8	5	0	2	0	0	19	7	19	2	5	24	37	3	4	58	52	48	11	8	13	7	0	
DAM1	136	0	0	0	0	0	0	8	5	0	2	0	0	19	7	19	2	5	24	37	3	4	58	52	48	11	8	13	7	0	
DAM1	137	0	0	0	0	0	0	8	5	0	2	0	0	19	7	19	2	5	24	37	3	4	58	52	48	11	8	13	7	0	
DAM1	138	0	0	0	0	0	0	8	5	0	2	0	0	19	7	19	2	5	24	37	3	4	58	52	48	11	8	13	7	0	
DAM1	139	0	0	0	0	0	0	8	5	0	2	0	0	19	7	19	2	5	24	41	3	4	60	59	59	11	8	15	7	0	
DAM1	140	0	0	0	0	0	0	8	5	0	2	0	0	19	7	19	2	5	24	41	3	4	60	59	59	11	8	15	7	0	
DAM1	141	0	0	0	0	0	0	8	5	0	2	0	0	19	7	19	2	5	24	41	3	4	60	59	59	11	8	15	7	0	
DAM1	142	0	0	0	0	0	0	8	5	0	2	0	0	19	7	19	2	5	24	41	3	4	60	59	59	11	8	15	7	0	
DAM1	143	0	0	0	0	0	0	8	5	0	2	0	0	19	7	19	2	5	24	41	3	4	60	59	59	11	8	15	7	0	
DAM1	144	0	0	0	0	0	0	8	5	0	2	0	0	19	7	19	2	5	24	41	3	4	60	59	59	11	8	15	7	0	
DAM1	145	0	0	0	0	0	0	8	5	0	2	0	0	19	7	19	2	5	24	41	3	4	60	59	59	11	8	15	7	0	
DAM1	146	0	0	0	0	0	0	8	5	0	2	0	0	19	7	19	2	5	24	41	3	4	60	59	59	11	8	15	7	0	
DAM1	147	0	0	0	0	0	0	8	5	0	2	0	0	19	7	19	2	5	24	41	3	4	60	59	59	11	8	15	7	0	
DAM1	148	0	0	0	0	0	0	8	5	0	2	0	0	19	7	19	2	5	24	41	3	4	60	59	59	11	8	15	7	0	
DAM1	149	0	0	0	0	0	0	8	5	0	2	0	0	19	7	19	2	5	24	41	3	4	60	59	59	11	8	15	7	0	
DAM1	150	0	0	0	0	0	0	8	5	0	2	0	0	19	7	19	2	5	24	41	3	4	60	59	59	11	8	15	7	0	
DAM1	151	0	0	0	0	0	0	0	0	0	0	0	0	0	0	0	0	0	0	0	0	0	0	0	0	0	0	0	0	0	
DAM1	152	0	0	0	0	0	0	0	0	0	0	0	0	0	0	0	0	0	0	0	0	0	0	0	0	0	0	0	0	0	
DAM1	153	0	0	0	0	0	0	0	0	0	0	0	0	0	0	0	0	0	0	0	0	0	0	0	0	0	0	0	0	0	
DAM1	154	0	0	0	0	0	0	0	0	0	0	0	0	0	0	0	0	0	0	0	0	0	0	0	0	0	0	0	0	0	
DAM1	155	0	0	0	0	0	0	0	0	0	2	0	2	2	0	2	0	0	0	0	0	0	0	4	3	0	0	0	0	0	
DAM1	156	0	0	0	0	0	0	0	0	0	4	0	2	4	2	4	0	0	0	0	0	0	0	4	3	0	0	0	0	0	
DAM1	157	0	0	0	0	0	0	0	0	0	4	0	2	4	2	4	0	2	0	0	0	0	0	4	3	0	0	0	0	0	
DAM1	158	0	0	0	0	0	0	0	0	0	4	0	2	4	2	4	0	2	0	0	0	0	0	4	3	0	0	0	0	0	
DAM1	159	0	0	0	0	0	0	0	0	0	4	0	2	4	2	4	0	2	0	0	0	0	0	4	3	0	0	0	0	0	
DAM1	160	0	0	0	0	0	0	0	0	0	4	0	2	4	2	4	0	2	0	0	0	0	0	4	3	0	0	0	0	0	
DAM1	161	0	0	0	0	0	0	0	0	0	4	0	2	4	2	4	0	2	0	0	0	0	0	4	3	0	0	0	0	0	
DAM1	162	0	0	0	0	0	0	0	0	0	4	0	2	4	2	4	0	2	0	0	0	0	0	4	3	0	0	0	0	0	
DAM1	163	0	0	0	0	0	0	0	0	0	4	0	2	4	2	4	0	2	0	0	0	0	0	4	3	0	0	0	0	0	
DAM1	164	0	0	0	0	0	0	0	0	0	4	0	2	4	2	4	0	2	0	0	0	0	0	4	3	0	0	0	0	0	
DAM1	165	0	0	0	0	0	0	0	0	0	4	0	2	4	2	4	0	2	0	0	0	0	0	4	3	0	0	0	0	0	
DAM1	166	0	0	0	0	0	0	0	0	0	4	0	2	4	2	4	0	2	0	0	0	0	0	4	3	0	0	0	0	0	
DAM1	167	0	0	0	0	0	0	6	10	0	8	6	2	7	10	10	3	4	14	0	4	0	17	2	0	0	0	0	0	0	
DAM1	168	0	0	0	0	0	0	6	10	0	8	6	2	7	10	10	3	4	14	0	4	0	17	2	0	0	0	0	0	0	
DAM1	169	0	0	0	0	0	0	6	10	0	8	6	2	7	10	10	3	4	14	0	4	0	17	2	0	0	0	0	0	0	
DAM1	170	0	0	0	0	0	0	6	10	0	8	6	2	7	10	10	3	4	14	0	4	0	17	2	0	0	0	0	0	0	
DAM1	171	0	0	0	0	0	0	6	10	0	8	6	2	7	10	10	3	4	14	0	4	0	17	2	0	0	0	0	0	0	
DAM1	172	0	0	0	0	0	0	8	13	0	10	10	4	10	13	12	3	4	19	20	8	3	37	60	67	0	0	0	0	3	
DAM1	173	0	0	0	0	0	0	8	13	0	10	10	4	10	13	12	3	4	19	20	8	3	37	60	67	0	0	0	0	3	
DAM1	174	0	0	0	0	0	0	8	13	0	10	10	4	10	13	12	3	4	19	20	8	3	37	60	67	0	0	0	0	3	
DAM1	175	0	0	0	0	0	0	8	13	0	10	10	4	10	13	12	3	4	19	20	8	3	37	60	67	0	0	0	0	3	
DAM1	176	0	0	0	0	0	0	8	13	0	10	10	4	10	13	12	3	4	19	20	8	3	37	60	67	0	0	0	0	3	
DAM1	177	0	0	0	0	0	0	8	13	0	10	10	4	10	13	12	3	4	19	20	8	3	37	60	67	0	0	0	0	3	
DAM1	178	0	0	0	0	0	0	8	13	0	10	10	4	10	13	12	3	4	19	20	8	3	37	60	67	0	0	0	0	3	
DAM1	179	0	0	0	0	0	0	8	13	0	10	10	4	10	13	12	3	4	19	20	8	3	37	60	67	0	0	0	0	3	
DAM1	180	0	0	0	0	0	0	8	13	0	10	10	4	10	13	12	3	4	19	20	8	3	37	60	67	0	0	0	0	3	
DAM1	181	0	0	0	0	0	0	8	13	0	10	10	4	10	13	12	3	4	19	20	8	3	37	60	67	0	0	0	0	3	
DAM1	182	0	0	0	0	0	0	8	13	0	10	10	4	10	13	12	3	4	19	20	8	3	37	60	67	0	0	0	0	3	
DAM1	183	0	0	0	0	0	0	8	13	0	10	10	4	10	13	12	3	4	19	20	8	3	37	60	67	0	0	0	0	3	
DAM1	184	0	0	0	0	0	0	8	13	0	10	10	4	10	13	12	3	4	19	20	8	3	37	60	67	0	0	0	0	3	
DAM1	185	0	0	0	0	0	0	2	2	0	2	0	2	2	2	3	0	0	2	0	0	0	6	6	3	0	0	0	0	0	
DAM1	186	0	0	0	0	0	0	0	0	0	0	0	0	0	0	0	0	0	0	0	0	0	0	0	0	0	0	0	0	0	
DAM1	187	0	0	0	0	0	0	0	0	0	0	0	0	0	0	0	0	0	0	0	0	0	0	0	0	0	0	0	0	0	
DAM1	188	0	0	0	0	0	0	0	0	0	0	0	0	0	0	0	0	0	0	0	0	0	0	0	0	0	0	0	0	0	
DAM1	189	0	0	0	0	0	0	0	0	0	0	0	0	0	0	0	0	0	0	0	0	0	0	0	0	0	0	0	0	0	
DAM1	190	0	0	0	0	0	0	0	0	0	0	0	0	0	0	0	0	0	0	0	0	0	0	0	0	0	0	0	0	0	
DAM1	191	0	0	0	0	0	0	0	0	0	0	0	0	0	0	0	0	0	0	0	0	0	0	0	0	0	0	0	0	0	
DAM1	192	0	0	0	0	0	0	0	0	0	0	0	0	0	0	0	0	0	0	0	0	0	0	0	0	0	0	0	0	0	
DAM1	193	0	0	0	0	0	0	0	0	0	0	0	0	0	0	0	0	0	0	0	0	0	0	0	0	0	0	0	0	0	
DAM1	194	0	0	0	0	0	0	0	0	0	0	0	0	0	0	0	0	0	0	0	0	0	0	0	0	0	0	0	0	0	
DAM1	195	0	0	0	0	0	0	0	0	0	0	0	0	0	0	0	0	0	0	0	0	0	0	0	0	0	0	0	0	0	
DAM1	196	0	0	0	0	0	0	0	0	0	0	0	0	0	0	0	0	0	0	0	0	0	0	0	0	0	0	0	0	0	
DAM1	197	0	0	0	0	0	0	0	0	0	0	0	0	0	0	0	0	0	0	0	0	0	0	0	0	0	0	0	0	0	
DAM1	198	0	0	0	0	0	0	0	0	0	0	0	0	0	0	0	0	0	0	0	0	0	0	0	0	0	0	0	0	0	
DAM1	199	0	0	0	0	0	0	0	0	0	0	0	0	0	0	0	0	0	0	0	0	0	0	0	0	0	0	0	0	0	
DAM1	200	0	0	0	0	0	0	0	0	0	0	0	0	0	0	0	0	0	0	31	0	0	0	47	54	0	2	0	0	0	
DAM1	201	0	0	0	0	0	0	0	0	0	0	0	0	0	0	0	0	0	0	31	0	0	0	47	54	0	2	0	0	0	
DAM1	202	0	0	0	0	0	0	0	0	0	0	0	0	0	0	0	0	0	0	31	0	0	0	47	54	0	2	0	0	0	
DAM1	203	0	0	0	0	0	0	0	0	0	0	0	0	0	0	0	0	0	0	31	0	0	0	47	54	0	2	0	0	0	
DAM1	204	0	0	0	0	0	0	0	0	0	0	0	0	0	0	0	0	0	0	31	0	0	0	47	54	0	2	0	0	0	
DAM1	205	0	0	0	0	0	0	0	0	0	0	0	0	0	0	0	0	0	0	31	0	0	0	47	54	0	2	0	0	0	
DAM1	206	0	0	0	0	0	0	0	0	0	0	0	0	0	0	0	0	0	0	31	0	0	0	47	54	0	2	0	0	0	
DAM1	207	0	0	0	0	0	0	0	0	0	0	0	0	0	0	0	0	0	0	31	0	0	0	47	54	0	2	0	0	0	
DAM1	208	0	0	0	0	0	0	0	0	0	0	0	0	0	0	0	0	0	0	31	0	0	0	47	54	0	2	0	0	0	
DAM1	209	0	0	0	0	0	0	0	0	0	0	0	0	0	0	0	0	0	0	31	0	0	0	47	54	0	2	0	0	0	
DAM1	210	0	0	0	0	0	0	0	0	0	0	0	0	0	0	0	0	0	0	31	0	0	0	47	54	0	2	0	0	0	
DAM1	211	0	0	0	0	0	0	0	0	0	0	0	0	0	0	0	0	0	0	31	0	0	0	47	54	0	2	0	0	0	
DAM1	212	0	0	0	0	0	0	0	0	0	0	0	0	0	0	0	0	0	0	31	0	0	0	47	54	0	2	0	0	0	
DAM1	213	0	0	0	0	0	0	0	0	0	0	0	0	0	0	0	0	0	0	31	0	0	0	47	54	0	2	0	0	0	
DAM1	214	0	0	0	0	0	0	0	0	0	0	0	0	0	0	0	0	0	0	31	0	0	0	47	54	0	2	0	0	0	
DAM1	215	0	0	0	0	0	0	0	0	0	0	0	0	0	0	0	0	0	0	31	0	0	0	47	54	0	2	0	0	0	
DAM1	216	0	0	0	0	0	0	0	0	0	0	0	0	0	0	0	0	0	0	31	0	0	0	47	54	0	2	0	0	0	
DAM1	217	0	0	0	0	0	0	0	0	0	0	0	0	0	0	0	0	0	0	31	0	0	0	47	54	0	2	0	0	0	
DAM1	218	0	0	0	0	0	0	0	0	0	0	0	0	0	0	0	0	0	0	31	0	0	0	47	54	0	2	0	0	0	
DAM1	219	0	0	0	0	0	0	0	0	0	0	0	0	0	0	0	0	0	0	31	0	0	0	47	54	0	2	0	0	0	
DAM1	220	0	0	0	0	0	0	0	0	0	0	0	0	0	0	0	0	0	0	31	0	0	0	47	54	0	2	0	0	0	
DAM1	221	0	0	0	0	0	0	0	0	0	0	0	0	0	0	0	0	0	0	31	0	0	0	47	54	0	2	0	0	0	
DAM1	222	0	0	0	0	0	0	0	0	0	0	0	0	0	0	0	0	0	0	31	0	0	0	47	54	0	2	0	0	0	
DAM1	223	0	0	0	0	0	0	0	0	0	0	0	0	0	0	0	0	0	0	31	0	0	0	47	54	0	2	0	0	0	
DAM1	224	0	0	0	0	0	0	0	0	0	0	0	0	0	0	0	0	0	0	31	0	0	0	47	54	0	2	0	0	0	
DAM1	225	0	0	0	0	0	0	0	0	0	0	0	0	0	0	0	0	0	0	31	0	0	0	47	54	0	2	0	0	0	
DAM1	226	0	0	0	0	0	0	0	0	0	0	0	0	0	0	0	0	0	0	31	0	0	0	47	54	0	2	0	0	0	
DAM1	227	0	0	0	0	0	0	0	0	0	0	0	0	0	0	0	0	0	0	31	0	0	0	47	54	0	2	0	0	0	
DAM1	228	0	0	0	0	0	0	0	0	0	0	0	0	0	0	0	0	0	0	31	0	0	0	47	54	0	2	0	0	0	
DAM1	229	0	0	0	0	0	0	0	0	0	0	0	0	0	0	0	0	0	0	31	0	0	0	47	54	0	2	0	0	0	
DAM1	230	0	0	0	0	0	0	0	0	0	0	0	0	0	0	0	0	0	0	31	0	0	0	47	54	0	2	0	0	0	
DAM1	231	0	0	0	0	0	0	0	0	0	0	0	0	0	0	0	0	0	0	31	0	0	0	47	54	0	2	0	0	0	
DAM1	232	0	0	0	0	0	0	0	0	0	0	0	0	0	0	0	0	0	0	31	0	0	0	47	54	0	2	0	0	0	
DAM1	233	0	0	0	0	0	0	0	0	0	0	0	0	0	0	0	0	0	0	31	0	0	0	47	54	0	2	0	0	0	
DAM1	234	0	0	0	0	0	0	0	0	0	0	0	0	0	0	0	0	0	0	0	0	0	0	0	0	0	0	0	0	0	
DAM1	235	0	0	0	0	0	0	0	0	0	0	0	0	0	0	0	0	0	0	0	0	0	0	0	0	0	0	0	0	0	
DAM1	236	0	0	0	0	0	0	0	0	0	0	0	0	0	0	0	0	0	0	0	0	0	0	0	0	0	0	0	0	0	
DAM1	237	0	0	0	0	0	0	0	0	0	0	0	0	0	0	0	0	0	0	0	0	0	0	0	0	0	0	0	0	0	
DAM1	238	0	0	0	0	0	0	0	0	0	0	0	0	0	0	0	0	0	0	0	0	0	0	0	0	0	0	0	0	0	
DAM1	239	0	0	0	0	0	0	0	0	0	0	0	0	0	0	0	0	0	0	0	0	0	0	0	0	0	0	0	0	0	
DAM1	240	0	0	0	0	0	0	0	0	0	0	0	0	0	0	0	0	0	0	0	0	0	0	0	0	0	0	0	0	0	
DAM1	241	0	0	0	0	0	0	0	0	0	0	0	0	0	0	0	0	0	0	0	0	0	0	0	0	0	0	0	0	0	
DAM1	242	0	0	0	0	0	0	0	0	0	2	0	0	0	2	0	2	0	0	0	0	0	0	0	0	0	0	0	0	0	
DAM1	243	0	0	0	0	0	0	0	0	0	2	0	0	0	2	0	2	0	0	0	0	0	0	0	0	0	0	0	0	0	
DAM1	244	0	0	0	0	0	0	0	0	0	2	0	0	0	2	0	2	0	0	0	0	0	0	0	0	0	0	0	0	0	
DAM1	245	0	0	0	0	0	0	0	0	0	2	0	0	0	2	0	2	0	0	0	0	0	2	37	0	0	0	0	0	0	
DAM1	246	0	0	0	0	0	0	0	0	0	2	0	0	0	2	0	2	0	0	0	0	0	2	37	0	0	0	0	0	0	
DAM1	247	0	0	0	0	0	0	0	0	0	2	0	0	0	2	0	2	0	0	0	0	0	2	37	0	0	0	0	0	0	
DAM1	248	0	0	0	0	0	0	0	0	0	2	0	0	0	2	0	2	0	0	0	0	0	2	37	0	0	0	0	0	0	
DAM1	249	0	0	0	0	0	0	0	0	0	2	0	0	0	2	0	2	0	0	0	0	0	2	37	0	0	0	0	0	0	
DAM1	250	0	0	0	0	0	0	0	0	0	2	0	0	0	2	0	2	0	0	0	0	0	2	37	0	0	0	0	0	0	
DAM1	251	0	0	0	0	0	0	0	0	0	2	0	0	0	2	0	2	0	0	0	0	0	2	37	0	0	0	0	0	0	
DAM1	252	0	0	0	0	0	0	0	0	0	2	0	0	0	2	0	2	0	0	0	0	0	2	37	0	0	0	0	0	0	
DAM1	253	0	0	0	0	0	0	0	0	0	0	0	0	0	0	0	2	0	0	0	0	0	0	0	0	0	0	0	0	0	
DAM1	254	0	0	0	0	0	0	0	0	0	0	0	0	0	0	0	2	0	0	0	0	0	0	0	0	0	0	0	0	0	
DAM1	255	0	0	0	0	0	0	0	0	0	0	0	0	0	0	0	0	0	0	0	0	0	0	0	0	0	0	0	0	0	
DAM1	256	0	0	0	0	0	0	0	0	0	0	0	0	0	0	0	0	0	0	0	0	0	2	0	0	0	0	0	0	0	
DAM1	257	0	0	0	0	0	0	0	0	0	0	0	0	0	0	2	0	0	0	0	0	0	10	0	5	0	2	3	0	2	
DAM1	258	0	0	0	0	0	0	0	0	0	0	0	0	0	0	2	0	0	0	0	0	0	10	0	5	0	2	3	0	2	
DAM1	259	0	0	0	0	0	0	0	0	0	0	0	0	0	0	2	0	0	0	0	0	0	10	0	5	0	2	3	0	2	
DAM1	260	0	0	0	0	0	0	0	0	0	0	0	0	0	0	2	0	0	0	0	0	0	10	0	5	0	2	3	0	2	
DAM1	261	0	0	0	0	0	0	0	0	0	0	0	0	0	0	2	0	0	0	0	0	0	10	0	5	0	2	3	0	2	
DAM1	262	0	0	0	0	0	0	0	0	0	0	0	0	0	0	2	0	0	0	0	0	0	10	0	5	0	2	3	0	2	
DAM1	263	0	0	0	0	0	0	0	0	0	0	0	0	0	0	2	0	0	0	0	0	0	10	0	5	0	2	3	0	2	
DAM1	264	0	0	0	0	0	0	4	0	0	0	0	0	5	4	7	2	2	12	38	2	2	24	24	14	4	4	2	8	2	
DAM1	265	0	0	0	0	0	0	4	0	0	0	0	0	5	4	7	2	2	12	38	2	2	24	24	14	4	4	2	8	2	
DAM1	266	0	0	0	0	0	0	4	0	0	0	0	0	5	4	7	2	2	12	38	2	2	24	24	14	4	4	2	8	2	
DAM1	267	0	0	0	0	0	0	4	0	0	0	0	0	5	4	7	2	2	12	38	2	2	24	24	14	4	4	2	8	2	
DAM1	268	0	0	0	0	0	0	4	0	0	0	0	0	5	4	7	2	2	12	38	2	2	24	24	14	4	4	2	8	2	
DAM1	269	0	0	0	0	0	0	4	0	0	0	0	0	5	4	7	2	2	12	38	2	2	24	24	14	4	4	2	8	2	
DAM1	270	0	0	0	0	0	0	4	0	0	0	0	0	5	4	7	2	2	12	38	2	2	24	24	14	4	4	2	8	2	
DAM1	271	0	0	0	0	0	0	4	0	0	0	0	0	5	4	7	2	2	12	38	2	2	24	24	14	4	4	2	8	2	
DAM1	272	0	0	0	0	0	0	4	0	0	0	0	0	5	4	7	2	2	12	38	2	2	24	24	14	4	4	2	8	2	
DAM1	273	0	0	0	0	0	0	4	0	0	0	0	0	5	4	7	2	2	12	38	2	2	24	24	14	4	4	2	8	2	
DAM1	274	0	0	0	0	0	0	4	0	0	0	0	0	5	4	7	2	2	12	38	2	2	24	24	14	4	4	2	8	2	
DAM1	275	0	0	0	0	0	0	4	0	0	0	0	0	5	4	7	2	2	12	38	2	2	24	24	14	4	4	2	8	2	
DAM1	276	0	0	0	0	0	0	4	0	0	0	0	0	5	4	7	2	2	12	38	2	2	24	24	14	4	4	2	8	2	
DAM1	277	0	0	0	0	0	0	4	0	0	0	0	0	5	4	7	2	2	12	38	2	2	24	24	14	4	4	2	8	2	
DAM1	278	0	0	0	0	0	0	4	0	0	0	0	0	5	4	7	2	2	12	38	2	2	24	24	14	4	4	2	8	2	
DAM1	279	0	0	0	0	0	0	4	0	0	0	0	0	5	4	7	2	2	12	38	2	2	24	24	14	4	4	2	8	2	
DAM1	280	0	0	0	0	0	0	4	0	0	0	0	0	5	4	7	2	2	12	38	2	2	24	24	14	4	4	2	8	2	
DAM1	281	0	0	0	0	0	0	4	0	0	0	0	0	5	4	7	2	2	12	38	2	2	24	24	14	4	4	2	8	2	
DAM1	282	0	0	0	0	0	0	4	0	0	0	0	0	5	4	7	2	2	12	38	2	2	24	24	14	4	4	2	8	2	
DAM1	283	0	0	0	0	0	0	4	0	0	0	0	0	5	4	7	2	2	12	38	2	2	24	24	14	4	4	2	8	2	
DAM1	284	0	0	0	0	0	0	4	0	0	0	0	0	5	4	7	2	2	12	38	2	2	24	24	14	4	4	2	8	2	
DAM1	285	0	0	0	0	0	0	4	0	0	0	0	0	5	4	7	2	2	12	38	2	2	24	24	14	4	4	2	8	2	
DAM1	286	0	0	0	0	0	0	4	0	0	0	0	0	5	4	7	2	2	12	38	2	2	24	24	14	4	4	2	8	2	
DAM1	287	0	0	0	0	0	0	4	0	0	0	0	0	5	4	7	2	2	12	38	2	2	24	24	14	4	4	2	8	2	
DAM1	288	0	0	0	0	0	0	4	0	0	0	0	0	5	4	7	2	2	12	38	2	2	24	24	14	4	4	2	8	2	
DAM1	289	0	0	0	0	0	0	4	0	0	0	0	0	5	4	7	2	2	12	38	2	2	24	24	14	4	4	2	8	2	
DAM1	290	0	0	0	0	0	0	4	0	0	0	0	0	5	4	7	2	2	12	38	2	2	24	24	14	4	4	2	8	2	
DAM1	291	0	0	0	0	0	0	3	7	0	6	6	5	6	8	5	2	4	3	19	0	0	16	25	26	2	0	0	0	0	
DAM1	292	0	0	0	0	0	0	3	7	0	6	6	5	6	8	5	2	4	3	19	0	0	16	25	26	2	0	0	0	0	
DAM1	293	0	0	0	0	0	0	3	7	0	6	6	5	6	8	5	2	4	3	19	0	0	16	25	26	2	0	0	0	0	
DAM1	294	0	0	0	0	0	0	3	7	0	6	6	5	6	8	5	2	4	3	19	0	0	16	25	26	2	0	0	0	0	
DAM1	295	0	0	0	0	0	0	3	7	0	6	6	5	6	8	5	2	4	3	19	0	0	16	25	26	2	0	0	0	0	
DAM1	296	0	0	0	0	0	0	3	7	0	6	6	5	6	8	5	2	4	3	19	0	0	16	25	26	2	0	0	0	0	
DAM1	297	0	0	0	0	0	0	3	7	0	6	6	5	6	8	5	2	4	3	19	0	0	16	25	26	2	0	0	0	0	
DAM1	298	0	0	0	0	0	0	3	7	0	6	6	5	6	8	5	2	4	3	19	0	0	16	25	26	2	0	0	0	0	
DAM1	299	0	0	0	0	0	0	3	7	0	6	6	5	6	8	5	2	4	3	19	0	0	16	25	26	2	0	0	0	0	
DAM1	300	0	0	0	0	0	0	0	0	0	2	4	2	4	6	5	0	2	3	0	0	0	11	0	0	0	0	0	0	0	
DAM1	301	0	0	0	0	0	0	0	0	0	2	4	2	4	6	5	0	2	3	0	0	0	11	0	0	0	0	0	0	0	
DAM1	302	0	0	0	0	0	0	0	0	0	2	4	2	4	6	5	0	2	3	0	0	0	11	0	0	0	0	0	0	0	
DAM1	303	0	0	0	0	0	0	0	0	0	2	4	2	4	6	5	0	2	3	0	0	0	11	0	0	0	0	0	0	0	
DAM1	304	0	0	0	0	0	0	0	0	0	2	4	2	4	6	5	0	2	3	0	0	0	11	0	0	0	0	0	0	0	
DAM1	305	0	0	0	0	0	0	0	0	0	2	4	2	4	6	5	0	2	3	0	0	0	11	0	0	0	0	0	0	0	
DAM1	306	0	0	0	0	0	0	0	0	0	2	4	2	4	6	5	0	2	3	0	0	0	11	0	0	0	0	0	0	0	
DAM1	307	0	0	0	0	0	0	0	0	0	2	4	2	4	6	5	0	2	3	0	0	0	11	0	0	0	0	0	0	0	
DAM1	308	0	0	0	0	0	0	0	0	0	0	0	0	0	0	0	0	2	0	0	0	0	0	0	0	0	0	0	0	0	
DAM1	309	0	0	0	0	0	0	0	0	0	0	0	0	0	0	0	0	2	0	0	0	0	0	0	0	0	0	0	0	0	
DAM1	310	0	0	0	0	0	0	0	0	0	4	5	3	6	9	9	0	0	0	0	0	0	5	10	0	0	0	0	0	0	
DAM1	311	0	0	0	0	0	0	0	0	0	4	5	3	6	9	9	0	0	0	0	0	0	5	10	0	0	0	0	0	0	
DAM1	312	0	0	0	0	0	0	0	0	0	4	5	3	6	9	9	0	0	0	0	0	0	5	10	0	0	0	0	0	0	
DAM1	313	0	0	0	0	0	0	0	0	0	4	5	3	6	9	9	0	0	0	0	0	0	5	10	0	0	0	0	0	0	
DAM1	314	0	0	0	0	0	0	0	0	0	4	5	3	6	9	9	0	0	0	0	0	0	5	10	0	0	0	0	0	0	
DAM1	315	0	0	0	0	0	0	0	0	0	4	5	3	6	9	9	0	0	0	0	0	0	5	10	0	0	0	0	0	0	
DAM1	316	0	0	0	0	0	0	0	0	0	4	5	3	6	9	9	0	0	0	0	0	0	5	10	0	0	0	0	0	0	
DAM1	317	0	0	0	0	0	0	0	0	0	0	0	0	0	2	0	0	0	0	0	0	0	0	0	0	0	0	0	0	0	
DAM1	318	0	0	0	0	0	0	0	0	0	0	0	0	0	2	0	0	0	0	0	0	0	0	0	0	0	0	0	0	0	
DAM1	319	0	0	0	0	0	0	0	0	0	0	0	0	0	2	0	0	0	0	0	0	0	0	0	0	0	0	0	0	0	
DAM1	320	0	0	0	0	0	0	0	0	0	0	0	0	0	0	0	0	0	0	0	0	0	0	0	0	0	0	0	0	0	
DAM1	321	0	0	0	0	0	0	0	0	0	0	0	0	0	0	0	0	0	0	0	0	0	0	0	0	0	0	0	0	0	
DAM1	322	0	0	0	0	0	0	0	0	0	0	0	0	0	0	0	0	0	0	0	0	0	0	0	0	0	0	0	0	0	
DAM1	323	0	0	0	0	0	0	0	0	0	0	0	0	0	0	0	0	0	0	0	0	0	0	0	0	0	0	0	0	0	
DAM1	324	0	0	0	0	0	0	0	0	0	0	0	0	0	0	0	0	0	0	0	0	0	0	0	0	0	0	0	0	0	
DAM1	325	0	0	0	0	0	0	0	0	0	0	0	0	0	0	0	0	0	0	0	0	0	0	0	0	0	0	0	0	0	
DAM1	326	0	0	0	0	0	0	0	0	0	0	0	0	0	0	0	0	0	0	0	0	0	0	0	0	0	0	0	0	0	
DAM1	327	0	0	0	0	0	0	0	0	0	0	0	0	0	0	0	0	0	0	0	0	0	0	0	0	0	0	0	0	0	
DAM1	328	0	0	0	0	0	0	0	0	0	0	0	0	0	0	0	0	0	0	0	0	0	0	0	0	0	0	0	0	0	
DAM1	329	0	0	0	0	0	0	0	0	0	0	0	0	0	0	0	0	0	0	0	0	0	0	0	0	0	0	0	0	0	
DAM1	330	0	0	0	0	0	0	0	0	0	0	0	0	0	0	0	0	0	0	0	0	0	0	0	0	0	0	0	0	0	
DAM1	331	0	0	0	0	0	0	0	0	0	0	0	0	0	0	0	0	0	0	0	0	0	0	0	0	0	0	0	0	0	
DAM1	332	0	0	0	0	0	0	0	0	0	0	0	0	0	0	0	0	0	0	0	0	0	0	0	0	0	0	0	0	0	
DAM1	333	0	0	0	0	0	0	0	0	0	0	0	0	0	0	0	0	0	0	0	0	0	0	0	0	0	0	0	0	0	
DAM1	334	0	0	0	0	0	0	0	0	0	0	0	0	0	0	0	0	0	0	0	0	0	0	0	0	0	0	0	0	0	
DAM1	335	0	0	0	0	0	0	2	4	0	4	5	4	5	5	5	2	2	3	0	0	0	19	0	0	0	0	0	0	0	
DAM1	336	0	0	0	0	0	0	2	4	0	4	5	4	5	5	5	2	2	3	0	0	0	19	0	0	0	0	0	0	0	
DAM1	337	0	0	0	0	0	0	2	4	0	4	5	4	5	5	5	2	2	3	0	0	0	19	0	0	0	0	0	0	0	
DAM1	338	0	0	0	0	0	0	2	4	0	4	5	4	5	5	5	2	2	3	0	0	0	19	0	0	0	0	0	0	0	
DAM1	339	0	0	0	0	0	0	2	4	0	4	5	4	5	5	5	2	2	3	0	0	0	19	0	0	0	0	0	0	0	
DAM1	340	0	0	0	0	0	0	2	4	0	4	5	4	5	5	5	2	2	3	0	0	0	19	0	0	0	0	0	0	0	
DAM1	341	0	0	0	0	0	0	2	4	0	4	5	4	5	5	5	2	2	3	0	0	0	19	0	0	0	0	0	0	0	
DAM1	342	0	0	0	0	0	0	2	4	0	4	5	4	5	5	5	2	2	3	0	0	0	19	0	0	0	0	0	0	0	
DAM1	343	0	0	0	0	0	0	2	4	0	4	5	4	5	5	5	2	2	3	0	0	0	19	0	0	0	0	0	0	0	
