protein	site	PSMs_001_Stu1-3FLAG_DMSO.csv	PSMs_002_Stu1-3FLAG_Cdc200-AID.csv	PSMs_003_Stu1-3FLAG_Benomyl.csv	PSMs_004_Stu1FLAG_Bub1V5_double_step_IP.csv	PSMs_005_Stu1_TOG1del_cutout_1.csv	PSMs_006_Stu1_TOG1del_cutout_2.csv	PSMs_007_Dsn1-flag.csv	PSMs_008_Dsn1-flag_mps1-1.csv	PSMs_009_Dsn1-flag_pgal-mps1.csv	PSMs_010_Dsn1-flag_ndc80.csv	PSMs_011_Dsn1-flag_ndc80-2a.csv	PSMs_012_Dsn1-flag_ndc80-2d.csv	PSMs_013_Dsn1-flag_ndc80_cdc15-2.csv	PSMs_014_Dsn1-flag_ndc80-2a_cdc15-2.csv	PSMs_015_Dsn1-flag_ndc80-2d_cdc15-2.csv	PSMs_016_Dsn1-flag.csv	PSMs_017_Dsn1-flag_mps1-1.csv	PSMs_018_ndc80-flag.csv	PSMs_019_ndc80-3flag.csv	PSMs_020_ndc80-flag_pgal-mps1.csv	PSMs_021_ndc80-3flag_pgal-mps1.csv	PSMs_022_dad1-flag.csv	PSMs_023_dad1-flag.csv	PSMs_024_dad1-flag_pgal-mps1.csv	PSMs_025_Nitobe_SCX1_Mtw1-3FLAG.csv	PSMs_025_Nitobe_SCX2_Mtw1-3FLAG.csv	PSMs_025_Nitobe_SCX3_Mtw1-3FLAG.csv	PSMs_025_Nitobe_SCX4_Mtw1-3FLAG.csv	PSMs_025_Nitobe_SCX5_Mtw1-3FLAG.csv	
KRE28	0	0	0	0	0	0	0	0	0	0	0	0	0	0	0	0	0	0	0	0	0	0	0	0	0	0	0	0	0	0	
KRE28	1	0	0	0	0	0	0	0	0	0	0	0	0	2	2	0	0	0	0	0	0	0	0	0	0	0	0	0	0	0	
KRE28	2	0	0	0	0	0	0	0	0	0	0	0	0	2	2	0	0	0	0	0	0	0	0	0	0	0	0	0	0	0	
KRE28	3	0	0	0	0	0	0	0	0	0	0	0	0	2	2	0	0	0	0	0	0	0	0	0	0	0	0	0	0	0	
KRE28	4	0	0	0	0	0	0	0	0	0	0	0	0	2	2	0	0	0	0	0	0	0	0	0	0	0	0	0	0	0	
KRE28	5	0	0	0	0	0	0	0	0	0	0	0	0	2	2	0	0	0	0	0	0	0	0	0	0	0	0	0	0	0	
KRE28	6	0	0	0	0	0	0	0	0	0	0	0	0	2	2	0	0	0	0	0	0	0	0	0	0	0	0	0	0	0	
KRE28	7	0	0	0	0	0	0	0	0	0	0	0	0	2	2	0	0	0	0	0	0	0	0	0	0	0	0	0	0	0	
KRE28	8	0	0	0	0	0	0	0	0	0	0	0	0	2	2	0	0	0	0	0	0	0	0	0	0	0	0	0	0	0	
KRE28	9	0	0	0	0	0	0	0	0	0	0	0	0	2	2	0	0	0	0	0	0	0	0	0	0	0	0	0	0	0	
KRE28	10	0	0	0	0	0	0	0	0	0	0	0	0	0	0	0	0	0	0	0	0	0	0	0	0	2	2	0	0	0	
KRE28	11	0	0	0	0	0	0	0	0	0	0	0	0	0	0	0	0	0	0	0	0	0	0	0	0	2	2	0	0	0	
KRE28	12	0	0	0	0	0	0	0	0	0	0	0	0	0	0	0	0	0	0	0	0	0	0	0	0	2	2	0	0	0	
KRE28	13	0	0	0	0	0	0	0	0	0	0	0	0	0	0	0	0	0	0	0	0	0	0	0	0	2	2	0	0	0	
KRE28	14	0	0	0	0	0	0	0	0	0	0	0	0	0	0	0	0	0	0	0	0	0	0	0	0	2	2	0	0	0	
KRE28	15	0	0	0	0	0	0	0	0	0	0	0	0	0	0	0	0	0	0	0	0	0	0	0	0	2	2	0	0	0	
KRE28	16	0	0	0	0	0	0	0	0	0	0	0	0	0	0	0	0	0	0	0	0	0	0	0	0	2	2	0	0	0	
KRE28	17	0	0	0	0	0	0	0	0	0	0	0	0	0	0	0	0	0	0	0	0	0	0	0	0	2	2	0	0	0	
KRE28	18	0	0	0	0	0	0	0	0	0	0	0	0	0	0	0	0	0	0	0	0	0	0	0	0	2	2	0	0	0	
KRE28	19	0	0	0	0	0	0	0	0	0	0	0	0	0	0	0	0	0	0	0	0	0	0	0	0	2	2	0	0	0	
KRE28	20	0	0	0	0	0	0	0	0	0	0	0	0	0	0	0	0	0	0	0	0	0	0	0	0	2	2	0	0	0	
KRE28	21	0	0	0	0	0	0	0	0	0	0	0	0	0	0	0	0	0	0	0	0	0	0	0	0	2	2	0	0	0	
KRE28	22	0	0	0	0	0	0	0	0	0	0	0	0	0	0	0	0	0	0	0	0	0	0	0	0	2	2	0	0	0	
KRE28	23	0	0	0	0	0	0	0	0	0	0	0	0	0	0	0	0	0	0	0	0	0	0	0	0	2	2	0	0	0	
KRE28	24	0	0	0	0	0	0	0	0	0	0	0	0	0	0	0	0	0	0	0	0	0	0	0	0	2	2	0	0	0	
KRE28	25	0	0	0	0	0	0	0	0	0	0	0	0	0	0	0	0	0	0	0	0	0	0	0	0	2	2	0	0	0	
KRE28	26	0	0	0	0	0	0	0	0	0	0	0	0	0	0	0	0	0	0	0	0	0	0	0	0	2	2	0	0	0	
KRE28	27	0	0	0	0	0	0	0	0	0	0	0	0	0	0	0	0	0	0	0	0	0	0	0	0	2	2	0	0	0	
KRE28	28	0	0	0	0	0	0	0	0	0	0	0	0	0	0	0	0	0	0	0	0	0	0	0	0	2	2	0	0	0	
KRE28	29	0	0	0	0	0	0	0	0	0	0	0	0	0	0	0	0	0	0	0	0	0	0	0	0	2	2	0	0	0	
KRE28	30	0	0	0	0	0	0	0	0	0	0	0	0	0	0	0	0	0	0	0	0	0	0	0	0	2	2	0	0	0	
KRE28	31	0	0	0	0	0	0	0	0	0	0	0	0	0	0	0	0	0	0	0	0	0	0	0	0	2	2	0	0	0	
KRE28	32	0	0	0	0	0	0	0	0	0	0	0	0	0	0	0	0	0	0	0	0	0	0	0	0	2	2	0	0	0	
KRE28	33	0	0	0	0	0	0	0	0	0	0	0	0	0	0	0	0	0	0	0	0	0	0	0	0	2	2	0	0	0	
KRE28	34	0	0	0	0	0	0	0	0	0	0	0	0	0	0	0	0	0	0	0	0	0	0	0	0	2	2	0	0	0	
KRE28	35	0	0	0	0	0	0	0	0	0	0	0	0	0	0	0	0	0	0	0	0	0	0	0	0	2	2	0	0	0	
KRE28	36	0	0	0	0	0	0	0	0	0	0	0	0	0	0	0	0	0	0	0	0	0	0	0	0	2	2	0	0	0	
KRE28	37	0	0	0	0	0	0	2	0	0	0	0	0	6	2	6	0	0	2	14	0	19	0	0	0	0	2	6	4	6	
KRE28	38	0	0	0	0	0	0	2	0	0	0	0	0	6	2	6	0	0	2	14	0	19	0	0	0	0	2	6	4	6	
KRE28	39	0	0	0	0	0	0	2	0	0	0	0	0	8	2	8	0	0	2	22	0	28	0	0	0	7	10	19	11	14	
KRE28	40	0	0	0	0	0	0	2	0	0	0	0	0	8	2	8	0	0	2	22	0	28	0	0	0	7	10	19	11	14	
KRE28	41	0	0	0	0	0	0	2	0	0	0	0	0	8	2	8	0	0	2	22	0	28	0	0	0	7	10	19	11	14	
KRE28	42	0	0	0	0	0	0	2	0	0	0	0	0	8	2	8	0	0	2	22	0	28	0	0	0	7	10	19	11	14	
KRE28	43	0	0	0	0	0	0	2	0	0	0	0	0	8	2	8	0	0	2	22	0	28	0	0	0	7	10	19	11	14	
KRE28	44	0	0	0	0	0	0	2	0	0	0	0	0	8	2	8	0	0	2	22	0	28	0	0	0	7	10	19	11	14	
KRE28	45	0	0	0	0	0	0	2	0	0	0	0	0	8	2	8	0	0	2	22	0	28	0	0	0	7	10	19	11	14	
KRE28	46	0	0	0	0	0	0	2	0	0	0	0	0	8	2	8	0	0	2	22	0	28	0	0	0	7	10	19	11	14	
KRE28	47	0	0	0	0	0	0	2	0	0	0	0	0	8	2	8	0	0	2	22	0	28	0	0	0	7	10	19	11	14	
KRE28	48	0	0	0	0	0	0	2	0	0	0	0	0	8	2	8	0	0	2	22	0	28	0	0	0	7	10	19	11	14	
KRE28	49	0	0	0	0	0	0	2	0	0	0	0	0	8	2	8	0	0	2	22	0	28	0	0	0	7	10	19	11	14	
KRE28	50	0	0	0	0	0	0	2	0	0	0	0	0	8	2	8	0	0	2	22	0	28	0	0	0	7	10	19	11	14	
KRE28	51	0	0	0	0	0	0	2	0	0	0	0	0	8	2	8	0	0	2	22	0	28	0	0	0	7	10	19	11	14	
KRE28	52	0	0	0	0	0	0	2	0	0	0	0	0	8	2	8	0	0	2	22	0	28	0	0	0	7	10	19	11	14	
KRE28	53	0	0	0	0	0	0	2	0	0	0	0	0	8	2	8	0	0	2	22	0	28	0	0	0	7	10	19	11	14	
KRE28	54	0	0	0	0	0	0	2	0	0	0	0	0	8	2	8	0	0	2	22	0	28	0	0	0	7	10	19	11	14	
KRE28	55	0	0	0	0	0	0	2	0	0	0	0	0	8	2	8	0	0	2	22	0	28	0	0	0	7	10	19	11	14	
KRE28	56	0	0	0	0	0	0	2	0	0	0	0	0	8	2	8	0	0	2	22	0	28	0	0	0	7	10	19	11	14	
KRE28	57	0	0	0	0	0	0	0	0	0	0	0	0	7	2	8	0	0	0	16	0	26	0	0	0	2	4	10	5	6	
KRE28	58	0	0	0	0	0	0	0	0	0	0	0	0	7	2	8	0	0	0	16	0	26	0	0	0	2	4	10	5	6	
KRE28	59	0	0	0	0	0	0	0	0	0	0	0	0	7	2	8	0	0	0	16	0	26	0	0	0	2	4	10	5	6	
KRE28	60	0	0	0	0	0	0	0	0	0	0	0	0	7	2	8	0	0	0	16	0	26	0	0	0	2	4	10	5	6	
KRE28	61	0	0	0	0	0	0	0	0	0	0	0	0	7	2	8	0	0	0	16	0	26	0	0	0	2	4	10	5	6	
KRE28	62	0	0	0	0	0	0	0	0	0	0	0	0	7	2	8	0	0	0	16	0	26	0	0	0	2	4	10	5	6	
KRE28	63	0	0	0	0	0	0	0	0	0	0	0	0	6	2	8	0	0	2	15	0	5	0	0	0	3	4	2	3	0	
KRE28	64	0	0	0	0	0	0	0	0	0	0	0	0	6	2	8	0	0	2	15	0	5	0	0	0	3	4	2	3	0	
KRE28	65	0	0	0	0	0	0	0	0	0	0	0	0	6	2	8	0	0	2	15	0	5	0	0	0	3	4	2	3	0	
KRE28	66	0	0	0	0	0	0	0	0	0	0	0	0	6	2	8	0	0	2	15	0	5	0	0	0	3	4	2	3	0	
KRE28	67	0	0	0	0	0	0	0	0	0	0	0	0	6	2	8	0	0	2	15	0	5	0	0	0	3	4	2	3	0	
KRE28	68	0	0	0	0	0	0	0	0	0	0	0	0	6	2	8	0	0	2	15	0	5	0	0	0	3	4	2	3	0	
KRE28	69	0	0	0	0	0	0	0	0	0	0	0	0	6	2	8	0	0	2	15	0	5	0	0	0	3	4	2	3	0	
KRE28	70	0	0	0	0	0	0	0	0	0	0	0	0	6	2	8	0	0	2	15	0	5	0	0	0	3	4	2	3	0	
KRE28	71	0	0	0	0	0	0	0	0	0	0	0	0	6	2	8	0	0	2	15	0	5	0	0	0	3	4	2	3	0	
KRE28	72	0	0	0	0	0	0	0	0	0	0	0	0	6	2	8	0	0	2	15	0	5	0	0	0	3	4	2	3	0	
KRE28	73	0	0	0	0	0	0	2	2	0	0	0	3	8	4	11	0	0	2	7	0	6	0	0	0	2	4	0	0	0	
KRE28	74	0	0	0	0	0	0	2	2	0	0	0	3	8	4	11	0	0	2	7	0	6	0	0	0	2	4	0	0	0	
KRE28	75	0	0	0	0	0	0	2	2	0	0	0	3	8	4	11	0	0	2	7	0	6	0	0	0	2	4	0	0	0	
KRE28	76	0	0	0	0	0	0	2	2	0	0	0	3	8	4	11	0	0	2	7	0	6	0	0	0	2	4	0	0	0	
KRE28	77	0	0	0	0	0	0	2	2	0	0	0	3	8	4	11	0	0	2	7	0	6	0	0	0	2	4	0	0	0	
KRE28	78	0	0	0	0	0	0	2	2	0	0	0	3	8	4	11	0	0	2	7	0	6	0	0	0	2	4	0	0	0	
KRE28	79	0	0	0	0	0	0	2	2	0	0	0	3	8	4	11	0	0	2	7	0	6	0	0	0	2	4	0	0	0	
KRE28	80	0	0	0	0	0	0	0	0	0	0	0	0	0	0	0	0	0	0	0	0	0	0	0	0	0	0	0	0	0	
KRE28	81	0	0	0	0	0	0	0	0	0	0	0	0	0	0	0	0	0	0	0	0	0	0	0	0	0	0	0	0	0	
KRE28	82	0	0	0	0	0	0	0	0	0	0	0	0	0	0	0	0	0	0	0	0	0	0	0	0	0	0	0	0	0	
KRE28	83	0	0	0	0	0	0	0	0	0	0	0	0	0	0	0	0	0	0	0	0	0	0	0	0	0	0	0	0	0	
KRE28	84	0	0	0	0	0	0	0	0	0	0	0	0	0	0	0	0	0	0	0	0	0	0	0	0	0	0	0	0	0	
KRE28	85	0	0	0	0	0	0	0	0	0	0	0	0	0	0	0	0	0	0	0	0	0	0	0	0	0	0	0	0	0	
KRE28	86	0	0	0	0	0	0	0	0	0	0	0	0	0	0	0	0	0	0	0	0	0	0	0	0	0	0	0	0	0	
KRE28	87	0	0	0	0	0	0	0	0	0	0	0	0	0	0	0	0	0	0	0	0	0	0	0	0	0	0	0	0	0	
KRE28	88	0	0	0	0	0	0	0	0	0	0	0	0	0	0	0	0	0	0	0	0	0	0	0	0	0	0	0	0	0	
KRE28	89	0	0	0	0	0	0	0	0	0	0	0	0	0	0	0	0	0	0	0	0	0	0	0	0	0	0	0	0	0	
KRE28	90	0	0	0	0	0	0	0	0	0	0	0	0	0	0	0	0	0	0	0	0	0	0	0	0	0	0	0	0	0	
KRE28	91	0	0	0	0	0	0	0	0	0	0	0	0	0	0	0	0	0	0	0	0	0	0	0	0	0	0	0	0	0	
KRE28	92	0	0	0	0	0	0	0	0	0	0	0	0	0	0	0	0	0	0	0	0	0	0	0	0	0	0	0	0	0	
KRE28	93	0	0	0	0	0	0	0	0	0	0	0	0	0	0	0	0	0	0	0	0	0	0	0	0	0	0	0	0	0	
KRE28	94	0	0	0	0	0	0	0	0	0	0	0	0	0	0	0	0	0	0	0	0	0	0	0	0	0	0	0	0	0	
KRE28	95	0	0	0	0	0	0	0	0	0	0	0	0	0	0	0	0	0	0	0	0	0	0	0	0	0	0	0	0	0	
KRE28	96	0	0	0	0	0	0	0	0	0	0	0	0	0	0	0	0	0	0	0	0	0	0	0	0	0	0	0	0	0	
KRE28	97	0	0	0	0	0	0	0	0	0	0	0	0	0	0	0	0	0	0	0	0	0	0	0	0	9	15	21	6	5	
KRE28	98	0	0	0	0	0	0	0	0	0	0	0	0	0	0	0	0	0	0	0	0	0	0	0	0	9	15	21	6	5	
KRE28	99	0	0	0	0	0	0	0	0	0	0	0	0	0	0	0	0	0	0	0	0	0	0	0	0	9	15	21	6	5	
KRE28	100	0	0	0	0	0	0	0	0	0	0	0	0	0	0	0	0	0	0	0	0	0	0	0	0	9	15	21	6	5	
KRE28	101	0	0	0	0	0	0	0	0	0	0	0	0	0	0	0	0	0	0	0	0	0	0	0	0	9	15	21	6	5	
KRE28	102	0	0	0	0	0	0	0	0	0	0	0	0	0	0	0	0	0	0	0	0	0	0	0	0	9	15	21	6	5	
KRE28	103	0	0	0	0	0	0	0	0	0	0	0	0	0	0	0	0	0	0	0	0	0	0	0	0	9	15	21	6	5	
KRE28	104	0	0	0	0	0	0	0	0	0	0	0	0	0	0	0	0	0	0	0	0	0	0	0	0	9	15	21	6	5	
KRE28	105	0	0	0	0	0	0	0	0	0	0	0	0	0	0	0	0	0	0	0	0	0	0	0	0	9	15	21	6	5	
KRE28	106	0	0	0	0	0	0	0	0	0	0	0	0	0	0	0	0	0	0	0	0	0	0	0	0	9	15	21	6	5	
KRE28	107	0	0	0	0	0	0	0	0	0	0	0	0	0	0	0	0	0	0	0	0	0	0	0	0	9	15	21	6	5	
KRE28	108	0	0	0	0	0	0	0	0	0	0	0	0	0	0	0	0	0	0	0	0	0	0	0	0	9	15	21	6	5	
KRE28	109	0	0	0	0	0	0	0	0	0	0	0	0	0	0	0	0	0	0	0	0	0	0	0	0	9	15	21	6	5	
KRE28	110	0	0	0	0	0	0	0	0	0	0	0	0	0	0	0	0	0	0	0	0	0	0	0	0	9	15	21	6	5	
KRE28	111	0	0	0	0	0	0	0	0	0	0	0	0	2	2	3	2	0	2	31	0	3	0	0	0	4	7	8	4	7	
KRE28	112	0	0	0	0	0	0	0	0	0	0	0	0	2	2	3	2	0	2	31	0	3	0	0	0	4	7	8	4	7	
KRE28	113	0	0	0	0	0	0	0	0	0	0	0	0	2	2	3	2	0	2	31	0	3	0	0	0	4	7	8	4	7	
KRE28	114	0	0	0	0	0	0	0	0	0	0	0	0	2	2	3	2	0	2	31	0	3	0	0	0	4	7	8	4	7	
KRE28	115	0	0	0	0	0	0	0	0	0	0	0	0	2	2	3	2	0	2	31	0	3	0	0	0	4	7	8	4	7	
KRE28	116	0	0	0	0	0	0	0	0	0	0	0	0	2	2	3	2	0	2	31	0	3	0	0	0	4	7	8	4	7	
KRE28	117	0	0	0	0	0	0	0	0	0	0	0	0	2	2	3	2	0	2	31	0	3	0	0	0	4	7	8	4	7	
KRE28	118	0	0	0	0	0	0	0	0	0	0	0	0	2	2	3	2	0	2	31	0	3	0	0	0	4	7	8	4	7	
KRE28	119	0	0	0	0	0	0	0	0	0	0	0	0	2	2	3	2	0	2	31	0	3	0	0	0	4	7	8	4	7	
KRE28	120	0	0	0	0	0	0	0	0	0	0	0	0	2	2	3	2	0	2	31	0	3	0	0	0	4	7	8	4	7	
KRE28	121	0	0	0	0	0	0	0	0	0	0	0	0	2	2	3	2	0	2	31	0	3	0	0	0	4	7	8	4	7	
KRE28	122	0	0	0	0	0	0	0	0	0	0	0	0	2	2	3	2	0	2	31	0	3	0	0	0	4	7	8	4	7	
KRE28	123	0	0	0	0	0	0	0	0	0	0	0	0	2	2	3	2	0	2	31	0	3	0	0	0	4	7	8	4	7	
KRE28	124	0	0	0	0	0	0	0	0	0	0	0	0	2	2	3	2	0	2	31	0	3	0	0	0	4	7	8	4	7	
KRE28	125	0	0	0	0	0	0	0	0	0	0	0	0	2	2	3	2	0	2	31	0	3	0	0	0	4	7	8	4	7	
KRE28	126	0	0	0	0	0	0	0	0	0	0	0	0	2	2	3	2	0	2	31	0	3	0	0	0	4	7	8	4	7	
KRE28	127	0	0	0	0	0	0	0	0	0	0	0	0	2	2	3	2	0	2	31	0	3	0	0	0	4	7	8	4	7	
KRE28	128	0	0	0	0	0	0	0	0	0	0	0	0	2	2	3	2	0	2	31	0	3	0	0	0	4	7	8	4	7	
KRE28	129	0	0	0	0	0	0	0	0	0	0	0	0	2	2	3	2	0	2	31	0	3	0	0	0	4	7	8	4	7	
KRE28	130	0	0	0	0	0	0	0	0	0	0	0	0	2	2	3	2	0	2	31	0	3	0	0	0	4	7	8	4	7	
KRE28	131	0	0	0	0	0	0	0	0	0	0	0	0	2	2	3	2	0	2	31	0	3	0	0	0	4	7	8	4	7	
KRE28	132	0	0	0	0	0	0	0	2	0	0	0	0	5	8	4	6	4	0	0	0	0	0	0	0	0	0	0	0	0	
KRE28	133	0	0	0	0	0	0	0	2	0	0	0	0	5	8	4	6	4	0	0	0	0	0	0	0	0	0	0	0	0	
KRE28	134	0	0	0	0	0	0	0	2	0	0	0	0	5	8	4	6	4	0	0	0	0	0	0	0	0	0	0	0	0	
KRE28	135	0	0	0	0	0	0	0	2	0	0	0	0	5	8	4	6	4	0	0	0	0	0	0	0	0	0	0	0	0	
KRE28	136	0	0	0	0	0	0	12	14	8	5	6	5	46	26	55	10	12	4	12	2	10	0	4	0	6	10	8	6	4	
KRE28	137	0	0	0	0	0	0	12	14	8	5	6	5	46	26	55	10	12	4	12	2	10	0	4	0	6	10	8	6	4	
KRE28	138	0	0	0	0	0	0	12	14	8	5	6	5	46	26	55	10	12	4	12	2	10	0	4	0	6	10	8	6	4	
KRE28	139	0	0	0	0	0	0	12	14	8	5	6	5	46	26	55	10	12	4	12	2	10	0	4	0	6	10	8	6	4	
KRE28	140	0	0	0	0	0	0	12	14	8	5	6	5	46	26	55	10	12	4	12	2	10	0	4	0	6	10	8	6	4	
KRE28	141	0	0	0	0	0	0	12	14	8	5	6	5	46	26	55	10	12	4	12	2	10	0	4	0	9	10	8	6	4	
KRE28	142	0	0	0	0	0	0	12	14	8	5	6	5	46	26	55	10	12	4	12	2	10	0	4	0	9	10	8	6	4	
KRE28	143	0	0	0	0	0	0	12	14	8	5	6	5	46	26	55	10	12	4	12	2	10	0	4	0	9	10	8	6	4	
KRE28	144	0	0	0	0	0	0	12	14	8	5	6	5	46	26	55	10	12	4	12	2	10	0	4	0	9	10	8	6	4	
KRE28	145	0	0	0	0	0	0	12	14	8	5	6	5	46	26	55	10	12	4	12	2	10	0	4	0	9	10	8	6	4	
KRE28	146	0	0	0	0	0	0	12	14	8	5	6	5	46	26	55	10	12	4	12	2	10	0	4	0	9	10	8	6	4	
KRE28	147	0	0	0	0	0	0	12	14	8	5	6	5	46	26	55	10	12	4	12	2	10	0	4	0	9	10	8	6	4	
KRE28	148	0	0	0	0	0	0	12	14	8	5	6	5	46	26	55	10	12	4	12	2	10	0	4	0	9	10	8	6	4	
KRE28	149	0	0	0	0	0	0	12	14	8	5	6	5	46	26	55	10	12	4	12	2	10	0	4	0	9	10	8	6	4	
KRE28	150	0	0	0	0	0	0	12	14	8	5	6	5	46	26	55	10	12	4	12	2	10	0	4	0	9	10	8	6	4	
KRE28	151	0	0	0	0	0	0	8	8	6	3	4	0	64	18	107	7	7	4	62	3	11	0	0	0	0	0	0	0	0	
KRE28	152	0	0	0	0	0	0	8	8	6	3	4	0	64	18	107	7	7	4	62	3	11	0	0	0	0	0	0	0	0	
KRE28	153	0	0	0	0	0	0	8	8	6	3	4	0	64	18	107	7	7	4	62	3	11	0	0	0	0	0	0	0	0	
KRE28	154	0	0	0	0	0	0	8	8	6	3	4	0	64	18	107	7	7	4	62	3	11	0	0	0	0	0	0	0	0	
KRE28	155	0	0	0	0	0	0	8	8	6	3	4	0	64	18	107	7	7	4	62	3	11	0	0	0	0	0	0	0	0	
KRE28	156	0	0	0	0	0	0	10	10	3	3	4	0	62	20	108	3	2	8	67	5	12	0	0	0	7	6	14	5	6	
KRE28	157	0	0	0	0	0	0	10	10	3	3	4	0	62	20	108	3	2	8	67	5	12	0	0	0	7	6	14	5	6	
KRE28	158	0	0	0	0	0	0	10	10	3	3	4	0	62	20	108	3	2	8	67	5	12	0	0	0	7	6	14	5	6	
KRE28	159	0	0	0	0	0	0	10	10	3	3	4	0	62	20	108	3	2	8	67	5	12	0	0	0	7	6	14	5	6	
KRE28	160	0	0	0	0	0	0	10	10	3	3	4	0	62	20	108	3	2	8	67	5	12	0	0	0	7	6	14	5	6	
KRE28	161	0	0	0	0	0	0	10	10	3	3	4	0	62	20	108	3	2	8	67	5	12	0	0	0	7	6	14	5	6	
KRE28	162	0	0	0	0	0	0	10	10	3	3	4	0	62	20	108	3	2	8	67	5	12	0	0	0	7	6	14	5	6	
KRE28	163	0	0	0	0	0	0	10	10	3	3	4	0	62	20	108	3	2	8	67	5	12	0	0	0	7	6	14	5	6	
KRE28	164	0	0	0	0	0	0	10	10	3	3	4	0	62	20	108	3	2	8	67	5	12	0	0	0	7	6	14	5	6	
KRE28	165	0	0	0	0	0	0	10	10	3	3	4	0	62	20	108	3	2	8	67	5	12	0	0	0	7	6	14	5	6	
KRE28	166	0	0	0	0	0	0	10	10	3	3	4	0	62	20	108	3	2	8	67	5	12	0	0	0	7	6	14	5	6	
KRE28	167	0	0	0	0	0	0	10	10	3	3	4	0	62	20	108	3	2	8	67	5	12	0	0	0	7	6	14	5	6	
KRE28	168	0	0	0	0	0	0	10	10	3	3	4	0	62	20	108	3	2	8	67	5	12	0	0	0	7	6	14	5	6	
KRE28	169	0	0	0	0	0	0	0	0	0	0	0	0	0	0	0	0	0	0	0	0	0	0	0	0	0	0	0	0	0	
KRE28	170	0	0	0	0	0	0	0	0	0	0	0	0	0	0	0	0	0	0	0	0	0	0	0	0	0	0	0	0	0	
KRE28	171	0	0	0	0	0	0	0	0	0	0	0	0	0	0	0	0	0	0	0	0	0	0	0	0	0	0	0	0	0	
KRE28	172	0	0	0	0	0	0	0	0	0	0	0	0	0	0	0	0	0	0	0	0	0	0	0	0	0	0	0	0	0	
KRE28	173	0	0	0	0	0	0	0	0	0	0	0	0	0	0	0	0	0	0	0	0	0	0	0	0	0	0	0	0	0	
KRE28	174	0	0	0	0	0	0	0	0	0	0	0	0	0	0	0	0	0	0	0	0	0	0	0	0	0	0	0	0	0	
KRE28	175	0	0	0	0	0	0	0	0	0	0	0	0	0	0	0	0	0	0	0	0	0	0	0	0	0	0	0	0	0	
KRE28	176	0	0	0	0	0	0	0	0	0	0	0	0	0	0	0	0	0	0	0	0	0	0	0	0	0	0	0	0	0	
KRE28	177	0	0	0	0	0	0	0	0	0	0	0	0	0	0	0	0	0	0	0	0	0	0	0	0	0	0	0	0	0	
KRE28	178	0	0	0	0	0	0	0	0	0	0	0	0	0	0	0	0	0	0	0	0	0	0	0	0	0	0	0	0	0	
KRE28	179	0	0	0	0	0	0	0	0	0	0	0	0	0	0	0	0	0	0	0	0	0	0	0	0	0	0	0	0	0	
KRE28	180	0	0	0	0	0	0	0	0	0	0	0	0	0	0	0	0	0	0	0	0	0	0	0	0	0	0	0	0	0	
KRE28	181	0	0	0	0	0	0	0	0	0	0	0	0	0	0	0	0	0	0	0	0	0	0	0	0	0	0	0	0	0	
KRE28	182	0	0	0	0	0	0	0	0	0	0	0	0	0	0	0	0	0	0	0	0	0	0	0	0	0	0	0	0	0	
KRE28	183	0	0	0	0	0	0	0	0	0	0	0	0	0	0	0	0	0	0	0	0	0	0	0	0	0	0	0	0	0	
KRE28	184	0	0	0	0	0	0	0	0	0	0	0	0	0	0	0	0	0	0	0	0	0	0	0	0	0	0	0	0	0	
KRE28	185	0	0	0	0	0	0	0	0	0	0	0	0	0	0	0	0	0	0	0	0	0	0	0	0	0	0	0	0	0	
KRE28	186	0	0	0	0	0	0	0	0	0	0	0	0	0	0	0	0	0	0	0	0	0	0	0	0	0	0	0	0	0	
KRE28	187	0	0	0	0	0	0	0	0	0	0	0	0	0	0	0	0	0	0	0	0	0	0	0	0	0	0	0	0	0	
KRE28	188	0	0	0	0	0	0	0	0	0	0	0	0	0	0	0	0	0	0	0	0	0	0	0	0	0	0	0	0	0	
KRE28	189	0	0	0	0	0	0	0	0	0	0	0	0	0	0	0	0	0	0	0	0	0	0	0	0	0	0	0	0	0	
KRE28	190	0	0	0	0	0	0	0	0	0	0	0	0	0	0	0	0	0	0	0	0	0	0	0	0	0	0	0	0	0	
KRE28	191	0	0	0	0	0	0	0	0	0	0	0	0	0	0	0	0	0	0	0	0	0	0	0	0	0	0	0	0	0	
KRE28	192	0	0	0	0	0	0	0	0	0	0	0	0	0	0	0	0	0	0	0	0	0	0	0	0	0	0	0	0	0	
KRE28	193	0	0	0	0	0	0	0	0	0	0	0	0	0	0	0	0	0	0	0	0	0	0	0	0	0	0	0	0	0	
KRE28	194	0	0	0	0	0	0	0	0	0	0	0	0	0	0	0	0	0	0	0	0	0	0	0	0	0	0	0	0	0	
KRE28	195	0	0	0	0	0	0	2	2	2	0	0	0	5	2	5	0	0	0	0	0	0	0	0	0	2	2	0	0	0	
KRE28	196	0	0	0	0	0	0	2	2	2	0	0	0	5	2	5	0	0	0	0	0	0	0	0	0	2	2	0	0	0	
KRE28	197	0	0	0	0	0	0	2	2	2	0	0	0	5	2	5	0	0	0	0	0	0	0	0	0	2	2	0	0	0	
KRE28	198	0	0	0	0	0	0	2	2	2	0	0	0	5	2	5	0	0	0	0	0	0	0	0	0	2	2	0	0	0	
KRE28	199	0	0	0	0	0	0	2	2	2	0	0	0	5	2	5	0	0	0	0	0	0	0	0	0	2	2	0	0	0	
KRE28	200	0	0	0	0	0	0	2	2	2	0	0	0	7	2	5	0	0	0	2	0	2	0	0	0	2	2	0	0	0	
KRE28	201	0	0	0	0	0	0	2	2	2	0	0	0	7	2	5	0	0	0	2	0	2	0	0	0	2	2	0	0	0	
KRE28	202	0	0	0	0	0	0	2	2	2	0	0	0	7	2	5	0	0	0	2	0	2	0	0	0	2	2	0	0	0	
KRE28	203	0	0	0	0	0	0	2	2	2	0	0	0	11	2	22	0	0	3	27	0	6	0	0	0	2	2	0	0	0	
KRE28	204	0	0	0	0	0	0	2	2	2	0	0	0	11	2	22	0	0	3	27	0	6	0	0	0	2	2	0	0	0	
KRE28	205	0	0	0	0	0	0	2	2	2	0	0	0	11	2	22	0	0	3	27	0	6	0	0	0	2	2	0	0	0	
KRE28	206	0	0	0	0	0	0	2	2	2	0	0	0	11	2	22	0	0	3	27	0	6	0	0	0	2	2	0	0	0	
KRE28	207	0	0	0	0	0	0	2	2	2	0	0	0	11	2	22	0	0	3	27	0	6	0	0	0	2	2	0	0	0	
KRE28	208	0	0	0	0	0	0	2	2	2	0	0	0	11	2	22	0	0	3	27	0	6	0	0	0	2	2	0	0	0	
KRE28	209	0	0	0	0	0	0	0	0	0	0	0	0	6	0	19	0	0	3	48	0	9	0	0	0	7	4	0	0	0	
KRE28	210	0	0	0	0	0	0	0	0	0	0	0	0	6	0	19	0	0	3	48	0	9	0	0	0	7	4	0	0	0	
KRE28	211	0	0	0	0	0	0	0	0	0	0	0	0	6	0	19	0	0	3	48	0	9	0	0	0	7	4	0	0	0	
KRE28	212	0	0	0	0	0	0	0	0	0	0	0	0	6	0	19	0	0	3	48	0	9	0	0	0	7	4	0	0	0	
KRE28	213	0	0	0	0	0	0	0	0	0	0	0	0	6	0	19	0	0	3	48	0	9	0	0	0	7	4	0	0	0	
KRE28	214	0	0	0	0	0	0	0	0	0	0	0	0	6	0	19	0	0	3	48	0	9	0	0	0	7	4	0	0	0	
KRE28	215	0	0	0	0	0	0	0	0	0	0	0	0	6	0	19	0	0	3	48	0	9	0	0	0	7	4	0	0	0	
KRE28	216	0	0	0	0	0	0	0	0	0	0	0	0	6	0	19	0	0	3	48	0	9	0	0	0	7	4	0	0	0	
KRE28	217	0	0	0	0	0	0	0	0	0	0	0	0	6	0	19	0	0	3	48	0	9	0	0	0	7	4	0	0	0	
KRE28	218	0	0	0	0	0	0	0	0	0	0	0	0	6	0	19	0	0	3	48	0	9	0	0	0	7	4	0	0	0	
KRE28	219	0	0	0	0	0	0	0	0	0	0	0	0	6	0	19	0	0	3	48	0	9	0	0	0	7	4	0	0	0	
KRE28	220	0	0	0	0	0	0	0	0	0	0	0	0	6	0	19	0	0	3	48	0	9	0	0	0	7	4	0	0	0	
KRE28	221	0	0	0	0	0	0	0	0	0	0	0	0	6	0	19	0	0	3	48	0	9	0	0	0	7	4	0	0	0	
KRE28	222	0	0	0	0	0	0	0	0	0	0	0	0	6	0	19	0	0	3	48	0	9	0	0	0	7	4	0	0	0	
KRE28	223	0	0	0	0	0	0	0	0	0	0	0	0	6	0	19	0	0	3	48	0	9	0	0	0	7	4	0	0	0	
KRE28	224	0	0	0	0	0	0	0	0	0	0	0	0	6	0	19	0	0	3	48	0	9	0	0	0	7	4	0	0	0	
KRE28	225	0	0	0	0	0	0	0	0	0	0	0	0	6	0	19	0	0	3	48	0	9	0	0	0	7	4	0	0	0	
KRE28	226	0	0	0	0	0	0	0	0	0	0	0	0	6	0	19	0	0	3	48	0	9	0	0	0	7	4	0	0	0	
KRE28	227	0	0	0	0	0	0	0	0	0	0	0	0	6	0	19	0	0	3	48	0	9	0	0	0	7	4	0	0	0	
KRE28	228	0	0	0	0	0	0	0	0	0	0	0	0	6	0	19	0	0	3	48	0	9	0	0	0	7	4	0	0	0	
KRE28	229	0	0	0	0	0	0	0	0	0	0	0	0	6	0	19	0	0	3	48	0	9	0	0	0	7	4	0	0	0	
KRE28	230	0	0	0	0	0	0	0	0	0	0	0	0	6	0	19	0	0	3	48	0	9	0	0	0	7	4	0	0	0	
KRE28	231	0	0	0	0	0	0	22	25	12	4	3	0	15	90	6	3	3	9	0	9	0	2	0	0	0	0	0	0	0	
KRE28	232	0	0	0	0	0	0	22	25	12	4	3	0	15	90	6	3	3	9	0	9	0	2	0	0	0	0	0	0	0	
KRE28	233	0	0	0	0	0	0	22	25	12	4	3	0	15	90	6	3	3	9	0	9	0	2	0	0	0	0	0	0	0	
KRE28	234	0	0	0	0	0	0	22	25	12	4	3	0	15	90	6	3	3	9	0	9	0	2	0	0	0	0	0	0	0	
KRE28	235	0	0	0	0	0	0	22	25	12	4	3	0	15	90	6	3	3	9	0	9	0	2	0	0	0	0	0	0	0	
KRE28	236	0	0	0	0	0	0	22	25	12	4	3	0	15	90	6	3	3	9	0	9	0	2	0	0	0	0	0	0	0	
KRE28	237	0	0	0	0	0	0	20	23	12	4	3	0	13	88	6	3	3	9	0	9	0	2	0	0	0	0	0	0	0	
KRE28	238	0	0	0	0	0	0	20	23	12	4	3	0	13	88	6	3	3	9	0	9	0	2	0	0	0	0	0	0	0	
KRE28	239	0	0	0	0	0	0	20	23	12	4	3	0	13	88	6	3	3	9	0	9	0	2	0	0	0	0	0	0	0	
KRE28	240	0	0	0	0	0	0	20	23	12	4	3	0	13	88	6	3	3	9	0	9	0	2	0	0	0	0	0	0	0	
KRE28	241	0	0	0	0	0	0	0	2	0	0	0	0	0	0	0	0	0	0	0	0	0	0	0	0	0	0	0	0	0	
KRE28	242	0	0	0	0	0	0	0	2	0	0	0	0	0	0	0	0	0	0	0	0	0	0	0	0	0	0	0	0	0	
KRE28	243	0	0	0	0	0	0	0	2	0	0	0	0	0	0	0	0	0	0	0	0	0	0	0	0	0	0	0	0	0	
KRE28	244	0	0	0	0	0	0	4	7	2	0	2	0	17	25	15	0	0	2	0	2	0	0	0	0	0	0	0	0	0	
KRE28	245	0	0	0	0	0	0	4	7	2	0	2	0	17	25	15	0	0	2	0	2	0	0	0	0	0	0	0	0	0	
KRE28	246	0	0	0	0	0	0	4	7	2	0	2	0	17	25	15	0	0	2	0	2	0	0	0	0	0	0	0	0	0	
KRE28	247	0	0	0	0	0	0	6	9	2	0	2	0	25	37	25	0	0	4	0	2	0	0	0	0	0	0	0	0	0	
KRE28	248	0	0	0	0	0	0	6	9	2	0	2	0	25	37	25	0	0	4	0	2	0	0	0	0	0	0	0	0	0	
KRE28	249	0	0	0	0	0	0	6	9	2	0	2	0	25	37	25	0	0	4	0	2	0	0	0	0	0	0	0	0	0	
KRE28	250	0	0	0	0	0	0	6	9	2	0	2	0	25	37	25	0	0	4	0	2	0	0	0	0	0	0	0	0	0	
KRE28	251	0	0	0	0	0	0	6	9	2	0	2	0	25	37	25	0	0	4	0	2	0	0	0	0	0	0	0	0	0	
KRE28	252	0	0	0	0	0	0	6	9	2	0	2	0	25	37	25	0	0	4	0	2	0	0	0	0	0	0	0	0	0	
KRE28	253	0	0	0	0	0	0	6	7	2	0	2	0	23	37	23	0	0	4	0	2	0	0	0	0	0	0	0	0	0	
KRE28	254	0	0	0	0	0	0	6	7	2	0	2	0	23	37	23	0	0	4	0	2	0	0	0	0	0	0	0	0	0	
KRE28	255	0	0	0	0	0	0	6	7	2	0	2	0	23	37	23	0	0	4	0	2	0	0	0	0	0	0	0	0	0	
KRE28	256	0	0	0	0	0	0	6	7	2	0	2	0	23	37	23	0	0	4	0	2	0	0	0	0	0	0	0	0	0	
KRE28	257	0	0	0	0	0	0	6	7	2	0	2	0	23	37	23	0	0	4	0	2	0	0	0	0	0	0	0	0	0	
KRE28	258	0	0	0	0	0	0	0	0	0	0	0	0	0	0	3	0	0	0	0	0	0	0	0	0	0	0	0	0	0	
KRE28	259	0	0	0	0	0	0	0	0	0	0	0	0	0	0	3	0	0	0	0	0	0	0	0	0	0	0	0	0	0	
KRE28	260	0	0	0	0	0	0	0	0	0	0	0	0	0	0	3	0	0	0	0	0	0	0	0	0	0	0	0	0	0	
KRE28	261	0	0	0	0	0	0	0	0	0	0	0	0	0	0	3	0	0	0	0	0	0	0	0	0	0	0	0	0	0	
KRE28	262	0	0	0	0	0	0	0	0	0	0	0	0	0	0	3	0	0	0	0	0	0	0	0	0	0	0	0	0	0	
KRE28	263	0	0	0	0	0	0	0	0	0	0	0	0	0	0	3	0	0	0	0	0	0	0	0	0	0	0	0	0	0	
KRE28	264	0	0	0	0	0	0	0	0	0	0	0	0	0	0	3	0	0	0	0	0	2	0	0	0	6	2	4	3	4	
KRE28	265	0	0	0	0	0	0	0	0	0	0	0	0	0	0	2	0	0	0	3	0	2	0	0	0	10	6	9	5	6	
KRE28	266	0	0	0	0	0	0	0	0	0	0	0	0	0	0	2	0	0	0	3	0	2	0	0	0	10	6	9	5	6	
KRE28	267	0	0	0	0	0	0	0	0	0	0	0	0	0	0	2	0	0	0	3	0	2	0	0	0	10	6	9	5	6	
KRE28	268	0	0	0	0	0	0	0	0	0	0	0	0	0	0	2	0	0	0	3	0	2	0	0	0	10	6	9	5	6	
KRE28	269	0	0	0	0	0	0	0	0	0	0	0	0	0	0	2	0	0	0	3	0	2	0	0	0	10	6	9	5	6	
KRE28	270	0	0	0	0	0	0	0	0	0	0	0	0	0	0	2	0	0	0	3	0	2	0	0	0	10	6	9	5	6	
KRE28	271	0	0	0	0	0	0	0	0	0	0	0	0	0	0	2	0	0	0	3	0	2	0	0	0	10	6	9	5	6	
KRE28	272	0	0	0	0	0	0	0	0	0	0	0	0	0	0	2	0	0	0	3	0	2	0	0	0	10	6	9	5	6	
KRE28	273	0	0	0	0	0	0	0	0	0	0	0	0	0	0	2	0	0	0	3	0	2	0	0	0	10	6	9	5	6	
KRE28	274	0	0	0	0	0	0	0	0	0	0	0	0	0	0	2	0	0	0	3	0	2	0	0	0	10	6	9	5	6	
KRE28	275	0	0	0	0	0	0	0	0	0	0	0	0	0	0	2	0	0	0	3	0	2	0	0	0	10	6	9	5	6	
KRE28	276	0	0	0	0	0	0	0	0	0	0	0	0	0	0	2	0	0	0	3	0	2	0	0	0	10	6	9	5	6	
KRE28	277	0	0	0	0	0	0	0	0	0	0	0	0	0	0	2	0	0	0	3	0	2	0	0	0	10	6	9	5	6	
KRE28	278	0	0	0	0	0	0	0	0	0	0	0	0	0	0	2	0	0	0	3	0	2	0	0	0	10	6	9	5	6	
KRE28	279	0	0	0	0	0	0	0	0	0	0	0	0	0	0	2	0	0	0	3	0	2	0	0	0	10	6	9	5	6	
KRE28	280	0	0	0	0	0	0	0	0	0	0	0	0	0	0	2	0	0	0	3	0	2	0	0	0	10	6	9	5	6	
KRE28	281	0	0	0	0	0	0	0	0	0	0	0	0	0	0	2	0	0	0	3	0	2	0	0	0	10	6	9	5	6	
KRE28	282	0	0	0	0	0	0	0	0	0	0	0	0	0	0	2	0	0	0	3	0	2	0	0	0	10	6	9	5	6	
KRE28	283	0	0	0	0	0	0	0	0	0	0	0	0	0	0	2	0	0	0	3	0	2	0	0	0	10	6	9	5	6	
KRE28	284	0	0	0	0	0	0	0	0	0	0	0	0	0	0	2	0	0	0	3	0	2	0	0	0	10	6	9	5	6	
KRE28	285	0	0	0	0	0	0	0	0	0	0	0	0	0	0	2	0	0	0	3	0	2	0	0	0	10	6	9	5	6	
KRE28	286	0	0	0	0	0	0	0	0	0	0	0	0	0	0	2	0	0	0	3	0	2	0	0	0	10	6	9	5	6	
KRE28	287	0	0	0	0	0	0	0	0	0	0	0	0	0	0	2	0	0	0	0	0	0	0	0	0	0	0	0	0	0	
KRE28	288	0	0	0	0	0	0	0	0	0	0	0	0	0	0	2	0	0	0	0	0	0	0	0	0	0	0	0	0	0	
KRE28	289	0	0	0	0	0	0	0	0	0	0	0	0	0	0	2	0	0	0	0	0	0	0	0	0	0	0	0	0	0	
KRE28	290	0	0	0	0	0	0	0	0	0	0	0	0	0	0	2	0	0	0	0	0	0	0	0	0	0	0	0	0	0	
KRE28	291	0	0	0	0	0	0	0	0	0	0	0	0	0	0	2	0	0	0	0	0	0	0	0	0	0	0	0	0	0	
KRE28	292	0	0	0	0	0	0	0	0	0	0	0	0	0	0	2	0	0	0	0	0	0	0	0	0	0	0	0	0	0	
KRE28	293	0	0	0	0	0	0	0	0	0	0	0	0	0	0	2	0	0	0	0	0	0	0	0	0	0	0	0	0	0	
KRE28	294	0	0	0	0	0	0	0	0	0	0	0	0	0	0	2	0	0	0	0	0	0	0	0	0	0	0	0	0	0	
KRE28	295	0	0	0	0	0	0	0	0	0	0	0	0	0	0	2	0	0	0	0	0	0	0	0	0	0	0	0	0	0	
KRE28	296	0	0	0	0	0	0	0	0	0	0	0	0	0	0	0	0	0	0	0	0	0	0	0	0	0	0	0	0	0	
KRE28	297	0	0	0	0	0	0	0	0	0	0	0	0	0	0	0	0	0	0	0	0	0	0	0	0	0	0	0	0	0	
KRE28	298	0	0	0	0	0	0	0	0	0	0	0	0	0	0	0	0	0	0	0	0	0	0	0	0	0	0	0	0	0	
KRE28	299	0	0	0	0	0	0	0	0	0	0	0	0	0	0	0	0	0	0	0	0	0	0	0	0	3	2	3	2	0	
KRE28	300	0	0	0	0	0	0	0	0	0	0	0	0	0	0	0	0	0	0	0	0	0	0	0	0	3	2	3	2	0	
KRE28	301	0	0	0	0	0	0	0	0	0	0	0	0	0	0	0	0	0	0	0	0	0	0	0	0	3	2	3	2	0	
KRE28	302	0	0	0	0	0	0	0	0	0	0	0	0	0	0	0	0	0	0	0	0	0	0	0	0	3	2	3	2	0	
KRE28	303	0	0	0	0	0	0	0	0	0	0	0	0	0	0	0	0	0	0	0	0	0	0	0	0	3	2	3	2	0	
KRE28	304	0	0	0	0	0	0	0	0	0	0	0	0	0	0	0	0	0	0	0	0	0	0	0	0	3	2	3	2	0	
KRE28	305	0	0	0	0	0	0	0	0	0	0	0	0	0	0	0	0	0	0	0	0	0	0	0	0	3	2	3	2	0	
KRE28	306	0	0	0	0	0	0	0	0	0	0	0	0	0	0	0	0	0	0	0	0	0	0	0	0	3	2	3	2	0	
KRE28	307	0	0	0	0	0	0	0	0	0	0	0	0	0	0	0	0	0	0	0	0	0	0	0	0	3	2	3	2	0	
KRE28	308	0	0	0	0	0	0	0	0	0	0	0	0	0	0	0	0	0	0	0	0	0	0	0	0	3	2	3	2	0	
KRE28	309	0	0	0	0	0	0	0	0	0	0	0	0	0	0	0	0	0	0	0	0	0	0	0	0	3	2	3	2	0	
KRE28	310	0	0	0	0	0	0	0	0	0	0	0	0	0	0	0	0	0	0	0	0	0	0	0	0	3	2	3	2	0	
KRE28	311	0	0	0	0	0	0	0	0	0	0	0	0	0	0	0	0	0	0	0	0	0	0	0	0	3	2	3	2	0	
KRE28	312	0	0	0	0	0	0	0	0	0	0	0	0	0	0	0	0	0	0	0	0	0	0	0	0	3	2	3	2	0	
KRE28	313	0	0	0	0	0	0	0	0	0	0	0	0	0	0	0	0	0	0	0	0	0	0	0	0	0	0	0	0	0	
KRE28	314	0	0	0	0	0	0	0	0	0	0	0	0	0	0	0	0	0	0	0	0	0	0	0	0	0	0	0	0	0	
KRE28	315	0	0	0	0	0	0	0	0	0	0	0	0	0	0	0	0	0	0	0	0	0	0	0	0	0	0	0	0	0	
KRE28	316	0	0	0	0	0	0	0	0	0	0	0	0	0	0	0	0	0	0	0	0	0	0	0	0	0	0	0	0	0	
KRE28	317	0	0	0	0	0	0	0	0	0	0	0	0	0	0	0	0	0	0	0	0	0	0	0	0	0	0	0	0	0	
KRE28	318	0	0	0	0	0	0	0	0	0	0	0	0	0	0	0	0	0	0	0	0	0	0	0	0	0	0	0	0	0	
KRE28	319	0	0	0	0	0	0	0	0	0	0	0	0	0	0	0	0	0	0	0	0	0	0	0	0	3	2	0	0	0	
KRE28	320	0	0	0	0	0	0	0	0	0	0	0	0	0	0	0	0	0	0	0	0	0	0	0	0	3	2	0	0	0	
KRE28	321	0	0	0	0	0	0	0	0	0	0	0	0	0	0	0	0	0	0	0	0	0	0	0	0	3	2	0	0	0	
KRE28	322	0	0	0	0	0	0	0	0	0	0	0	0	0	0	0	0	0	0	0	0	0	0	0	0	3	2	0	0	0	
KRE28	323	0	0	0	0	0	0	0	0	0	0	0	0	0	0	0	0	0	0	0	0	0	0	0	0	3	2	0	0	0	
KRE28	324	0	0	0	0	0	0	0	0	0	0	0	0	0	0	0	0	0	0	0	0	0	0	0	0	3	2	0	0	0	
KRE28	325	0	0	0	0	0	0	0	0	0	0	0	0	0	0	0	0	0	0	0	0	0	0	0	0	3	2	0	0	0	
KRE28	326	0	0	0	0	0	0	0	0	0	0	0	0	0	0	0	0	0	0	0	0	0	0	0	0	3	2	0	0	0	
KRE28	327	0	0	0	0	0	0	0	0	0	0	0	0	0	0	0	0	0	0	0	0	0	0	0	0	3	2	0	0	0	
KRE28	328	0	0	0	0	0	0	0	0	0	0	0	0	0	0	0	0	0	0	0	0	0	0	0	0	3	2	0	0	0	
KRE28	329	0	0	0	0	0	0	0	0	0	0	0	0	0	0	0	0	0	0	0	0	0	0	0	0	3	2	0	0	0	
KRE28	330	0	0	0	0	0	0	0	0	0	0	0	0	0	0	0	0	0	0	0	0	0	0	0	0	3	2	0	0	0	
KRE28	331	0	0	0	0	0	0	0	0	0	0	0	0	0	0	0	0	0	0	0	0	0	0	0	0	3	2	0	0	0	
KRE28	332	0	0	0	0	0	0	0	0	0	0	0	0	0	0	0	0	0	0	0	0	0	0	0	0	3	2	0	0	0	
KRE28	333	0	0	0	0	0	0	0	0	0	0	0	0	0	0	2	0	0	0	0	0	0	0	0	0	0	0	0	0	0	
KRE28	334	0	0	0	0	0	0	0	0	0	0	0	0	0	0	2	0	0	0	0	0	0	0	0	0	0	0	0	0	0	
KRE28	335	0	0	0	0	0	0	0	0	0	0	0	0	0	0	2	0	0	0	0	0	0	0	0	0	0	0	0	0	0	
KRE28	336	0	0	0	0	0	0	0	0	0	0	0	0	0	0	2	0	0	0	0	0	0	0	0	0	0	0	0	0	0	
KRE28	337	0	0	0	0	0	0	0	0	0	0	0	0	0	0	2	0	0	0	0	0	0	0	0	0	0	0	0	0	0	
KRE28	338	0	0	0	0	0	0	0	0	0	0	0	0	0	0	2	0	0	0	0	0	0	0	0	0	0	0	0	0	0	
KRE28	339	0	0	0	0	0	0	0	0	0	0	0	0	0	0	2	0	0	0	0	0	0	0	0	0	0	0	0	0	0	
KRE28	340	0	0	0	0	0	0	0	0	0	0	0	0	0	0	2	0	0	0	0	0	0	0	0	0	0	0	0	0	0	
KRE28	341	0	0	0	0	0	0	0	0	0	0	0	0	0	0	2	0	0	0	0	0	0	0	0	0	0	0	0	0	0	
KRE28	342	0	0	0	0	0	0	0	0	0	0	0	0	0	0	2	0	0	0	0	0	0	0	0	0	0	0	0	0	0	
KRE28	343	0	0	0	0	0	0	0	0	0	0	0	0	0	0	2	0	0	0	0	0	0	0	0	0	0	0	0	0	0	
KRE28	344	0	0	0	0	0	0	0	0	0	0	0	0	0	0	2	0	0	0	0	0	0	0	0	0	0	0	0	0	0	
KRE28	345	0	0	0	4	0	0	12	8	0	4	4	2	20	19	22	4	4	4	11	4	6	0	0	0	5	4	3	2	0	
KRE28	346	0	0	0	4	0	0	12	8	0	4	4	2	20	19	22	4	4	4	11	4	6	0	0	0	5	4	3	2	0	
KRE28	347	0	0	0	4	0	0	12	8	0	4	4	2	20	19	22	4	4	4	11	4	6	0	0	0	5	4	3	2	0	
KRE28	348	0	0	0	4	0	0	12	8	0	4	4	2	20	19	22	4	4	4	11	4	6	0	0	0	5	4	3	2	0	
KRE28	349	0	0	0	4	0	0	12	8	0	4	4	2	20	19	22	4	4	4	11	4	6	0	0	0	5	4	3	2	0	
KRE28	350	0	0	0	4	0	0	12	8	0	4	4	2	20	19	22	4	4	4	11	4	6	0	0	0	5	4	3	2	0	
KRE28	351	0	0	0	4	0	0	12	8	0	4	4	2	20	19	22	4	4	4	11	4	6	0	0	0	5	4	3	2	0	
KRE28	352	0	0	0	4	0	0	12	8	0	4	4	2	20	19	22	4	4	4	11	4	6	0	0	0	5	4	3	2	0	
KRE28	353	0	0	0	4	0	0	12	8	0	4	4	2	20	19	22	4	4	4	11	4	6	0	0	0	5	4	3	2	0	
KRE28	354	0	0	0	4	0	0	12	8	0	4	4	2	20	19	22	4	4	4	11	4	6	0	0	0	5	4	3	2	0	
KRE28	355	0	0	0	4	0	0	12	8	0	4	4	2	20	19	22	4	4	4	11	4	6	0	0	0	5	4	3	2	0	
KRE28	356	0	0	0	4	0	0	12	8	0	4	4	2	20	19	22	4	4	4	11	4	6	0	0	0	5	4	3	2	0	
KRE28	357	0	0	0	4	0	0	12	8	0	4	4	2	20	19	22	4	4	4	11	4	6	0	0	0	5	4	3	2	0	
KRE28	358	0	0	0	4	0	0	12	8	0	4	4	2	20	19	22	4	4	4	11	4	6	0	0	0	5	4	3	2	0	
KRE28	359	0	0	0	0	0	0	7	5	0	2	2	0	11	15	12	4	4	2	0	4	0	0	0	0	0	0	0	0	0	
KRE28	360	0	0	0	0	0	0	7	5	0	2	2	0	11	15	12	4	4	2	0	4	0	0	0	0	0	0	0	0	0	
KRE28	361	0	0	0	0	0	0	7	5	0	2	2	0	11	15	12	4	4	2	0	4	0	0	0	0	0	0	0	0	0	
KRE28	362	0	0	0	0	0	0	7	5	0	2	2	0	11	15	12	4	4	2	0	4	0	0	0	0	0	0	0	0	0	
KRE28	363	0	0	0	0	0	0	5	5	0	2	2	0	8	12	6	4	4	2	0	4	0	0	0	0	0	0	0	0	0	
KRE28	364	0	0	0	0	0	0	5	5	0	2	2	0	8	12	6	4	4	2	0	4	0	0	0	0	0	0	0	0	0	
KRE28	365	0	0	0	0	0	0	0	0	0	0	0	0	0	0	0	0	0	0	0	0	0	0	0	0	0	0	0	0	0	
KRE28	366	0	0	0	0	0	0	0	0	0	0	0	0	0	0	0	0	0	0	0	0	0	0	0	0	0	0	0	0	0	
KRE28	367	0	0	0	0	0	0	0	0	0	0	0	0	0	0	0	0	0	0	0	0	0	0	0	0	0	0	0	0	0	
KRE28	368	0	0	0	0	0	0	0	0	0	0	0	0	0	0	0	0	0	0	0	0	0	0	0	0	0	0	0	0	0	
KRE28	369	0	0	0	0	0	0	0	0	0	0	0	0	0	0	0	0	0	0	12	0	8	0	2	0	27	8	3	0	0	
KRE28	370	0	0	0	0	0	0	0	0	0	0	0	0	0	0	0	0	0	0	12	0	8	0	2	0	27	8	3	0	0	
KRE28	371	0	0	0	0	0	0	0	0	0	0	0	0	0	0	0	0	0	0	12	0	8	0	2	0	27	8	3	0	0	
KRE28	372	0	0	0	0	0	0	0	0	0	0	0	0	0	0	0	0	0	0	12	0	8	0	2	0	27	8	3	0	0	
KRE28	373	0	0	0	0	0	0	0	0	0	0	0	0	0	0	0	0	0	0	12	0	8	0	2	0	27	8	3	0	0	
KRE28	374	0	0	0	0	0	0	0	0	0	0	0	0	0	0	0	0	0	0	12	0	8	0	2	0	27	8	3	0	0	
KRE28	375	0	0	0	0	0	0	0	0	0	0	0	0	0	0	0	0	0	0	12	0	8	0	2	0	27	8	3	0	0	
KRE28	376	0	0	0	0	0	0	0	0	0	0	0	0	0	0	0	0	0	0	12	0	8	0	2	0	27	8	3	0	0	
KRE28	377	0	0	0	0	0	0	0	0	0	0	0	0	0	0	0	0	0	0	12	0	8	0	2	0	27	8	3	0	0	
KRE28	378	0	0	0	0	0	0	0	0	0	0	0	0	0	0	0	0	0	0	12	0	8	0	2	0	27	8	3	0	0	
KRE28	379	0	0	0	0	0	0	0	0	0	0	0	0	0	0	0	0	0	0	12	0	8	0	2	0	27	8	3	0	0	
KRE28	380	0	0	0	0	0	0	0	0	0	0	0	0	0	0	0	0	0	0	12	0	8	0	2	0	27	8	3	0	0	
KRE28	381	0	0	0	0	0	0	0	0	0	0	0	0	0	0	0	0	0	0	12	0	8	0	2	0	27	8	3	0	0	
KRE28	382	0	0	0	0	0	0	0	0	0	0	0	0	0	0	0	0	0	0	12	0	8	0	2	0	27	8	3	0	0	
KRE28	383	0	0	0	0	0	0	0	0	0	0	0	0	0	0	0	0	0	0	12	0	8	0	2	0	27	8	3	0	0	
KRE28	384	0	0	0	0	0	0	0	0	0	0	0	0	0	0	0	0	0	0	12	0	8	0	2	0	27	8	3	0	0	
KRE28	385	0	0	0	0	0	0	0	0	0	0	0	0	0	0	0	0	0	0	12	0	8	0	2	0	27	8	3	0	0	
