protein	site	PSMs_001_Stu1-3FLAG_DMSO.csv	PSMs_002_Stu1-3FLAG_Cdc200-AID.csv	PSMs_003_Stu1-3FLAG_Benomyl.csv	PSMs_004_Stu1FLAG_Bub1V5_double_step_IP.csv	PSMs_005_Stu1_TOG1del_cutout_1.csv	PSMs_006_Stu1_TOG1del_cutout_2.csv	PSMs_007_Dsn1-flag.csv	PSMs_008_Dsn1-flag_mps1-1.csv	PSMs_009_Dsn1-flag_pgal-mps1.csv	PSMs_010_Dsn1-flag_ndc80.csv	PSMs_011_Dsn1-flag_ndc80-2a.csv	PSMs_012_Dsn1-flag_ndc80-2d.csv	PSMs_013_Dsn1-flag_ndc80_cdc15-2.csv	PSMs_014_Dsn1-flag_ndc80-2a_cdc15-2.csv	PSMs_015_Dsn1-flag_ndc80-2d_cdc15-2.csv	PSMs_016_Dsn1-flag.csv	PSMs_017_Dsn1-flag_mps1-1.csv	PSMs_018_ndc80-flag.csv	PSMs_019_ndc80-3flag.csv	PSMs_020_ndc80-flag_pgal-mps1.csv	PSMs_021_ndc80-3flag_pgal-mps1.csv	PSMs_022_dad1-flag.csv	PSMs_023_dad1-flag.csv	PSMs_024_dad1-flag_pgal-mps1.csv	PSMs_025_Nitobe_SCX1_Mtw1-3FLAG.csv	PSMs_025_Nitobe_SCX2_Mtw1-3FLAG.csv	PSMs_025_Nitobe_SCX3_Mtw1-3FLAG.csv	PSMs_025_Nitobe_SCX4_Mtw1-3FLAG.csv	PSMs_025_Nitobe_SCX5_Mtw1-3FLAG.csv	
MCM21	0	0	0	0	0	0	0	0	0	0	0	0	0	0	0	0	0	0	0	0	0	0	0	0	0	0	0	0	0	0	
MCM21	1	0	0	0	0	0	0	0	0	0	0	0	0	0	0	0	0	0	0	0	0	0	0	0	0	0	0	0	0	0	
MCM21	2	0	0	0	0	0	0	0	0	0	0	0	0	0	0	0	0	0	0	0	0	0	0	0	0	0	0	0	0	0	
MCM21	3	0	0	0	0	0	0	0	0	0	0	0	0	0	0	0	0	0	0	0	0	0	0	0	0	0	0	0	0	0	
MCM21	4	0	0	0	0	0	0	0	0	0	0	0	0	0	0	0	0	0	0	2	0	2	0	0	0	0	0	0	2	0	
MCM21	5	0	0	0	0	0	0	0	0	0	0	0	0	0	0	0	0	0	0	2	0	2	0	0	0	0	0	0	2	0	
MCM21	6	0	0	0	0	0	0	0	0	0	0	0	0	0	0	0	0	0	0	2	0	2	0	0	0	0	0	0	2	0	
MCM21	7	0	0	0	0	0	0	0	0	0	0	0	0	0	0	0	0	0	0	2	0	2	0	0	0	0	0	0	2	0	
MCM21	8	0	0	0	0	0	0	0	0	0	0	0	0	0	0	0	0	0	0	2	0	2	0	0	0	0	0	0	2	0	
MCM21	9	0	0	0	0	0	0	0	0	0	0	0	0	0	0	0	0	0	0	2	0	2	0	0	0	0	0	0	2	0	
MCM21	10	0	0	0	0	0	0	0	0	0	0	0	0	0	0	0	0	0	0	2	0	2	0	0	0	0	0	0	2	0	
MCM21	11	0	0	0	0	0	0	0	0	0	0	0	0	0	0	0	0	0	0	2	0	2	0	0	0	0	0	0	2	0	
MCM21	12	0	0	0	0	0	0	0	0	0	0	0	0	0	0	0	0	0	0	2	0	2	0	0	0	0	0	0	2	0	
MCM21	13	0	0	0	0	0	0	0	0	0	0	0	0	0	0	0	0	0	0	2	0	2	0	0	0	0	0	0	2	0	
MCM21	14	0	0	0	0	0	0	0	0	0	0	0	0	0	0	0	0	0	0	2	0	2	0	0	0	0	0	0	2	0	
MCM21	15	0	0	0	0	0	0	0	0	0	0	0	0	0	0	0	0	0	0	2	0	2	0	0	0	0	0	0	2	0	
MCM21	16	0	0	0	0	0	0	0	0	0	0	0	0	0	0	0	0	0	0	2	0	2	0	0	0	0	0	0	2	0	
MCM21	17	0	0	0	0	0	0	0	0	0	0	0	0	0	0	0	0	0	0	2	0	2	0	0	0	0	0	0	2	0	
MCM21	18	0	0	0	0	0	0	0	0	0	0	0	0	0	0	0	0	0	0	2	0	2	0	0	0	0	0	0	2	0	
MCM21	19	0	0	0	0	0	0	0	0	0	0	0	0	0	0	0	0	0	0	2	0	2	0	0	0	0	0	0	2	0	
MCM21	20	0	0	0	0	0	0	0	0	0	0	0	0	0	0	0	0	0	0	2	0	2	0	0	0	0	0	0	2	0	
MCM21	21	0	0	0	0	0	0	0	0	0	0	0	0	0	0	0	0	0	0	2	0	2	0	0	0	0	0	0	2	0	
MCM21	22	0	0	0	0	0	0	0	0	0	0	0	0	0	0	0	0	0	0	2	0	2	0	0	0	0	0	0	2	0	
MCM21	23	0	0	0	0	0	0	0	0	0	0	0	0	0	0	0	0	0	0	2	0	2	0	0	0	0	0	0	2	0	
MCM21	24	0	0	0	0	0	0	0	0	0	0	0	0	0	0	0	0	0	0	2	0	2	0	0	0	0	0	0	2	0	
MCM21	25	0	0	0	0	0	0	0	0	0	0	0	0	0	0	0	0	0	0	2	0	2	0	0	0	0	0	0	2	0	
MCM21	26	0	0	0	0	0	0	0	0	0	0	0	0	0	0	0	0	0	0	0	0	0	0	0	0	0	0	0	0	0	
MCM21	27	0	0	0	0	0	0	0	0	0	0	0	0	0	0	0	0	0	0	0	0	0	0	0	0	0	0	0	0	0	
MCM21	28	0	0	0	0	0	0	0	0	0	0	0	0	0	0	0	0	0	0	0	0	0	0	0	0	0	0	0	0	0	
MCM21	29	0	0	0	0	0	0	0	0	0	0	0	0	0	0	0	0	0	0	0	0	0	0	0	0	0	0	0	0	0	
MCM21	30	0	0	0	0	0	0	0	0	0	0	0	0	0	0	0	0	0	0	0	0	0	0	0	0	0	0	0	0	0	
MCM21	31	0	0	0	0	0	0	0	0	0	0	0	0	0	0	0	0	0	0	0	0	0	0	0	0	0	0	0	0	0	
MCM21	32	0	0	0	0	0	0	0	0	0	0	0	0	0	0	0	0	0	0	0	0	0	0	0	0	0	0	0	0	0	
MCM21	33	0	0	0	0	0	0	0	0	0	0	0	0	0	0	0	0	0	0	0	0	0	0	0	0	0	0	0	0	0	
MCM21	34	0	0	0	0	0	0	0	0	0	0	0	0	0	0	0	0	0	0	0	0	0	0	0	0	0	0	0	0	0	
MCM21	35	0	0	0	0	0	0	0	0	0	0	0	0	0	0	0	0	0	0	0	0	0	0	0	0	0	0	0	0	0	
MCM21	36	0	0	0	0	0	0	0	0	0	0	0	0	0	0	0	0	0	0	0	0	0	0	0	0	0	0	0	0	0	
MCM21	37	0	0	0	0	0	0	0	0	0	0	0	0	0	0	0	0	0	0	0	0	0	0	0	0	0	0	0	0	0	
MCM21	38	0	0	0	0	0	0	0	0	0	0	0	0	0	0	0	0	0	0	0	0	0	0	0	0	0	0	0	0	0	
MCM21	39	0	0	0	0	0	0	0	0	0	0	0	0	0	0	0	0	0	0	0	0	0	0	0	0	0	0	0	0	0	
MCM21	40	0	0	0	0	0	0	0	0	0	0	0	0	0	0	0	0	0	0	0	0	0	0	0	0	0	0	0	0	0	
MCM21	41	0	0	0	0	0	0	0	0	0	0	0	0	0	0	0	0	0	0	0	0	0	0	0	0	0	0	0	0	0	
MCM21	42	0	0	0	0	0	0	0	0	0	0	0	0	0	0	0	0	0	0	0	0	0	0	0	0	0	0	0	0	0	
MCM21	43	0	0	0	0	0	0	0	0	0	0	0	0	0	0	0	0	0	0	0	0	0	0	0	0	0	0	0	0	0	
MCM21	44	0	0	0	0	0	0	0	0	0	0	0	0	0	0	0	0	0	0	0	0	0	0	0	0	0	0	0	0	0	
MCM21	45	0	0	0	0	0	0	0	0	0	0	0	0	0	0	0	0	0	0	0	0	0	0	0	0	0	0	0	0	0	
MCM21	46	0	0	0	0	0	0	0	0	0	0	0	0	0	0	0	0	0	0	0	0	0	0	0	0	0	0	0	0	0	
MCM21	47	0	0	0	0	0	0	0	0	0	0	0	0	0	0	0	0	0	0	0	0	0	0	0	0	0	0	0	0	0	
MCM21	48	0	0	0	0	0	0	0	0	0	0	0	0	0	0	0	0	0	0	0	0	0	0	0	0	0	0	0	0	0	
MCM21	49	0	0	0	0	0	0	0	0	0	0	0	0	0	0	0	0	0	0	0	0	0	0	0	0	0	0	0	0	0	
MCM21	50	0	0	0	0	0	0	0	0	0	0	0	0	0	0	0	0	0	0	0	0	0	0	0	0	0	0	0	0	0	
MCM21	51	0	0	0	0	0	0	0	0	0	0	0	0	0	0	0	0	0	0	0	0	0	0	0	0	0	0	0	0	0	
MCM21	52	0	0	0	0	0	0	0	0	0	0	0	0	0	0	0	0	0	0	0	0	0	0	0	0	0	0	0	0	0	
MCM21	53	0	0	0	0	0	0	0	0	0	0	0	0	0	0	0	0	0	0	0	0	0	0	0	0	0	0	0	0	0	
MCM21	54	0	0	0	0	0	0	0	0	0	0	0	0	0	0	0	0	0	0	0	0	0	0	0	0	0	0	0	0	0	
MCM21	55	0	0	0	0	0	0	0	0	0	0	0	0	0	0	0	0	0	0	0	0	0	0	0	0	0	0	0	0	0	
MCM21	56	0	0	0	0	0	0	0	0	0	0	0	0	0	0	0	0	0	0	0	0	0	0	0	0	0	0	0	0	0	
MCM21	57	0	0	0	0	0	0	0	0	0	0	0	0	0	0	0	0	0	0	0	0	0	0	0	0	0	0	0	0	0	
MCM21	58	0	0	0	0	0	0	0	0	0	0	0	0	0	0	0	0	0	0	0	0	0	0	0	0	0	0	0	0	0	
MCM21	59	0	0	0	0	0	0	0	0	0	0	0	0	0	0	0	0	0	0	0	0	0	0	0	0	0	0	0	0	0	
MCM21	60	0	0	0	0	0	0	0	0	0	0	0	0	0	0	0	0	0	0	0	0	0	0	0	0	0	0	0	0	0	
MCM21	61	0	0	0	0	0	0	0	0	0	0	0	0	0	0	0	0	0	0	0	0	0	0	0	0	0	0	0	0	0	
MCM21	62	0	0	0	0	0	0	0	0	0	0	0	0	0	0	0	0	0	0	0	0	0	0	0	0	0	0	0	0	0	
MCM21	63	0	0	0	0	0	0	0	0	0	0	0	0	0	0	0	0	0	0	0	0	0	0	0	0	0	0	0	0	0	
MCM21	64	0	0	0	0	0	0	0	0	0	0	0	0	0	0	0	0	0	0	0	0	0	0	0	0	0	0	0	0	0	
MCM21	65	0	0	0	0	0	0	0	0	0	0	0	0	0	0	0	0	0	0	0	0	0	0	0	0	0	0	0	0	0	
MCM21	66	0	0	0	0	0	0	0	0	0	0	0	0	0	0	0	0	0	0	0	0	0	0	0	0	0	0	0	0	0	
MCM21	67	0	0	0	0	0	0	0	0	0	0	0	0	0	0	0	0	0	0	0	0	0	0	0	0	0	0	0	0	0	
MCM21	68	0	0	0	0	0	0	0	0	0	0	0	0	0	0	0	0	0	0	0	0	0	0	0	0	0	0	0	0	0	
MCM21	69	0	0	0	0	0	0	0	0	0	0	0	0	0	0	0	0	0	0	0	0	0	0	0	0	0	0	0	0	0	
MCM21	70	0	0	0	0	0	0	0	0	0	0	0	0	0	0	0	0	0	0	0	0	0	0	0	0	0	0	0	0	0	
MCM21	71	0	0	0	0	0	0	0	0	0	0	0	0	0	0	0	0	0	0	0	0	0	0	0	0	0	0	0	0	0	
MCM21	72	0	0	0	0	0	0	0	0	0	0	0	0	0	0	0	0	0	0	0	0	0	0	0	0	0	0	0	0	0	
MCM21	73	0	0	0	0	0	0	0	0	0	0	0	0	0	0	0	0	0	0	0	0	0	0	0	0	0	0	0	0	0	
MCM21	74	0	0	0	0	0	0	0	0	0	0	0	0	0	0	0	0	0	0	0	0	0	0	0	0	0	0	0	0	0	
MCM21	75	0	0	0	0	0	0	0	0	0	0	0	0	0	0	0	0	0	0	0	0	0	0	0	0	0	0	0	0	0	
MCM21	76	0	0	0	0	0	0	0	0	0	0	0	0	0	0	0	0	0	0	0	0	0	0	0	0	0	0	0	0	0	
MCM21	77	0	0	0	0	0	0	0	0	0	0	0	0	0	0	0	0	0	0	0	0	0	0	0	0	0	0	0	0	0	
MCM21	78	0	0	0	0	0	0	0	0	0	0	0	0	0	0	0	0	0	0	0	0	0	0	0	0	0	0	0	0	0	
MCM21	79	0	0	0	0	0	0	0	0	0	0	0	0	0	0	0	0	0	0	0	0	0	0	0	0	0	0	0	0	0	
MCM21	80	0	0	0	0	0	0	0	0	0	0	0	0	0	0	0	0	0	0	0	0	0	0	0	0	0	0	0	0	0	
MCM21	81	0	0	0	0	0	0	0	0	0	3	4	3	6	4	3	2	4	0	7	2	3	0	9	0	0	4	4	2	3	
MCM21	82	0	0	0	0	0	0	0	0	0	3	4	3	6	4	3	2	4	0	7	2	3	0	9	0	0	4	4	2	3	
MCM21	83	0	0	0	0	0	0	0	0	0	3	4	3	6	4	3	2	4	0	7	2	3	0	9	0	0	4	4	2	3	
MCM21	84	0	0	0	0	0	0	0	0	0	3	4	3	6	4	3	2	4	0	7	2	3	0	9	0	0	4	4	2	3	
MCM21	85	0	0	0	0	0	0	0	0	0	3	4	3	6	4	3	2	4	0	7	2	3	0	9	0	0	4	4	2	3	
MCM21	86	0	0	0	0	0	0	0	0	0	3	4	3	6	4	3	2	4	0	7	2	3	0	9	0	0	4	4	2	3	
MCM21	87	0	0	0	0	0	0	0	0	0	3	4	3	6	4	3	2	4	0	7	2	3	0	9	0	0	4	4	2	3	
MCM21	88	0	0	0	0	0	0	0	0	0	3	4	3	6	4	3	2	4	0	7	2	3	0	9	0	0	4	4	2	3	
MCM21	89	0	0	0	0	0	0	0	0	0	3	4	3	6	4	3	2	4	0	7	2	3	0	9	0	0	4	4	2	3	
MCM21	90	0	0	0	0	0	0	0	0	0	3	4	3	6	4	3	2	4	0	7	2	3	0	9	0	0	4	4	2	3	
MCM21	91	0	0	0	0	0	0	0	0	0	3	4	3	6	4	3	2	4	0	7	2	3	0	9	0	0	4	4	2	3	
MCM21	92	0	0	0	0	0	0	0	0	0	3	4	3	6	4	3	2	4	0	7	2	3	0	9	0	0	4	4	2	3	
MCM21	93	0	0	0	0	0	0	0	0	0	3	4	3	6	4	3	2	4	0	7	2	3	0	9	0	0	4	4	2	3	
MCM21	94	0	0	0	0	0	0	0	0	0	3	4	3	6	4	3	2	4	0	7	2	3	0	9	0	0	4	4	2	3	
MCM21	95	0	0	0	0	0	0	0	0	0	3	4	3	6	4	3	2	4	0	7	2	3	0	9	0	0	4	4	2	3	
MCM21	96	0	0	0	0	0	0	0	0	0	0	0	0	0	0	0	0	2	0	0	0	0	0	0	0	0	0	0	0	0	
MCM21	97	0	0	0	0	0	0	0	0	0	0	0	0	0	0	0	2	2	0	0	0	0	0	0	0	0	0	0	0	0	
MCM21	98	0	0	0	0	0	0	0	4	0	0	0	0	0	3	2	6	3	2	19	0	3	0	0	0	6	4	10	6	5	
MCM21	99	0	0	0	0	0	0	0	4	0	0	0	0	0	3	2	6	3	2	19	0	3	0	0	0	6	4	10	6	5	
MCM21	100	0	0	0	0	0	0	0	4	0	0	0	0	0	3	2	6	5	2	22	0	3	0	0	0	8	6	12	8	5	
MCM21	101	0	0	0	0	0	0	0	4	0	0	0	0	0	3	2	6	5	2	22	0	3	0	0	0	8	6	12	8	5	
MCM21	102	0	0	0	0	0	0	0	4	0	0	0	0	0	3	2	6	5	2	22	0	3	0	0	0	8	6	12	8	5	
MCM21	103	0	0	0	0	0	0	0	4	0	0	0	0	0	3	2	6	5	2	22	0	3	0	0	0	8	6	12	8	5	
MCM21	104	0	0	0	0	0	0	0	4	0	0	0	0	0	3	2	6	5	2	22	0	3	0	0	0	8	6	12	8	5	
MCM21	105	0	0	0	0	0	0	0	4	0	0	0	0	0	3	2	6	5	2	22	0	3	0	0	0	8	6	12	8	5	
MCM21	106	0	0	0	0	0	0	0	4	0	0	0	0	0	3	2	6	5	2	22	0	3	0	0	0	8	6	12	8	5	
MCM21	107	0	0	0	0	0	0	0	4	0	0	0	0	0	3	2	6	5	2	22	0	3	0	0	0	8	6	12	8	5	
MCM21	108	0	0	0	0	0	0	0	4	0	0	0	0	0	3	2	6	5	2	22	0	3	0	0	0	8	6	12	8	5	
MCM21	109	0	0	0	0	0	0	0	4	0	0	0	0	0	3	2	6	5	2	22	0	3	0	0	0	8	6	12	8	5	
MCM21	110	0	0	0	0	0	0	0	4	0	0	0	0	0	3	2	6	5	2	22	0	3	0	0	0	8	6	12	8	5	
MCM21	111	0	0	0	0	0	0	0	4	0	0	0	0	0	3	2	6	5	2	22	0	3	0	0	0	8	6	12	8	5	
MCM21	112	0	0	0	0	0	0	0	4	0	0	0	0	0	3	2	6	5	2	22	0	3	0	0	0	8	6	12	8	5	
MCM21	113	0	0	0	0	0	0	0	4	0	0	0	0	0	3	2	6	5	2	22	0	3	0	0	0	8	6	12	8	5	
MCM21	114	0	0	0	0	0	0	0	4	0	0	0	0	0	3	2	6	5	2	22	0	3	0	0	0	8	6	12	8	5	
MCM21	115	0	0	0	0	0	0	8	0	0	0	0	0	12	8	8	2	2	6	10	0	4	0	0	0	12	9	6	2	0	
MCM21	116	0	0	0	0	0	0	8	0	0	0	0	0	12	8	8	2	2	6	10	0	4	0	0	0	12	9	6	2	0	
MCM21	117	0	0	0	0	0	0	8	0	0	0	0	0	12	8	8	2	2	6	10	0	4	0	0	0	12	9	6	2	0	
MCM21	118	0	0	0	0	0	0	8	0	0	0	0	0	12	8	8	2	2	6	10	0	4	0	0	0	12	9	6	2	0	
MCM21	119	0	0	0	0	0	0	8	0	0	0	0	0	12	8	8	2	2	6	10	0	4	0	0	0	12	9	6	2	0	
MCM21	120	0	0	0	0	0	0	8	0	0	0	0	0	12	8	8	2	2	6	10	0	4	0	0	0	12	9	6	2	0	
MCM21	121	0	0	0	0	0	0	8	0	0	0	0	0	12	8	8	2	2	6	10	0	4	0	0	0	12	9	6	2	0	
MCM21	122	0	0	0	0	0	0	8	0	0	0	0	0	12	8	8	2	2	6	10	0	4	0	0	0	12	9	6	2	0	
MCM21	123	0	0	0	0	0	0	8	0	0	0	0	0	12	8	8	2	2	6	10	0	4	0	0	0	12	9	6	2	0	
MCM21	124	0	0	0	0	0	0	8	0	0	0	0	0	12	8	8	2	2	6	10	0	4	0	0	0	12	9	6	2	0	
MCM21	125	0	0	0	0	0	0	8	0	0	0	0	0	12	8	8	2	2	6	10	0	4	0	0	0	12	9	6	2	0	
MCM21	126	0	0	0	0	0	0	8	0	0	0	0	0	12	8	8	2	2	6	10	0	4	0	0	0	12	9	6	2	0	
MCM21	127	0	0	0	0	0	0	8	0	0	0	0	0	12	8	8	2	2	6	10	0	4	0	0	0	12	9	6	2	0	
MCM21	128	0	0	0	0	0	0	8	0	0	0	0	0	12	8	8	2	2	6	10	0	4	0	0	0	12	9	6	2	0	
MCM21	129	0	0	0	0	0	0	8	0	0	0	0	0	12	8	8	2	2	6	10	0	4	0	0	0	12	9	6	2	0	
MCM21	130	0	0	0	0	0	0	8	0	0	0	0	0	12	8	8	2	2	6	10	0	4	0	0	0	12	9	6	2	0	
MCM21	131	0	0	0	0	0	0	8	0	0	0	0	0	12	8	8	2	2	6	10	0	4	0	0	0	12	9	6	2	0	
MCM21	132	0	0	0	0	0	0	8	0	0	0	0	0	12	8	8	2	2	6	10	0	4	0	0	0	12	9	6	2	0	
MCM21	133	0	0	0	0	0	0	8	0	0	0	0	0	12	8	8	2	2	6	10	0	4	0	0	0	12	9	6	2	0	
MCM21	134	0	0	0	0	0	0	8	0	0	0	0	0	12	8	8	2	2	6	10	0	4	0	0	0	12	9	6	2	0	
MCM21	135	0	0	0	0	0	0	8	0	0	0	0	0	12	8	8	2	2	6	10	0	4	0	0	0	12	9	6	2	0	
MCM21	136	0	0	0	0	0	0	8	0	0	0	0	0	12	8	8	2	2	6	10	0	4	0	0	0	12	9	6	2	0	
MCM21	137	0	0	0	0	0	0	8	0	0	0	0	0	12	8	8	2	2	6	10	0	4	0	0	0	12	9	6	2	0	
MCM21	138	0	0	0	0	0	0	8	0	0	0	0	0	12	8	8	2	2	6	10	0	4	0	0	0	12	9	6	2	0	
MCM21	139	0	0	0	0	0	0	8	0	0	0	0	0	12	8	8	2	2	6	10	0	4	0	0	0	12	9	6	2	0	
MCM21	140	0	0	0	0	0	0	8	0	0	0	0	0	12	8	8	2	2	6	10	0	4	0	0	0	12	9	6	2	0	
MCM21	141	0	0	0	0	0	0	8	0	0	0	0	0	12	8	8	2	2	6	10	0	4	0	0	0	12	9	6	2	0	
MCM21	142	0	0	0	0	0	0	8	0	0	0	0	0	12	8	8	2	2	6	10	0	4	0	0	0	12	9	6	2	0	
MCM21	143	0	0	0	0	0	0	6	0	0	0	0	0	10	6	6	2	2	2	3	0	2	0	0	0	4	4	4	0	0	
MCM21	144	0	0	0	0	0	0	0	0	0	0	0	0	2	4	2	2	2	2	0	0	0	0	0	0	0	0	0	0	0	
MCM21	145	0	0	0	0	0	0	0	0	0	0	0	0	0	0	0	0	0	0	0	0	0	0	0	0	0	0	0	0	0	
MCM21	146	0	0	0	0	0	0	0	0	0	0	0	0	0	0	0	0	0	0	0	0	0	0	0	0	0	0	0	0	0	
MCM21	147	0	0	0	0	0	0	2	0	0	0	0	0	0	0	4	0	0	0	7	0	0	0	0	0	2	0	2	3	0	
MCM21	148	0	0	0	0	0	0	2	0	0	0	0	0	0	0	4	0	0	0	7	0	0	0	0	0	2	0	2	3	0	
MCM21	149	0	0	0	0	0	0	2	0	0	0	0	0	0	0	6	0	0	0	21	0	0	0	0	0	7	2	4	3	0	
MCM21	150	0	0	0	0	0	0	2	0	0	0	0	0	0	0	6	0	0	0	21	0	0	0	0	0	7	2	4	3	0	
MCM21	151	0	0	0	0	0	0	2	0	0	0	0	0	0	0	6	0	0	0	21	0	0	0	0	0	7	2	4	3	0	
MCM21	152	0	0	0	0	0	0	2	0	0	0	0	0	0	0	6	0	0	0	21	0	0	0	0	0	7	2	4	3	0	
MCM21	153	0	0	0	0	0	0	2	0	0	0	0	0	0	0	6	0	0	0	21	0	0	0	0	0	7	2	4	3	0	
MCM21	154	0	0	0	0	0	0	2	0	0	0	0	0	0	0	6	0	0	0	21	0	0	0	0	0	7	2	4	3	0	
MCM21	155	0	0	0	0	0	0	2	0	0	0	0	0	0	0	6	0	0	0	21	0	0	0	0	0	7	2	4	3	0	
MCM21	156	0	0	0	0	0	0	2	0	0	0	0	0	0	0	6	0	0	0	21	0	0	0	0	0	7	2	4	3	0	
MCM21	157	0	0	0	0	0	0	2	0	0	0	0	0	0	0	6	0	0	0	21	0	0	0	0	0	7	2	4	3	0	
MCM21	158	0	0	0	0	0	0	2	0	0	0	0	0	0	0	4	0	0	0	21	0	0	0	0	0	11	9	6	5	3	
MCM21	159	0	0	0	0	0	0	2	0	0	0	0	0	0	0	4	0	0	0	21	0	0	0	0	0	11	9	6	5	3	
MCM21	160	0	0	0	0	0	0	2	0	0	0	0	0	0	0	4	0	0	0	21	0	0	0	0	0	11	9	6	5	3	
MCM21	161	0	0	0	0	0	0	2	0	0	0	0	0	0	0	4	0	0	0	21	0	0	0	0	0	11	9	6	5	3	
MCM21	162	0	0	0	0	0	0	2	0	0	0	0	0	0	0	4	0	0	0	21	0	0	0	0	0	11	9	6	5	3	
MCM21	163	0	0	0	0	0	0	2	0	0	0	0	0	0	0	4	0	0	0	21	0	0	0	0	0	11	9	6	5	3	
MCM21	164	0	0	0	0	0	0	2	0	0	0	0	0	0	0	4	0	0	0	21	0	0	0	0	0	11	9	6	5	3	
MCM21	165	0	0	0	0	0	0	2	0	0	0	0	0	0	0	4	0	0	0	21	0	0	0	0	0	11	9	6	5	3	
MCM21	166	0	0	0	0	0	0	2	0	0	0	0	0	0	0	4	0	0	0	21	0	0	0	0	0	11	9	6	5	3	
MCM21	167	0	0	0	0	0	0	2	0	0	0	0	0	0	0	4	0	0	0	21	0	0	0	0	0	11	9	6	5	3	
MCM21	168	0	0	0	0	0	0	2	0	0	0	0	0	0	0	4	0	0	0	21	0	0	0	0	0	11	9	6	5	3	
MCM21	169	0	0	0	0	0	0	2	0	0	0	0	0	0	0	4	0	0	0	21	0	0	0	0	0	11	9	6	5	3	
MCM21	170	0	0	0	0	0	0	2	0	0	0	0	0	0	0	4	0	0	0	21	0	0	0	0	0	11	9	6	5	3	
MCM21	171	0	0	0	0	0	0	2	0	0	0	0	0	0	0	4	0	0	0	21	0	0	0	0	0	11	9	6	5	3	
MCM21	172	0	0	0	0	0	0	0	0	0	0	0	0	0	0	0	0	0	0	3	0	2	0	0	0	36	23	7	5	6	
MCM21	173	0	0	0	0	0	0	0	0	0	0	0	0	0	0	0	0	0	0	3	0	2	0	0	0	36	23	7	5	6	
MCM21	174	0	0	0	0	0	0	0	0	0	0	0	0	0	0	0	0	0	0	3	0	2	0	0	0	36	23	7	5	6	
MCM21	175	0	0	0	0	0	0	0	0	0	0	0	0	0	0	0	0	0	0	3	0	2	0	0	0	36	23	7	5	6	
MCM21	176	0	0	0	0	0	0	0	0	0	0	0	0	0	0	0	0	0	0	3	0	2	0	0	0	36	23	7	5	6	
MCM21	177	0	0	0	0	0	0	0	0	0	0	0	0	0	0	0	0	0	0	3	0	2	0	0	0	36	23	7	5	6	
MCM21	178	0	0	0	0	0	0	0	0	0	0	0	0	0	0	0	0	0	0	3	0	2	0	0	0	36	23	7	5	6	
MCM21	179	0	0	0	0	0	0	0	0	0	0	0	0	0	0	0	0	0	0	3	0	2	0	0	0	36	23	7	5	6	
MCM21	180	0	0	0	0	0	0	0	0	0	0	0	0	0	0	0	0	0	0	3	0	2	0	0	0	36	23	7	5	6	
MCM21	181	0	0	0	0	0	0	0	0	0	0	0	0	0	0	0	0	0	0	3	0	2	0	0	0	36	23	7	5	6	
MCM21	182	0	0	0	0	0	0	0	0	0	0	0	0	0	0	0	0	0	0	3	0	2	0	0	0	36	23	7	5	6	
MCM21	183	0	0	0	0	0	0	0	0	0	0	0	0	0	0	0	0	0	0	3	0	2	0	0	0	36	23	7	5	6	
MCM21	184	0	0	0	0	0	0	0	0	0	0	0	0	0	0	0	0	0	0	3	0	2	0	0	0	36	23	7	5	6	
MCM21	185	0	0	0	0	0	0	0	0	0	0	0	0	0	0	0	0	0	0	3	0	2	0	0	0	36	23	7	5	6	
MCM21	186	0	0	0	0	0	0	0	0	0	0	0	0	0	0	0	0	0	0	3	0	2	0	0	0	36	23	7	5	6	
MCM21	187	0	0	0	0	0	0	0	0	0	0	0	0	0	0	0	0	0	0	3	0	2	0	0	0	36	23	7	5	6	
MCM21	188	0	0	0	0	0	0	2	2	0	4	5	0	6	2	10	0	0	5	0	2	2	0	0	0	3	4	5	3	2	
MCM21	189	0	0	0	0	0	0	2	2	0	4	5	0	6	2	10	0	0	5	0	2	2	0	0	0	3	4	5	3	2	
MCM21	190	0	0	0	0	0	0	2	2	0	4	5	0	6	2	10	0	0	5	4	4	4	0	0	0	6	4	5	3	2	
MCM21	191	0	0	0	0	0	0	2	2	0	4	5	0	6	2	10	0	0	5	4	4	4	0	0	0	6	4	5	3	2	
MCM21	192	0	0	0	0	0	0	2	2	0	4	5	0	6	2	10	0	0	5	4	4	4	0	0	0	6	4	5	3	2	
MCM21	193	0	0	0	0	0	0	2	2	0	4	5	0	6	2	10	0	0	5	4	4	4	0	0	0	6	4	5	3	2	
MCM21	194	0	0	0	0	0	0	2	2	0	4	5	0	6	2	10	0	0	5	4	4	4	0	0	0	6	4	5	3	2	
MCM21	195	0	0	0	0	0	0	2	2	0	4	5	0	6	2	10	0	0	5	4	4	4	0	0	0	6	4	5	3	2	
MCM21	196	0	0	0	0	0	0	2	2	0	4	5	0	6	2	10	0	0	5	4	4	4	0	0	0	6	4	5	3	2	
MCM21	197	0	0	0	0	0	0	2	2	0	4	5	0	6	2	10	0	0	5	4	4	4	0	0	0	6	4	5	3	2	
MCM21	198	0	0	0	0	0	0	2	2	0	4	5	0	6	2	10	0	0	5	4	4	4	0	0	0	6	4	5	3	2	
MCM21	199	0	0	0	0	0	0	2	2	0	4	5	0	6	2	10	0	0	5	4	4	4	0	0	0	6	4	5	3	2	
MCM21	200	0	0	0	0	0	0	2	0	0	2	3	0	4	2	8	0	0	5	2	2	4	0	0	0	0	0	0	0	0	
MCM21	201	0	0	0	0	0	0	2	0	0	2	3	0	4	2	8	0	0	5	2	2	4	0	0	0	0	0	0	0	0	
MCM21	202	0	0	0	0	0	0	2	0	0	2	3	0	4	2	8	0	0	5	2	2	4	0	0	0	0	0	0	0	0	
MCM21	203	0	0	0	0	0	0	2	0	0	2	3	0	4	2	8	0	0	5	2	2	4	0	0	0	0	0	0	0	0	
MCM21	204	0	0	0	0	0	0	2	0	0	2	3	0	4	2	8	0	0	5	2	2	4	0	0	0	0	0	0	0	0	
MCM21	205	0	0	0	0	0	0	2	0	0	2	3	0	4	2	8	0	0	5	2	2	4	0	0	0	0	0	0	0	0	
MCM21	206	0	0	0	0	0	0	0	0	0	0	0	0	0	0	0	0	0	0	2	0	2	0	0	0	0	0	0	0	0	
MCM21	207	0	0	0	0	0	0	0	0	0	0	0	0	0	0	0	0	0	0	2	0	2	0	0	0	0	0	0	0	0	
MCM21	208	0	0	0	0	0	0	0	0	0	0	0	0	0	0	0	0	0	0	2	0	2	0	0	0	0	0	0	0	0	
MCM21	209	0	0	0	0	0	0	0	0	0	0	0	0	0	0	0	0	0	0	2	0	2	0	0	0	0	0	0	0	0	
MCM21	210	0	0	0	0	0	0	0	0	0	0	0	0	0	0	0	0	0	0	2	0	2	0	0	0	0	0	0	0	0	
MCM21	211	0	0	0	0	0	0	0	0	0	0	0	0	0	0	0	0	0	0	2	0	2	0	0	0	0	0	0	0	0	
MCM21	212	0	0	0	0	0	0	0	0	0	0	0	0	0	0	0	0	0	0	2	0	2	0	0	0	0	0	0	0	0	
MCM21	213	0	0	0	0	0	0	2	0	0	5	5	0	5	3	8	0	0	3	5	3	3	0	0	0	0	2	8	4	0	
MCM21	214	0	0	0	0	0	0	2	0	0	5	5	0	5	3	8	0	0	3	5	3	3	0	0	0	0	2	8	4	0	
MCM21	215	0	0	0	0	0	0	2	0	0	5	5	0	5	3	8	0	0	3	5	3	3	0	0	0	0	2	8	4	0	
MCM21	216	0	0	0	0	0	0	2	0	0	5	5	0	5	3	8	0	0	3	5	3	3	0	0	0	0	2	8	4	0	
MCM21	217	0	0	0	0	0	0	2	0	0	5	5	0	5	3	8	0	0	3	5	3	3	0	0	0	0	2	8	4	0	
MCM21	218	0	0	0	0	0	0	2	0	0	5	5	0	5	3	8	0	0	3	5	3	3	0	0	0	0	2	8	4	0	
MCM21	219	0	0	0	0	0	0	2	0	0	5	5	0	5	3	8	0	0	3	5	3	3	0	0	0	0	2	8	4	0	
MCM21	220	0	0	0	0	0	0	2	0	0	5	5	0	5	3	8	0	0	3	5	3	3	0	0	0	0	2	8	4	0	
MCM21	221	0	0	0	0	0	0	2	0	0	5	5	0	5	3	8	0	0	3	5	3	3	0	0	0	0	2	8	4	0	
MCM21	222	0	0	0	0	0	0	2	0	0	5	5	0	5	3	8	0	0	3	5	3	3	0	0	0	0	2	8	4	0	
MCM21	223	0	0	0	0	0	0	2	0	0	5	5	0	5	3	8	0	0	3	5	3	3	0	0	0	0	2	8	4	0	
MCM21	224	0	0	0	0	0	0	2	0	0	5	5	0	5	3	8	0	0	3	5	3	3	0	0	0	0	2	8	4	0	
MCM21	225	0	0	0	0	0	0	2	0	0	5	5	0	5	3	8	0	0	3	5	3	3	0	0	0	0	2	8	4	0	
MCM21	226	0	0	0	0	0	0	0	0	0	3	3	0	3	3	4	0	0	0	0	0	0	0	0	0	0	0	0	0	0	
MCM21	227	0	0	0	0	0	0	0	0	0	3	3	0	3	3	4	0	0	0	0	0	0	0	0	0	0	0	0	0	0	
MCM21	228	0	0	0	0	0	0	0	0	0	0	0	0	0	0	0	0	0	0	0	0	0	0	0	0	0	4	8	6	2	
MCM21	229	0	0	0	0	0	0	0	0	0	0	0	0	0	0	0	0	0	0	0	0	0	0	0	0	0	4	8	6	2	
MCM21	230	0	0	0	0	0	0	0	0	0	0	0	0	0	0	0	0	0	0	0	0	0	0	0	0	10	8	14	12	6	
MCM21	231	0	0	0	0	0	0	0	0	0	0	0	0	0	0	0	0	0	0	0	0	0	0	0	0	10	8	14	12	6	
MCM21	232	0	0	0	0	0	0	0	0	0	0	0	0	0	0	0	0	0	0	0	0	0	0	0	0	10	8	14	12	6	
MCM21	233	0	0	0	0	0	0	0	0	0	0	0	0	0	0	0	0	0	0	0	0	0	0	0	0	10	8	14	12	6	
MCM21	234	0	0	0	0	0	0	0	0	0	0	0	0	0	0	0	0	0	0	0	0	0	0	0	0	10	8	14	12	6	
MCM21	235	0	0	0	0	0	0	0	0	0	0	0	0	0	0	0	0	0	0	0	0	0	0	0	0	10	8	14	12	6	
MCM21	236	0	0	0	0	0	0	0	0	0	0	0	0	0	0	0	0	0	0	0	0	0	0	0	0	10	8	14	12	6	
MCM21	237	0	0	0	0	0	0	0	0	0	0	0	0	0	0	0	0	0	0	0	0	0	0	0	0	10	8	14	12	6	
MCM21	238	0	0	0	0	0	0	0	0	0	0	0	0	0	0	0	0	0	0	0	0	0	0	0	0	0	0	0	0	0	
MCM21	239	0	0	0	0	0	0	0	0	0	0	0	0	0	0	0	0	0	0	0	0	0	0	0	0	0	0	0	0	0	
MCM21	240	0	0	0	0	0	0	0	0	0	0	0	0	0	0	0	0	0	0	0	0	0	0	0	0	0	0	0	0	0	
MCM21	241	0	0	0	0	0	0	0	0	0	0	0	0	0	0	0	0	0	0	0	0	0	0	0	0	0	0	0	0	0	
MCM21	242	0	0	0	0	0	0	0	0	0	0	0	0	0	0	0	0	0	0	0	0	0	0	0	0	0	0	0	0	0	
MCM21	243	0	0	0	0	0	0	0	0	0	0	0	0	0	0	0	0	0	0	0	0	0	0	0	0	0	0	0	0	0	
MCM21	244	0	0	0	0	0	0	0	0	0	0	0	0	0	0	0	0	0	0	0	0	0	0	0	0	0	0	0	0	0	
MCM21	245	0	0	0	0	0	0	0	0	0	0	0	0	0	0	0	0	0	0	0	0	0	0	0	0	0	0	0	0	0	
MCM21	246	0	0	0	0	0	0	0	0	0	0	0	0	0	0	0	0	0	0	0	0	0	0	0	0	0	0	0	0	0	
MCM21	247	0	0	0	0	0	0	0	0	0	0	0	0	0	0	0	0	0	0	0	0	0	0	0	0	0	0	0	0	0	
MCM21	248	0	0	0	0	0	0	0	0	0	0	0	0	0	0	0	0	0	0	0	0	0	0	0	0	0	0	0	0	0	
MCM21	249	0	0	0	0	0	0	0	0	0	0	0	0	0	0	0	0	0	0	0	0	0	0	0	0	0	0	0	0	0	
MCM21	250	0	0	0	0	0	0	0	0	0	0	0	0	0	0	0	0	0	0	0	0	0	0	0	0	0	0	0	0	0	
MCM21	251	0	0	0	0	0	0	0	0	0	0	0	0	0	0	0	0	0	0	0	0	0	0	0	0	0	0	0	0	0	
MCM21	252	0	0	0	0	0	0	0	0	0	0	0	0	0	0	0	0	0	0	0	0	0	0	0	0	0	0	0	0	0	
MCM21	253	0	0	0	0	0	0	0	0	0	0	0	0	0	0	0	0	0	0	0	0	0	0	0	0	0	0	0	0	0	
MCM21	254	0	0	0	0	0	0	0	0	0	0	0	0	0	0	0	0	0	0	0	0	0	0	0	0	0	0	0	0	0	
MCM21	255	0	0	0	0	0	0	0	0	0	0	0	0	0	0	0	0	0	0	0	0	0	0	0	0	0	0	0	0	0	
MCM21	256	0	0	0	0	0	0	0	0	0	0	0	0	0	0	0	0	0	0	0	0	0	0	0	0	0	0	0	0	0	
MCM21	257	0	0	0	0	0	0	0	0	0	0	0	0	0	0	0	0	0	0	0	0	0	0	0	0	0	0	0	0	0	
MCM21	258	0	0	0	0	0	0	0	0	0	0	0	0	0	0	0	0	0	0	0	0	0	0	0	0	0	0	0	0	0	
MCM21	259	0	0	0	0	0	0	0	0	0	0	0	0	0	0	0	0	0	0	0	0	0	0	0	0	0	0	0	0	0	
MCM21	260	0	0	0	0	0	0	0	0	0	0	0	0	0	0	0	0	0	0	0	0	0	0	0	0	0	0	0	0	0	
MCM21	261	0	0	0	0	0	0	0	0	0	0	0	0	0	0	0	0	0	0	0	0	0	0	0	0	0	0	0	0	0	
MCM21	262	0	0	0	0	0	0	0	0	0	0	0	0	0	0	0	0	0	0	0	0	0	0	0	0	0	0	0	0	0	
MCM21	263	0	0	0	0	0	0	0	0	0	0	0	0	0	0	0	0	0	0	0	0	0	0	0	0	0	0	0	0	0	
MCM21	264	0	0	0	0	0	0	0	0	0	0	0	0	0	0	0	0	0	0	0	0	0	0	0	0	0	0	0	0	0	
MCM21	265	0	0	0	0	0	0	0	0	0	0	0	0	0	0	0	0	0	0	0	0	0	0	0	0	0	0	0	0	0	
MCM21	266	0	0	0	0	0	0	0	0	0	0	0	0	0	0	0	0	0	0	0	0	0	0	0	0	0	0	0	0	0	
MCM21	267	0	0	0	0	0	0	0	0	0	0	0	0	0	0	0	0	0	0	0	0	0	0	0	0	0	0	0	0	0	
MCM21	268	0	0	0	0	0	0	0	0	0	0	0	0	0	0	0	0	0	0	0	0	0	0	0	0	0	0	0	0	0	
MCM21	269	0	0	0	0	0	0	0	0	0	0	0	0	0	0	0	0	0	0	0	0	0	0	0	0	0	0	0	0	0	
MCM21	270	0	0	0	0	0	0	0	0	0	0	0	0	0	0	0	0	0	0	0	0	0	0	0	0	2	2	6	4	6	
MCM21	271	0	0	0	0	0	0	0	0	0	0	0	0	0	0	0	0	0	0	0	0	0	0	0	0	6	6	8	8	10	
MCM21	272	0	0	0	0	0	0	0	0	0	0	0	0	0	0	0	0	0	0	0	0	0	0	0	0	6	6	8	8	10	
MCM21	273	0	0	0	0	0	0	0	0	0	0	0	0	0	0	0	0	0	0	0	0	0	0	0	0	6	6	8	8	10	
MCM21	274	0	0	0	0	0	0	0	0	0	0	0	0	0	0	0	0	0	0	0	0	0	0	0	0	6	6	8	8	10	
MCM21	275	0	0	0	0	0	0	0	0	0	0	0	0	0	0	0	0	0	0	0	0	0	0	0	0	6	6	8	8	10	
MCM21	276	0	0	0	0	0	0	0	0	0	0	0	0	0	0	0	0	0	0	0	0	0	0	0	0	6	6	8	8	10	
MCM21	277	0	0	0	0	0	0	0	0	0	0	0	0	0	0	0	0	0	0	0	0	0	0	0	0	6	6	8	8	10	
MCM21	278	0	0	0	0	0	0	0	0	0	0	0	0	0	0	0	0	0	0	0	0	0	0	0	0	6	6	8	8	10	
MCM21	279	0	0	0	0	0	0	0	0	0	0	0	0	0	0	0	0	0	0	0	0	0	0	0	0	6	6	8	8	10	
MCM21	280	0	0	0	0	0	0	0	0	0	0	0	0	0	0	0	0	0	0	0	0	0	0	0	0	6	6	8	8	10	
MCM21	281	0	0	0	0	0	0	0	0	0	0	0	0	0	0	0	0	0	0	0	0	0	0	0	0	0	0	0	0	0	
MCM21	282	0	0	0	0	0	0	0	0	0	0	0	0	0	0	0	0	0	0	0	0	0	0	0	0	0	0	0	0	0	
MCM21	283	0	0	0	0	0	0	0	0	0	0	0	0	0	0	0	0	0	0	0	0	0	0	0	0	0	0	0	0	0	
MCM21	284	0	0	0	0	0	0	0	0	0	0	0	0	0	0	0	0	0	0	0	0	0	0	0	0	0	0	0	0	0	
MCM21	285	0	0	0	0	0	0	0	0	0	0	0	0	0	0	0	0	0	0	0	0	0	0	0	0	0	0	0	0	0	
MCM21	286	0	0	0	0	0	0	0	0	0	0	0	0	0	0	0	0	0	0	0	0	0	0	0	0	0	0	0	0	0	
MCM21	287	0	0	0	0	0	0	0	0	0	0	0	0	0	0	0	0	0	0	0	0	0	0	0	0	0	0	0	0	0	
MCM21	288	0	0	0	0	0	0	0	0	0	0	0	0	0	0	0	0	0	0	0	0	0	0	0	0	0	0	0	0	0	
MCM21	289	0	0	0	0	0	0	0	0	0	0	0	0	0	0	0	0	0	0	0	0	0	0	0	0	0	0	0	0	0	
MCM21	290	0	0	0	0	0	0	0	0	0	0	0	0	0	0	0	0	0	0	0	0	0	0	0	0	0	0	0	0	0	
MCM21	291	0	0	0	0	0	0	0	0	0	0	0	0	0	0	0	0	0	0	0	0	0	0	0	0	0	0	0	0	0	
MCM21	292	0	0	0	0	0	0	0	0	0	0	0	0	0	0	0	0	0	0	0	0	0	0	0	0	0	0	0	0	0	
MCM21	293	0	0	0	0	0	0	0	0	0	0	0	0	0	0	0	0	0	0	0	0	0	0	0	0	5	2	2	0	0	
MCM21	294	0	0	0	0	0	0	0	0	0	0	0	0	0	0	0	0	0	0	0	0	0	0	0	0	5	2	2	0	0	
MCM21	295	0	0	0	0	0	0	0	0	0	0	0	0	0	0	0	0	0	0	0	0	0	0	0	0	5	2	2	0	0	
MCM21	296	0	0	0	0	0	0	0	0	0	0	0	0	0	0	0	0	0	0	0	0	0	0	0	0	5	2	2	0	0	
MCM21	297	0	0	0	0	0	0	0	0	0	0	0	0	0	0	0	0	0	0	0	0	0	0	0	0	5	2	2	0	0	
MCM21	298	0	0	0	0	0	0	0	0	0	0	0	0	0	0	0	0	0	0	0	0	0	0	0	0	5	2	2	0	0	
MCM21	299	0	0	0	0	0	0	0	0	0	0	0	0	0	0	0	0	0	0	0	0	0	0	0	0	5	2	2	0	0	
MCM21	300	0	0	0	0	0	0	0	0	0	0	0	0	0	0	0	0	0	0	0	0	0	0	0	0	5	2	2	0	0	
MCM21	301	0	0	0	0	0	0	0	0	0	0	0	0	0	0	0	0	0	0	0	0	0	0	0	0	5	2	2	0	0	
MCM21	302	0	0	0	0	0	0	0	0	0	0	0	0	0	0	0	0	0	0	0	0	0	0	0	0	5	2	2	0	0	
MCM21	303	0	0	0	0	0	0	0	0	0	0	0	0	0	0	0	0	0	0	0	0	0	0	0	0	5	2	2	0	0	
MCM21	304	0	0	0	0	0	0	0	0	0	0	0	0	0	0	0	0	0	0	0	0	0	0	0	0	5	2	2	0	0	
MCM21	305	0	0	0	0	0	0	0	0	0	0	0	0	0	0	0	0	0	0	0	0	0	0	0	0	5	2	2	0	0	
MCM21	306	0	0	0	0	0	0	0	0	0	0	0	0	0	0	0	0	0	0	0	0	0	0	0	0	5	2	2	0	0	
MCM21	307	0	0	0	0	0	0	0	0	0	0	0	0	0	0	0	0	0	0	0	0	0	0	0	0	5	2	2	0	0	
MCM21	308	0	0	0	0	0	0	0	0	0	0	0	0	0	0	0	0	0	0	0	0	0	0	0	0	5	2	2	0	0	
MCM21	309	0	0	0	0	0	0	0	0	0	0	0	0	0	0	0	0	0	0	0	0	0	0	0	0	5	2	2	0	0	
MCM21	310	0	0	0	0	0	0	0	0	0	0	0	0	0	0	0	0	0	0	0	0	0	0	0	0	5	2	2	0	0	
MCM21	311	0	0	0	0	0	0	0	0	0	0	0	0	0	0	0	0	0	0	0	0	0	0	0	0	5	2	2	0	0	
MCM21	312	0	0	0	0	0	0	0	0	0	0	0	0	0	0	0	0	0	0	0	0	0	0	0	0	2	3	3	3	0	
MCM21	313	0	0	0	0	0	0	0	0	0	0	0	0	0	0	0	0	0	0	0	0	0	0	0	0	2	3	3	3	0	
MCM21	314	0	0	0	0	0	0	0	0	0	0	0	0	0	0	0	0	0	0	0	0	0	0	0	0	2	3	3	3	0	
MCM21	315	0	0	0	0	0	0	0	0	0	0	0	0	0	0	0	0	0	0	0	0	0	0	0	0	2	3	3	3	0	
MCM21	316	0	0	0	0	0	0	0	0	0	0	0	0	0	0	0	0	0	0	0	0	0	0	0	0	2	3	3	3	0	
MCM21	317	0	0	0	0	0	0	0	0	0	0	0	0	0	0	0	0	0	0	0	0	0	0	0	0	2	3	3	3	0	
MCM21	318	0	0	0	0	0	0	0	0	0	0	0	0	0	0	0	0	0	0	0	0	0	0	0	0	2	3	3	3	0	
MCM21	319	0	0	0	0	0	0	0	0	0	0	0	0	0	0	0	0	0	0	0	0	0	0	0	0	2	3	3	3	0	
MCM21	320	0	0	0	0	0	0	0	0	0	0	0	0	0	0	0	0	0	0	0	0	0	0	0	0	2	3	3	3	0	
MCM21	321	0	0	0	0	0	0	0	0	0	0	0	0	0	0	0	0	0	0	9	0	0	0	0	0	4	6	5	2	2	
MCM21	322	0	0	0	0	0	0	0	0	0	0	0	0	0	0	0	0	0	0	9	0	0	0	0	0	4	6	5	2	2	
MCM21	323	0	0	0	0	0	0	0	0	0	0	0	0	0	0	0	0	0	0	9	0	0	0	0	0	4	6	5	2	2	
MCM21	324	0	0	0	0	0	0	0	0	0	0	0	0	0	0	0	0	0	0	9	0	0	0	0	0	4	6	5	2	2	
MCM21	325	0	0	0	0	0	0	0	0	0	0	0	0	0	0	0	0	0	0	9	0	0	0	0	0	4	6	5	2	2	
MCM21	326	0	0	0	0	0	0	0	0	0	0	0	0	0	0	0	0	0	0	9	0	0	0	0	0	4	6	5	2	2	
MCM21	327	0	0	0	0	0	0	0	0	0	0	0	0	0	0	0	0	0	0	9	0	0	0	0	0	4	6	5	2	2	
MCM21	328	0	0	0	0	0	0	0	0	0	0	0	0	0	0	0	0	0	0	9	0	0	0	0	0	4	6	5	2	2	
MCM21	329	0	0	0	0	0	0	0	0	0	0	0	0	0	0	0	0	0	0	9	0	0	0	0	0	4	6	5	2	2	
MCM21	330	0	0	0	0	0	0	0	0	0	0	0	0	0	0	0	0	0	0	9	0	0	0	0	0	4	6	5	2	2	
MCM21	331	0	0	0	0	0	0	0	0	0	0	0	0	0	0	0	0	0	0	9	0	0	0	0	0	4	6	5	2	2	
MCM21	332	0	0	0	0	0	0	0	0	0	0	0	0	0	0	0	0	0	0	9	0	0	0	0	0	4	6	5	2	2	
MCM21	333	0	0	0	0	0	0	0	0	0	0	0	0	0	0	0	0	0	0	9	0	0	0	0	0	4	6	5	2	2	
MCM21	334	0	0	0	0	0	0	0	0	0	0	0	0	0	0	0	0	0	0	9	0	0	0	0	0	4	6	5	2	2	
MCM21	335	0	0	0	0	0	0	0	0	0	0	0	0	0	0	0	0	0	0	9	0	0	0	0	0	4	6	5	2	2	
MCM21	336	0	0	0	0	0	0	0	0	0	0	0	0	0	0	0	0	0	0	9	0	0	0	0	0	4	6	5	2	2	
MCM21	337	0	0	0	0	0	0	0	0	0	0	0	0	0	0	0	0	0	0	9	0	0	0	0	0	4	6	5	2	2	
MCM21	338	0	0	0	0	0	0	0	0	0	0	0	0	0	0	0	0	0	0	9	0	0	0	0	0	4	6	5	2	2	
MCM21	339	0	0	0	0	0	0	0	0	0	0	0	0	0	0	0	0	0	0	9	0	0	0	0	0	4	6	5	2	2	
MCM21	340	0	0	0	0	0	0	0	0	0	0	0	0	0	0	0	0	0	0	9	0	0	0	0	0	4	6	5	2	2	
MCM21	341	0	0	0	0	0	0	0	0	0	0	0	0	0	0	0	0	0	0	9	0	0	0	0	0	4	6	5	2	2	
MCM21	342	0	0	0	0	0	0	0	0	0	0	0	0	0	0	0	0	0	0	0	0	0	0	0	0	0	2	6	2	0	
MCM21	343	0	0	0	0	0	0	0	0	0	0	0	0	0	0	0	0	0	0	0	0	0	0	0	0	0	2	6	2	0	
MCM21	344	0	0	0	0	0	0	0	0	0	0	0	0	0	0	0	0	0	0	0	0	0	0	0	0	0	2	6	2	0	
MCM21	345	0	0	0	0	0	0	0	0	0	0	0	0	0	0	0	0	0	0	0	0	0	0	0	0	0	2	6	2	0	
MCM21	346	0	0	0	0	0	0	0	0	0	0	0	0	0	0	0	0	0	0	0	0	0	0	0	0	0	2	6	2	0	
MCM21	347	0	0	0	0	0	0	0	0	0	0	0	0	0	0	0	0	0	0	0	0	0	0	0	0	0	2	6	2	0	
MCM21	348	0	0	0	0	0	0	0	0	0	0	0	0	0	0	0	0	0	0	0	0	0	0	0	0	0	2	6	2	0	
MCM21	349	0	0	0	0	0	0	0	0	0	0	0	0	0	0	0	0	0	0	0	0	0	0	0	0	0	2	6	2	0	
MCM21	350	0	0	0	0	0	0	0	0	0	0	0	0	0	0	0	0	0	0	0	0	0	0	0	0	0	2	6	2	0	
MCM21	351	0	0	0	0	0	0	0	0	0	0	0	0	0	0	0	0	0	0	0	0	0	0	0	0	0	2	6	2	0	
MCM21	352	0	0	0	0	0	0	0	0	0	0	0	0	0	0	0	0	0	0	0	0	0	0	0	0	0	2	6	2	0	
MCM21	353	0	0	0	0	0	0	0	0	0	0	0	0	0	0	0	0	0	0	0	0	0	0	0	0	0	2	6	2	0	
MCM21	354	0	0	0	0	0	0	0	0	0	0	0	0	0	0	0	0	0	0	0	0	0	0	0	0	0	2	6	2	0	
MCM21	355	0	0	0	0	0	0	0	0	0	0	0	0	0	0	0	0	0	0	0	0	0	0	0	0	0	2	6	2	0	
MCM21	356	0	0	0	0	0	0	0	0	0	0	0	0	0	0	0	0	0	0	0	0	0	0	0	0	0	2	6	2	0	
MCM21	357	0	0	0	0	0	0	0	0	0	0	0	0	0	0	0	0	0	0	0	0	0	0	0	0	0	2	6	2	0	
MCM21	358	0	0	0	0	0	0	0	0	0	0	0	0	0	0	0	0	0	0	0	0	0	0	0	0	0	2	6	2	0	
MCM21	359	0	0	0	0	0	0	0	0	0	0	0	0	0	0	0	0	0	0	0	0	0	0	0	0	0	0	2	2	0	
MCM21	360	0	0	0	0	0	0	0	0	0	0	0	0	0	0	0	0	0	0	0	0	0	0	0	0	0	0	2	2	0	
MCM21	361	0	0	0	0	0	0	0	0	0	0	0	0	0	0	0	0	0	0	0	0	0	0	0	0	0	0	2	2	0	
MCM21	362	0	0	0	0	0	0	0	0	0	0	0	0	0	0	0	0	0	0	0	0	0	0	0	0	0	0	2	2	0	
MCM21	363	0	0	0	0	0	0	0	0	0	0	0	0	0	0	0	0	0	0	0	0	0	0	0	0	0	0	2	2	0	
MCM21	364	0	0	0	0	0	0	0	0	0	0	0	0	0	0	0	0	0	0	0	0	0	0	0	0	0	0	2	2	0	
MCM21	365	0	0	0	0	0	0	0	0	0	0	0	0	0	0	0	0	0	0	0	0	0	0	0	0	0	0	2	2	0	
MCM21	366	0	0	0	0	0	0	0	0	0	0	0	0	0	0	0	0	0	0	0	0	0	0	0	0	0	0	2	2	0	
MCM21	367	0	0	0	0	0	0	0	0	0	0	0	0	0	0	0	0	0	0	0	0	0	0	0	0	0	0	2	2	0	
MCM21	368	0	0	0	0	0	0	0	0	0	0	0	0	0	0	0	0	0	0	0	0	0	0	0	0	0	0	2	2	0	
