protein	site	PSMs_001_Stu1-3FLAG_DMSO.csv	PSMs_002_Stu1-3FLAG_Cdc200-AID.csv	PSMs_003_Stu1-3FLAG_Benomyl.csv	PSMs_004_Stu1FLAG_Bub1V5_double_step_IP.csv	PSMs_005_Stu1_TOG1del_cutout_1.csv	PSMs_006_Stu1_TOG1del_cutout_2.csv	PSMs_007_Dsn1-flag.csv	PSMs_008_Dsn1-flag_mps1-1.csv	PSMs_009_Dsn1-flag_pgal-mps1.csv	PSMs_010_Dsn1-flag_ndc80.csv	PSMs_011_Dsn1-flag_ndc80-2a.csv	PSMs_012_Dsn1-flag_ndc80-2d.csv	PSMs_013_Dsn1-flag_ndc80_cdc15-2.csv	PSMs_014_Dsn1-flag_ndc80-2a_cdc15-2.csv	PSMs_015_Dsn1-flag_ndc80-2d_cdc15-2.csv	PSMs_016_Dsn1-flag.csv	PSMs_017_Dsn1-flag_mps1-1.csv	PSMs_018_ndc80-flag.csv	PSMs_019_ndc80-3flag.csv	PSMs_020_ndc80-flag_pgal-mps1.csv	PSMs_021_ndc80-3flag_pgal-mps1.csv	PSMs_022_dad1-flag.csv	PSMs_023_dad1-flag.csv	PSMs_024_dad1-flag_pgal-mps1.csv	PSMs_025_Nitobe_SCX1_Mtw1-3FLAG.csv	PSMs_025_Nitobe_SCX2_Mtw1-3FLAG.csv	PSMs_025_Nitobe_SCX3_Mtw1-3FLAG.csv	PSMs_025_Nitobe_SCX4_Mtw1-3FLAG.csv	PSMs_025_Nitobe_SCX5_Mtw1-3FLAG.csv	
MPS1	0	0	0	0	0	0	0	0	0	0	0	0	0	0	0	0	0	0	0	0	0	0	0	0	0	0	0	0	0	0	
MPS1	1	0	0	0	0	0	0	0	0	0	6	3	5	5	11	5	12	5	0	9	0	0	0	0	0	4	2	0	0	2	
MPS1	2	0	0	0	0	0	0	0	0	0	6	3	5	5	11	5	12	5	0	9	0	0	0	0	0	4	2	0	0	2	
MPS1	3	0	0	0	0	0	0	0	0	0	6	3	5	5	11	5	12	5	0	9	0	0	0	0	0	4	2	0	0	2	
MPS1	4	0	0	0	0	0	0	0	0	0	6	3	5	5	11	5	12	5	0	9	0	0	0	0	0	4	2	0	0	2	
MPS1	5	0	0	0	0	0	0	0	0	0	6	3	5	5	11	5	12	5	0	9	0	0	0	0	0	4	2	0	0	2	
MPS1	6	0	0	0	0	0	0	0	0	0	6	3	5	5	11	5	12	5	0	9	0	0	0	0	0	4	2	0	0	2	
MPS1	7	0	0	0	0	0	0	0	0	0	6	3	5	5	11	5	12	5	0	9	0	0	0	0	0	4	2	0	0	2	
MPS1	8	0	0	0	0	0	0	0	0	0	6	3	5	5	11	5	12	5	0	9	0	0	0	0	0	4	2	0	0	2	
MPS1	9	0	0	0	0	0	0	0	0	0	6	3	5	5	11	5	12	5	0	9	0	0	0	0	0	4	2	0	0	2	
MPS1	10	0	0	0	0	0	0	0	0	0	6	3	5	5	11	5	12	5	0	9	0	0	0	0	0	4	2	0	0	2	
MPS1	11	0	0	0	0	0	0	0	0	0	6	3	5	5	11	5	12	5	0	9	0	0	0	0	0	4	2	0	0	2	
MPS1	12	0	0	0	0	0	0	0	0	0	6	3	5	5	11	5	12	5	0	9	0	0	0	0	0	4	2	0	0	2	
MPS1	13	0	0	0	0	0	0	0	0	0	6	3	5	5	11	5	12	5	0	9	0	0	0	0	0	4	2	0	0	2	
MPS1	14	0	0	0	0	0	0	0	0	0	2	0	0	0	6	0	12	5	0	0	0	0	0	0	0	0	0	0	0	0	
MPS1	15	0	0	0	0	0	0	0	0	0	2	0	0	0	6	0	12	5	0	0	0	0	0	0	0	0	0	0	0	0	
MPS1	16	0	0	0	0	0	0	0	0	0	2	3	2	9	5	5	11	3	0	0	0	0	0	0	0	0	0	0	0	0	
MPS1	17	0	0	0	0	0	0	0	0	0	2	3	2	9	5	5	11	3	0	0	0	0	0	0	0	0	0	0	0	0	
MPS1	18	0	0	0	0	0	0	0	0	0	2	3	2	9	5	5	11	3	0	0	0	0	0	0	0	0	0	0	0	0	
MPS1	19	0	0	0	0	0	0	0	0	0	2	3	2	9	5	5	11	3	0	0	0	0	0	0	0	0	0	0	0	0	
MPS1	20	0	0	0	0	0	0	0	0	0	7	5	6	16	9	11	4	0	6	18	4	40	0	0	0	2	0	0	0	0	
MPS1	21	0	0	0	0	0	0	0	0	0	7	5	6	16	9	11	4	0	6	18	4	40	0	0	0	2	0	0	0	0	
MPS1	22	0	0	0	0	0	0	0	0	0	7	5	6	16	9	11	4	0	6	18	4	40	0	0	0	2	0	0	0	0	
MPS1	23	0	0	0	0	0	0	0	0	0	7	5	6	16	9	11	4	0	6	18	4	40	0	0	0	2	0	0	0	0	
MPS1	24	0	0	0	0	0	0	0	0	0	7	5	6	16	9	11	4	0	6	18	4	40	0	0	0	2	0	0	0	0	
MPS1	25	0	0	0	0	0	0	0	0	0	7	5	6	16	9	11	4	0	6	18	4	40	0	0	0	2	0	0	0	0	
MPS1	26	0	0	0	0	0	0	0	0	0	7	5	6	16	9	11	4	0	6	18	4	40	0	0	0	2	0	0	0	0	
MPS1	27	0	0	0	0	0	0	0	0	0	7	5	6	16	9	11	4	0	6	18	4	40	0	0	0	2	0	0	0	0	
MPS1	28	0	0	0	0	0	0	0	0	0	7	5	6	16	9	11	4	0	6	18	4	40	0	0	0	2	0	0	0	0	
MPS1	29	0	0	0	0	0	0	0	0	0	7	5	6	16	9	11	4	0	6	18	4	40	0	0	0	2	0	0	0	0	
MPS1	30	0	0	0	0	0	0	0	0	0	7	5	6	16	9	11	4	0	6	18	4	40	0	0	0	2	0	0	0	0	
MPS1	31	0	0	0	0	0	0	0	0	0	7	5	6	16	9	11	4	0	6	18	4	40	0	0	0	2	0	0	0	0	
MPS1	32	0	0	0	0	0	0	0	0	0	7	5	6	16	9	11	4	0	6	18	4	40	0	0	0	2	0	0	0	0	
MPS1	33	0	0	0	0	0	0	2	2	0	3	2	3	14	9	9	4	0	7	17	11	40	0	0	2	7	6	4	5	13	
MPS1	34	0	0	0	0	0	0	2	2	0	3	2	3	14	9	9	4	0	7	17	11	40	0	0	2	7	6	4	5	13	
MPS1	35	0	0	0	0	0	0	2	2	0	3	2	3	14	9	9	4	0	7	17	11	40	0	0	2	7	6	4	5	13	
MPS1	36	0	0	0	0	0	0	2	2	0	3	2	3	14	9	9	4	0	7	17	11	40	0	0	2	7	6	4	5	13	
MPS1	37	0	0	0	0	0	0	2	2	0	3	2	3	14	9	9	4	0	7	17	11	40	0	0	2	7	6	4	5	13	
MPS1	38	0	0	0	0	0	0	2	2	0	3	2	3	14	9	9	4	0	7	17	11	40	0	0	2	7	6	4	5	13	
MPS1	39	0	0	0	0	0	0	2	2	0	3	2	3	14	9	9	4	0	7	17	11	40	0	0	2	7	6	4	5	13	
MPS1	40	0	0	0	0	0	0	2	2	0	3	2	3	14	9	9	4	0	7	17	11	40	0	0	2	7	6	4	5	13	
MPS1	41	0	0	0	0	0	0	2	2	0	3	2	3	14	9	9	4	0	7	17	11	40	0	0	2	7	6	4	5	13	
MPS1	42	0	0	0	0	0	0	2	2	0	3	2	3	14	9	9	4	0	7	17	11	40	0	0	2	7	6	4	5	13	
MPS1	43	0	0	0	0	0	0	2	2	0	3	2	3	14	9	9	4	0	7	17	11	40	0	0	2	7	6	4	5	13	
MPS1	44	0	0	0	0	0	0	2	2	0	3	2	3	14	9	9	4	0	7	17	11	40	0	0	2	7	6	4	5	13	
MPS1	45	0	0	0	0	0	0	2	2	0	3	2	3	14	9	9	4	0	7	17	11	40	0	0	2	7	6	4	5	13	
MPS1	46	0	0	0	0	0	0	2	2	0	3	2	3	14	9	9	4	0	7	17	11	40	0	0	2	7	6	4	5	13	
MPS1	47	0	0	0	0	0	0	5	6	11	16	25	14	24	15	29	4	0	15	15	48	39	0	0	0	6	7	7	6	6	
MPS1	48	0	0	0	0	0	0	5	6	11	16	25	14	24	15	29	4	0	15	15	48	39	0	0	0	6	7	7	6	6	
MPS1	49	0	0	0	0	0	0	5	6	11	16	25	14	24	15	29	4	0	15	15	48	39	0	0	0	6	7	7	6	6	
MPS1	50	0	0	0	0	0	0	5	6	11	16	25	14	24	15	29	4	0	15	15	48	39	0	0	0	6	7	7	6	6	
MPS1	51	0	0	0	0	0	0	5	6	11	16	25	14	24	15	29	4	0	15	15	48	39	0	0	0	6	7	7	6	6	
MPS1	52	0	0	0	0	0	0	5	6	11	16	25	14	24	15	29	4	0	15	15	48	39	0	0	0	6	7	7	6	6	
MPS1	53	0	0	0	0	0	0	5	6	11	16	25	14	24	15	29	4	0	15	15	48	39	0	0	0	6	7	7	6	6	
MPS1	54	0	0	0	0	0	0	5	6	11	16	25	14	24	15	29	4	0	15	15	48	39	0	0	0	6	7	7	6	6	
MPS1	55	0	0	0	0	0	0	5	6	11	16	25	14	24	15	29	4	0	15	15	48	39	0	0	0	6	7	7	6	6	
MPS1	56	0	0	0	0	0	0	5	6	11	16	25	14	24	15	29	4	0	15	15	48	39	0	0	0	6	7	7	6	6	
MPS1	57	0	0	0	0	0	0	5	6	11	16	25	14	24	15	29	4	0	15	15	48	39	0	0	0	6	7	7	6	6	
MPS1	58	0	0	0	0	0	0	5	6	11	16	25	14	24	15	29	4	0	15	15	48	39	0	0	0	6	7	7	6	6	
MPS1	59	0	0	0	0	0	0	5	6	11	16	25	14	24	15	29	4	0	15	15	48	39	0	0	0	6	7	7	6	6	
MPS1	60	0	0	0	0	0	0	5	6	11	16	25	14	24	15	29	4	0	15	15	48	39	0	0	0	6	7	7	6	6	
MPS1	61	0	0	0	0	0	0	5	6	11	18	25	14	21	11	21	4	0	9	9	48	33	0	0	0	0	0	0	0	0	
MPS1	62	0	0	0	0	0	0	5	6	11	18	25	14	21	11	21	4	0	9	9	48	33	0	0	0	0	0	0	0	0	
MPS1	63	0	0	0	0	0	0	5	6	11	18	25	14	21	11	21	4	0	9	9	48	33	0	0	0	0	0	0	0	0	
MPS1	64	0	0	0	0	0	0	5	6	11	18	25	14	21	11	21	4	0	9	9	48	33	0	0	0	0	0	0	0	0	
MPS1	65	0	0	0	0	0	0	5	3	5	13	15	4	19	11	16	0	0	3	4	35	19	0	0	0	2	0	0	0	0	
MPS1	66	0	0	0	0	0	0	5	3	5	13	15	4	19	11	16	0	0	3	4	35	19	0	0	0	2	0	0	0	0	
MPS1	67	0	0	0	0	0	0	5	3	5	13	15	4	19	11	16	0	0	3	4	35	19	0	0	0	2	0	0	0	0	
MPS1	68	0	0	0	0	0	0	5	3	5	13	15	4	19	11	16	0	0	3	4	35	19	0	0	0	2	0	0	0	0	
MPS1	69	0	0	0	0	0	0	5	3	5	13	15	4	19	11	16	0	0	3	4	35	19	0	0	0	2	0	0	0	0	
MPS1	70	0	0	0	0	0	0	5	3	5	13	15	4	19	11	16	0	0	3	4	35	19	0	0	0	2	0	0	0	0	
MPS1	71	0	0	0	0	0	0	0	0	0	2	2	0	2	2	2	0	0	0	0	0	0	0	0	0	2	0	0	0	0	
MPS1	72	0	0	0	0	0	0	0	0	0	2	2	0	2	2	2	0	0	0	0	0	0	0	0	0	2	0	0	0	0	
MPS1	73	0	0	0	0	0	0	0	0	0	2	2	0	2	2	2	0	0	0	0	0	0	0	0	0	2	0	0	0	0	
MPS1	74	0	0	0	0	0	0	0	0	0	2	2	0	2	2	2	0	0	0	0	0	0	0	0	0	2	0	0	0	0	
MPS1	75	0	0	0	0	0	0	2	4	7	11	14	8	15	8	23	2	0	2	42	11	143	0	0	0	0	0	0	0	0	
MPS1	76	0	0	0	0	0	0	2	4	7	11	14	8	15	8	23	2	0	2	42	11	143	0	0	0	0	0	0	0	0	
MPS1	77	0	0	0	0	0	0	2	4	7	11	14	8	15	8	23	2	0	2	42	11	143	0	0	0	0	0	0	0	0	
MPS1	78	0	0	0	0	0	0	2	4	7	11	14	8	15	8	23	2	0	2	42	11	143	0	0	0	0	0	0	0	0	
MPS1	79	0	0	0	0	0	0	2	4	7	11	14	8	15	8	23	2	0	2	42	11	143	0	0	0	0	0	0	0	0	
MPS1	80	0	0	0	0	0	0	2	4	7	11	14	8	15	8	23	2	0	2	42	11	143	0	0	0	0	0	0	0	0	
MPS1	81	0	0	0	0	0	0	2	4	7	11	14	8	15	8	23	2	0	2	42	11	143	0	0	0	0	0	0	0	0	
MPS1	82	0	0	0	0	0	0	2	4	7	11	14	8	15	8	23	2	0	2	42	11	143	0	0	0	0	0	0	0	0	
MPS1	83	0	0	0	0	0	0	2	4	7	11	14	8	15	8	23	2	0	2	42	11	143	0	0	0	0	0	0	0	0	
MPS1	84	0	0	0	0	0	0	2	4	7	11	14	8	15	8	23	2	0	2	42	11	143	0	0	0	0	0	0	0	0	
MPS1	85	0	0	0	0	0	0	2	4	7	11	14	8	15	8	23	2	0	2	42	11	143	0	0	0	0	0	0	0	0	
MPS1	86	0	0	0	0	0	0	2	4	7	11	14	8	15	8	23	2	0	2	42	11	143	0	0	0	0	0	0	0	0	
MPS1	87	0	0	0	0	0	0	2	4	7	11	14	8	15	8	23	2	0	2	42	11	143	0	0	0	0	0	0	0	0	
MPS1	88	0	0	0	0	0	0	2	4	7	11	14	8	15	8	23	2	0	2	42	11	143	0	0	0	0	0	0	0	0	
MPS1	89	0	0	0	0	0	0	2	4	7	11	14	8	15	8	23	2	0	2	42	11	143	0	0	0	0	0	0	0	0	
MPS1	90	0	0	0	0	0	0	2	4	7	11	14	8	15	8	23	2	0	2	42	11	143	0	0	0	0	0	0	0	0	
MPS1	91	0	0	0	0	0	0	2	4	7	11	14	8	15	8	23	2	0	2	42	11	143	0	0	0	0	0	0	0	0	
MPS1	92	0	0	0	0	0	0	2	4	7	11	14	8	15	8	23	2	0	2	42	11	143	0	0	0	0	0	0	0	0	
MPS1	93	0	0	0	0	0	0	2	4	7	11	14	8	15	8	23	2	0	2	42	11	143	0	0	0	0	0	0	0	0	
MPS1	94	0	0	0	0	0	0	2	4	7	11	14	8	15	8	23	2	0	2	42	11	143	0	0	0	0	0	0	0	0	
MPS1	95	0	0	0	0	0	0	2	4	7	11	14	8	15	8	23	2	0	2	42	11	143	0	0	0	0	0	0	0	0	
MPS1	96	0	0	0	0	0	0	2	4	7	11	14	8	15	8	23	2	0	2	42	11	143	0	0	0	0	0	0	0	0	
MPS1	97	0	0	0	0	0	0	2	4	7	11	14	8	15	8	23	2	0	2	42	11	143	0	0	0	0	0	0	0	0	
MPS1	98	0	0	0	0	0	0	2	4	7	11	14	8	15	8	23	2	0	2	42	11	143	0	0	0	0	0	0	0	0	
MPS1	99	0	0	0	0	0	0	2	4	7	11	14	8	15	8	23	2	0	2	42	11	143	0	0	0	0	0	0	0	0	
MPS1	100	0	0	0	0	0	0	2	4	7	11	14	8	15	8	23	2	0	2	42	11	143	0	0	0	0	0	0	0	0	
MPS1	101	0	0	0	0	0	0	0	0	0	0	0	0	0	2	0	0	0	0	0	0	2	0	0	0	0	0	0	0	0	
MPS1	102	0	0	0	0	0	0	0	0	0	0	0	0	0	2	0	0	0	0	0	0	2	0	0	0	0	0	0	0	0	
MPS1	103	0	0	0	0	0	0	0	0	0	0	0	0	0	2	0	0	0	0	0	0	2	0	0	0	0	0	0	0	0	
MPS1	104	0	0	0	0	0	0	0	0	0	0	0	0	0	0	2	0	0	0	36	0	113	0	0	0	3	2	2	4	2	
MPS1	105	0	0	0	0	0	0	0	0	0	0	0	0	0	0	2	0	0	0	36	0	113	0	0	0	3	2	2	4	2	
MPS1	106	0	0	0	0	0	0	0	0	0	0	0	0	0	0	2	0	0	0	36	0	113	0	0	0	3	2	2	4	2	
MPS1	107	0	0	0	0	0	0	0	0	0	0	0	0	0	0	2	0	0	0	36	0	113	0	0	0	3	2	2	4	2	
MPS1	108	0	0	0	0	0	0	0	0	0	0	0	0	0	0	2	0	0	0	36	0	113	0	0	0	3	2	2	4	2	
MPS1	109	0	0	0	0	0	0	0	0	0	0	0	0	0	0	2	0	0	0	36	0	113	0	0	0	3	2	2	4	2	
MPS1	110	0	0	0	0	0	0	0	0	0	0	0	0	0	0	2	0	0	0	36	0	113	0	0	0	3	2	2	4	2	
MPS1	111	0	0	0	0	0	0	0	0	0	0	0	0	0	0	2	0	0	0	36	0	113	0	0	0	3	2	2	4	2	
MPS1	112	0	0	0	0	0	0	0	0	0	0	0	0	0	0	2	0	0	0	36	0	113	0	0	0	3	2	2	4	2	
MPS1	113	0	0	0	0	0	0	0	0	0	0	0	0	0	0	2	0	0	0	36	0	113	0	0	0	3	2	2	4	2	
MPS1	114	0	0	0	0	0	0	0	0	0	0	0	0	0	0	2	0	0	0	36	0	113	0	0	0	3	2	2	4	2	
MPS1	115	0	0	0	0	0	0	0	0	0	0	0	0	0	0	2	0	0	0	36	0	113	0	0	0	3	2	2	4	2	
MPS1	116	0	0	0	0	0	0	0	0	0	0	0	0	0	0	2	0	0	0	36	0	113	0	0	0	3	2	2	4	2	
MPS1	117	0	0	0	0	0	0	0	0	0	0	0	0	0	0	2	0	0	0	36	0	113	0	0	0	3	2	2	4	2	
MPS1	118	0	0	0	0	0	0	0	0	0	0	0	0	0	0	2	0	0	0	36	0	113	0	0	0	3	2	2	4	2	
MPS1	119	0	0	0	0	0	0	0	0	0	0	0	0	0	0	2	0	0	0	36	0	113	0	0	0	3	2	2	4	2	
MPS1	120	0	0	0	0	0	0	0	0	0	0	0	0	0	0	2	0	0	0	36	0	113	0	0	0	3	2	2	4	2	
MPS1	121	0	0	0	0	0	0	0	0	0	0	0	0	0	0	2	0	0	0	36	0	113	0	0	0	3	2	2	4	2	
MPS1	122	0	0	0	0	0	0	0	0	0	0	0	0	0	0	2	0	0	0	36	0	113	0	0	0	3	2	2	4	2	
MPS1	123	0	0	0	0	0	0	0	0	0	0	0	0	0	0	2	0	0	0	36	0	113	0	0	0	3	2	2	4	2	
MPS1	124	0	0	0	0	0	0	0	0	0	0	0	0	0	0	2	0	0	0	36	0	113	0	0	0	3	2	2	4	2	
MPS1	125	0	0	0	0	0	0	0	0	0	0	0	0	0	0	2	0	0	0	36	0	113	0	0	0	3	2	2	4	2	
MPS1	126	0	0	0	0	0	0	0	0	0	0	0	0	0	0	2	0	0	0	36	0	113	0	0	0	3	2	2	4	2	
MPS1	127	0	0	0	0	0	0	0	0	0	0	0	0	0	0	2	0	0	0	36	0	113	0	0	0	3	2	2	4	2	
MPS1	128	0	0	0	0	0	0	0	0	0	0	0	0	0	0	2	0	0	0	36	0	113	0	0	0	3	2	2	4	2	
MPS1	129	0	0	0	0	0	0	0	0	0	0	0	0	0	0	2	0	0	0	9	0	39	0	0	0	0	0	0	0	0	
MPS1	130	0	0	0	0	0	0	0	0	0	0	0	0	0	0	2	0	0	0	9	0	39	0	0	0	0	0	0	0	0	
MPS1	131	0	0	0	0	0	0	0	0	0	0	0	0	0	0	2	0	0	0	9	0	39	0	0	0	0	0	0	0	0	
MPS1	132	0	0	0	0	0	0	0	0	0	0	0	0	0	0	2	0	0	0	9	0	39	0	0	0	0	0	0	0	0	
MPS1	133	0	0	0	0	0	0	0	0	0	0	0	0	0	0	0	0	0	0	0	0	0	0	0	0	0	0	0	0	0	
MPS1	134	0	0	0	0	0	0	0	0	0	0	0	0	0	0	0	0	0	0	0	0	0	0	0	0	0	0	0	0	0	
MPS1	135	0	0	0	0	0	0	0	0	0	0	0	0	0	0	0	0	0	0	0	0	4	0	0	0	0	0	0	0	0	
MPS1	136	0	0	0	0	0	0	0	0	0	0	0	0	0	0	0	0	0	0	0	0	4	0	0	0	0	0	0	0	0	
MPS1	137	0	0	0	0	0	0	0	0	0	0	0	0	0	0	0	0	0	0	0	0	4	0	0	0	0	0	0	0	0	
MPS1	138	0	0	0	0	0	0	0	0	0	0	0	0	0	0	0	0	0	0	0	0	4	0	0	0	0	0	0	0	0	
MPS1	139	0	0	0	0	0	0	0	0	0	0	0	0	0	0	0	0	0	0	0	0	4	0	0	0	0	0	0	0	0	
MPS1	140	0	0	0	0	0	0	0	0	0	0	0	0	0	0	0	0	0	0	0	0	4	0	0	0	0	0	0	0	0	
MPS1	141	0	0	0	0	0	0	0	0	0	0	0	0	0	0	0	0	0	0	0	0	4	0	0	0	0	0	0	0	0	
MPS1	142	0	0	0	0	0	0	0	0	0	0	0	0	0	0	0	0	0	0	0	0	4	0	0	0	0	0	0	0	0	
MPS1	143	0	0	0	0	0	0	0	0	0	0	0	0	0	0	0	0	0	0	0	0	4	0	0	0	0	0	0	0	0	
MPS1	144	0	0	0	0	0	0	0	0	0	0	0	0	0	0	0	0	0	0	0	0	4	0	0	0	0	0	0	0	0	
MPS1	145	0	0	0	0	0	0	0	0	0	0	0	0	0	0	0	0	0	0	0	0	4	0	0	0	0	0	0	0	0	
MPS1	146	0	0	0	0	0	0	0	0	0	0	0	0	0	0	0	0	0	0	0	0	4	0	0	0	0	0	0	0	0	
MPS1	147	0	0	0	0	0	0	0	0	0	0	0	0	0	0	0	0	0	0	0	0	4	0	0	0	0	0	0	0	0	
MPS1	148	0	0	0	0	0	0	0	0	0	0	0	0	0	0	0	0	0	0	0	0	0	0	0	0	0	0	0	0	0	
MPS1	149	0	0	0	0	0	0	0	0	0	0	0	0	0	0	0	0	0	0	0	0	0	0	0	0	0	0	0	0	0	
MPS1	150	0	0	0	0	0	0	0	0	0	0	0	0	0	0	0	0	0	0	0	0	0	0	0	0	0	0	0	0	0	
MPS1	151	0	0	0	0	0	0	0	0	0	0	0	0	0	0	0	0	0	0	0	0	0	0	0	0	0	0	0	0	0	
MPS1	152	0	0	0	0	0	0	0	0	0	0	0	0	0	0	0	0	0	0	0	0	0	0	0	0	0	0	0	0	0	
MPS1	153	0	0	0	0	0	0	0	0	0	0	0	0	0	0	0	0	0	0	0	0	0	0	0	0	0	0	0	0	0	
MPS1	154	0	0	0	0	0	0	0	0	0	0	0	0	0	0	0	0	0	0	0	0	0	0	0	0	0	0	0	0	0	
MPS1	155	0	0	0	0	0	0	0	0	0	0	0	0	0	0	0	0	0	0	0	0	0	0	0	0	0	0	0	0	0	
MPS1	156	0	0	0	0	0	0	0	0	0	0	0	0	0	0	0	0	0	0	0	0	0	0	0	0	0	0	0	0	0	
MPS1	157	0	0	0	0	0	0	0	0	0	0	0	0	0	0	0	0	0	0	0	0	0	0	0	0	0	0	0	0	0	
MPS1	158	0	0	0	0	0	0	0	0	0	0	0	0	0	0	0	0	0	0	0	0	0	0	0	0	0	0	0	0	0	
MPS1	159	0	0	0	0	0	0	0	0	0	0	0	0	0	0	0	0	0	0	0	0	0	0	0	0	0	0	0	0	0	
MPS1	160	0	0	0	0	0	0	0	0	0	0	0	0	0	0	0	0	0	0	0	0	0	0	0	0	0	0	0	0	0	
MPS1	161	0	0	0	0	0	0	0	0	0	0	0	0	0	0	0	0	0	0	0	0	0	0	0	0	0	0	0	0	0	
MPS1	162	0	0	0	0	0	0	0	0	0	0	0	0	0	0	0	0	0	0	0	0	0	0	0	0	0	0	0	0	0	
MPS1	163	0	0	0	0	0	0	0	0	0	0	0	0	0	0	0	0	0	0	0	0	0	0	0	0	0	0	0	0	0	
MPS1	164	0	0	0	0	0	0	0	0	0	0	0	0	0	0	0	0	0	0	0	0	0	0	0	0	0	0	0	0	0	
MPS1	165	0	0	0	0	0	0	0	0	0	0	0	0	0	0	0	0	0	0	0	0	0	0	0	0	0	0	0	0	0	
MPS1	166	0	0	0	0	0	0	0	0	0	0	0	0	0	0	0	0	0	0	0	0	0	0	0	0	0	0	0	0	0	
MPS1	167	0	0	0	0	0	0	0	0	0	0	0	0	0	0	0	0	0	0	0	0	0	0	0	0	0	0	0	0	0	
MPS1	168	0	0	0	0	0	0	0	0	0	0	0	0	0	0	0	0	0	0	0	0	0	0	0	0	0	0	0	0	0	
MPS1	169	0	0	0	0	0	0	0	0	0	0	0	0	0	0	0	0	0	0	0	0	0	0	0	0	0	0	0	0	0	
MPS1	170	0	0	0	0	0	0	0	0	0	0	0	0	0	0	0	0	0	0	8	0	2	0	0	0	0	0	0	0	0	
MPS1	171	0	0	0	0	0	0	9	2	0	2	0	0	7	9	8	7	3	5	43	31	50	0	0	8	8	4	2	2	2	
MPS1	172	0	0	0	0	0	0	9	2	0	2	0	0	7	9	8	7	3	5	43	31	50	0	0	8	8	4	2	2	2	
MPS1	173	0	0	0	0	0	0	9	2	0	2	0	0	7	9	8	7	3	5	43	31	50	0	0	8	8	4	2	2	2	
MPS1	174	0	0	0	0	0	0	9	2	0	2	0	0	7	9	8	7	3	5	43	31	50	0	0	8	8	4	2	2	2	
MPS1	175	0	0	0	0	0	0	9	2	0	2	0	0	7	9	8	7	3	5	43	31	50	0	0	8	8	4	2	2	2	
MPS1	176	0	0	0	0	0	0	9	2	0	2	0	0	7	9	8	7	3	5	43	31	50	0	0	8	8	4	2	2	2	
MPS1	177	0	0	0	0	0	0	9	2	0	2	0	0	7	9	8	7	3	5	43	31	50	0	0	8	8	4	2	2	2	
MPS1	178	0	0	0	0	0	0	9	2	0	2	0	0	7	9	8	7	3	5	43	31	50	0	0	8	8	4	2	2	2	
MPS1	179	0	0	0	0	0	0	9	2	0	2	0	0	7	9	8	7	3	5	43	31	50	0	0	8	8	4	2	2	2	
MPS1	180	0	0	0	0	0	0	9	2	0	2	0	0	7	9	8	7	3	5	43	31	50	0	0	8	8	4	2	2	2	
MPS1	181	0	0	0	0	0	0	9	2	0	2	0	0	7	9	8	7	3	5	43	31	50	0	0	8	8	4	2	2	2	
MPS1	182	0	0	0	0	0	0	9	2	0	2	0	0	7	9	8	7	3	5	43	31	50	0	0	8	8	4	2	2	2	
MPS1	183	0	0	0	0	0	0	9	2	0	2	0	0	7	9	8	7	3	5	43	31	50	0	0	8	8	4	2	2	2	
MPS1	184	0	0	0	0	0	0	9	2	0	2	0	0	7	9	8	7	3	5	43	31	50	0	0	8	8	4	2	2	2	
MPS1	185	0	0	0	0	0	0	9	2	0	2	0	0	7	9	8	7	3	5	43	31	50	0	0	8	8	4	2	2	2	
MPS1	186	0	0	0	0	0	0	9	2	0	2	0	0	7	9	8	7	3	5	43	31	50	0	0	8	8	4	2	2	2	
MPS1	187	0	0	0	0	0	0	9	2	0	2	0	0	7	9	8	7	3	5	43	31	50	0	0	8	8	4	2	2	2	
MPS1	188	0	0	0	0	0	0	9	2	0	2	0	0	7	9	8	7	3	5	43	31	50	0	0	8	8	4	2	2	2	
MPS1	189	0	0	0	0	0	0	9	2	0	2	0	0	7	9	8	7	3	5	43	31	50	0	0	8	8	4	2	2	2	
MPS1	190	0	0	0	0	0	0	9	2	0	2	0	0	7	9	8	7	3	5	43	31	50	0	0	8	8	4	2	2	2	
MPS1	191	0	0	0	0	0	0	9	2	0	2	0	0	7	9	8	7	3	5	43	31	50	0	0	8	8	4	2	2	2	
MPS1	192	0	0	0	0	0	0	9	2	0	2	0	0	7	9	8	7	3	5	43	31	50	0	0	8	8	4	2	2	2	
MPS1	193	0	0	0	0	0	0	9	2	0	2	0	0	7	9	8	7	3	5	43	31	50	0	0	8	8	4	2	2	2	
MPS1	194	0	0	0	0	0	0	3	0	0	3	3	5	3	3	6	3	0	0	21	4	30	0	0	2	4	2	5	3	2	
MPS1	195	0	0	0	0	0	0	3	0	0	3	3	5	3	3	6	3	0	0	21	4	30	0	0	2	4	2	5	3	2	
MPS1	196	0	0	0	0	0	0	3	0	0	3	3	5	3	3	6	3	0	0	21	4	30	0	0	2	4	2	5	3	2	
MPS1	197	0	0	0	0	0	0	3	0	0	3	3	5	3	3	6	3	0	0	21	4	30	0	0	2	4	2	5	3	2	
MPS1	198	0	0	0	0	0	0	3	0	0	3	3	5	3	3	6	3	0	0	21	4	30	0	0	2	4	2	5	3	2	
MPS1	199	0	0	0	0	0	0	3	0	0	3	3	5	3	3	6	3	0	0	21	4	30	0	0	2	4	2	5	3	2	
MPS1	200	0	0	0	0	0	0	3	0	0	3	3	5	3	3	6	3	0	0	21	4	30	0	0	2	4	2	5	3	2	
MPS1	201	0	0	0	0	0	0	3	0	0	3	3	5	3	3	6	3	0	0	21	4	30	0	0	2	4	2	5	3	2	
MPS1	202	0	0	0	0	0	0	3	0	0	3	3	5	3	3	6	3	0	0	21	4	30	0	0	2	4	2	5	3	2	
MPS1	203	0	0	0	0	0	0	3	0	0	3	3	5	3	3	6	3	0	0	21	4	30	0	0	2	4	2	5	3	2	
MPS1	204	0	0	0	0	0	0	3	0	0	3	3	5	3	3	6	3	0	0	21	4	30	0	0	2	4	2	5	3	2	
MPS1	205	0	0	0	0	0	0	3	0	0	3	3	5	3	3	6	3	0	0	21	4	30	0	0	2	4	2	5	3	2	
MPS1	206	0	0	0	0	0	0	3	0	0	3	3	5	3	3	6	3	0	0	21	4	30	0	0	2	4	2	5	3	2	
MPS1	207	0	0	0	0	0	0	3	0	0	3	3	5	3	3	6	3	0	0	21	4	30	0	0	2	4	2	5	3	2	
MPS1	208	0	0	0	0	0	0	3	0	0	3	3	5	3	3	6	3	0	0	21	4	30	0	0	2	4	2	5	3	2	
MPS1	209	0	0	0	0	0	0	3	0	0	3	3	5	3	3	6	3	0	0	21	4	30	0	0	2	4	2	5	3	2	
MPS1	210	0	0	0	0	0	0	0	0	0	0	0	0	0	0	0	0	0	0	7	0	12	0	0	0	0	0	0	0	0	
MPS1	211	0	0	0	0	0	0	0	0	0	0	0	0	0	0	0	0	0	0	7	0	12	0	0	0	0	0	0	0	0	
MPS1	212	0	0	0	0	0	0	0	0	0	0	0	0	0	0	0	0	0	0	7	0	12	0	0	0	0	0	0	0	0	
MPS1	213	0	0	0	0	0	0	0	0	0	0	0	0	0	0	0	0	0	0	41	0	25	0	0	0	0	0	0	0	0	
MPS1	214	0	0	0	0	0	0	0	0	0	0	0	0	0	0	0	0	0	0	72	0	48	0	0	0	0	0	0	0	0	
MPS1	215	0	0	0	0	0	0	0	0	0	0	0	0	0	0	0	0	0	0	72	0	48	0	0	0	0	0	0	0	0	
MPS1	216	0	0	0	0	0	0	0	0	0	0	0	0	0	0	0	0	0	0	72	0	48	0	0	0	0	0	0	0	0	
MPS1	217	0	0	0	0	0	0	0	0	0	0	0	0	0	0	0	0	0	0	72	0	48	0	0	0	0	0	0	0	0	
MPS1	218	0	0	0	0	0	0	0	0	0	0	0	0	0	0	0	0	0	0	72	0	48	0	0	0	0	0	0	0	0	
MPS1	219	0	0	0	0	0	0	0	0	0	0	0	0	0	0	0	0	0	0	72	0	48	0	0	0	0	0	0	0	0	
MPS1	220	0	0	0	0	0	0	0	0	0	0	0	0	0	0	0	0	0	0	72	0	48	0	0	0	0	0	0	0	0	
MPS1	221	0	0	0	0	0	0	0	0	0	0	0	0	0	0	0	0	0	0	72	0	48	0	0	0	0	0	0	0	0	
MPS1	222	0	0	0	0	0	0	0	0	0	0	0	0	0	0	0	0	0	0	72	0	48	0	0	0	0	0	0	0	0	
MPS1	223	0	0	0	0	0	0	0	0	0	0	0	0	0	0	0	0	0	0	72	0	48	0	0	0	0	0	0	0	0	
MPS1	224	0	0	0	0	0	0	0	0	0	0	0	0	0	0	0	0	0	0	72	0	48	0	0	0	0	0	0	0	0	
MPS1	225	0	0	0	0	0	0	0	0	0	0	0	0	0	0	0	0	0	0	72	0	48	0	0	0	0	0	0	0	0	
MPS1	226	0	0	0	0	0	0	0	0	0	0	0	0	0	0	0	0	0	0	72	0	48	0	0	0	0	0	0	0	0	
MPS1	227	0	0	0	0	0	0	0	0	0	0	0	0	0	0	0	0	0	0	72	0	48	0	0	0	0	0	0	0	0	
MPS1	228	0	0	0	0	0	0	0	0	0	0	0	0	0	0	0	0	0	0	72	0	48	0	0	0	0	0	0	0	0	
MPS1	229	0	0	0	0	0	0	0	0	0	0	0	0	0	0	0	0	0	0	72	0	48	0	0	0	0	0	0	0	0	
MPS1	230	0	0	0	0	0	0	0	0	0	0	0	0	0	0	0	0	0	0	72	0	48	0	0	0	0	0	0	0	0	
MPS1	231	0	0	0	0	0	0	0	0	0	0	0	0	0	0	0	0	0	0	72	0	48	0	0	0	0	0	0	0	0	
MPS1	232	0	0	0	0	0	0	0	0	0	0	0	0	0	0	0	0	0	0	72	0	48	0	0	0	0	0	0	0	0	
MPS1	233	0	0	0	0	0	0	5	0	0	0	0	0	8	2	8	2	0	0	59	0	45	0	0	0	0	0	5	5	7	
MPS1	234	0	0	0	0	0	0	7	0	0	5	2	0	26	13	21	2	0	2	66	5	78	0	0	2	8	8	13	13	13	
MPS1	235	0	0	0	0	0	0	7	0	0	5	2	0	26	13	21	2	0	2	66	5	78	0	0	2	8	8	13	13	13	
MPS1	236	0	0	0	0	0	0	7	0	0	5	2	0	26	13	21	2	0	2	66	5	78	0	0	2	8	8	13	13	13	
MPS1	237	0	0	0	0	0	0	7	0	0	5	2	0	26	13	21	2	0	2	66	5	78	0	0	2	8	8	13	13	13	
MPS1	238	0	0	0	0	0	0	7	0	0	5	2	0	26	13	21	2	0	2	66	5	78	0	0	2	8	8	13	13	13	
MPS1	239	0	0	0	0	0	0	7	0	0	5	2	0	26	13	21	2	0	2	66	5	78	0	0	2	8	8	13	13	13	
MPS1	240	0	0	0	0	0	0	7	0	0	5	2	0	26	13	21	2	0	2	66	5	78	0	0	2	8	8	13	13	13	
MPS1	241	0	0	0	0	0	0	7	0	0	5	2	0	26	13	21	2	0	2	66	5	78	0	0	2	8	8	13	13	13	
MPS1	242	0	0	0	0	0	0	7	0	0	5	2	0	26	13	21	2	0	2	66	5	78	0	0	2	8	8	13	13	13	
MPS1	243	0	0	0	0	0	0	7	0	0	5	2	0	26	13	21	2	0	2	66	5	78	0	0	2	8	8	13	13	13	
MPS1	244	0	0	0	0	0	0	7	0	0	5	2	0	26	13	21	2	0	2	66	5	78	0	0	2	8	8	13	13	13	
MPS1	245	0	0	0	0	0	0	7	0	0	5	2	0	26	13	21	2	0	2	66	5	78	0	0	2	8	8	13	13	13	
MPS1	246	0	0	0	0	0	0	7	0	0	5	2	0	26	13	21	2	0	2	66	5	78	0	0	2	8	8	13	13	13	
MPS1	247	0	0	0	0	0	0	7	0	0	5	2	0	26	13	21	2	0	2	66	5	78	0	0	2	8	8	13	13	13	
MPS1	248	0	0	0	0	0	0	7	0	0	5	2	0	26	13	21	2	0	2	66	5	78	0	0	2	8	8	13	13	13	
MPS1	249	0	0	0	0	0	0	7	0	0	5	2	0	26	13	21	2	0	2	66	5	78	0	0	2	8	8	13	13	13	
MPS1	250	0	0	0	0	0	0	7	0	0	5	2	0	26	13	21	2	0	2	66	5	78	0	0	2	8	8	13	13	13	
MPS1	251	0	0	0	0	0	0	7	0	0	5	2	0	26	13	21	2	0	2	66	5	78	0	0	2	8	8	13	13	13	
MPS1	252	0	0	0	0	0	0	5	0	0	5	2	0	18	13	14	2	0	2	10	5	31	0	0	0	0	0	0	0	0	
MPS1	253	0	0	0	0	0	0	5	0	0	5	2	0	18	13	14	2	0	2	10	5	31	0	0	0	0	0	0	0	0	
MPS1	254	0	0	0	0	0	0	2	0	0	3	2	0	10	8	6	0	0	2	0	2	8	0	0	0	0	0	0	0	0	
MPS1	255	0	0	0	0	0	0	2	0	0	3	2	0	10	8	6	0	0	2	0	2	8	0	0	0	0	0	0	0	0	
MPS1	256	0	0	0	0	0	0	2	0	0	3	2	0	10	8	6	0	0	2	0	2	8	0	0	0	0	0	0	0	0	
MPS1	257	0	0	0	0	0	0	2	0	0	3	2	0	10	8	6	0	0	2	0	2	8	0	0	0	0	0	0	0	0	
MPS1	258	0	0	0	0	0	0	0	0	0	0	0	0	0	0	0	0	0	0	0	0	0	0	0	0	0	0	0	0	0	
MPS1	259	0	0	0	0	0	0	0	0	0	0	0	0	0	0	0	0	0	0	0	0	0	0	0	0	0	0	0	0	0	
MPS1	260	0	0	0	0	0	0	0	0	0	0	0	0	0	0	0	0	0	0	0	0	0	0	0	0	0	0	0	0	0	
MPS1	261	0	0	0	0	0	0	0	0	0	0	0	0	0	0	0	0	0	0	0	0	0	0	0	0	0	0	0	0	0	
MPS1	262	0	0	0	0	0	0	0	0	0	0	0	0	0	0	0	0	0	0	0	0	0	0	0	0	0	0	0	0	0	
MPS1	263	0	0	0	0	0	0	0	0	0	0	0	0	0	0	0	0	0	0	0	0	0	0	0	0	0	0	0	0	0	
MPS1	264	0	0	0	0	0	0	0	0	0	0	0	0	0	0	0	0	0	0	0	0	0	0	0	0	0	0	0	0	0	
MPS1	265	0	0	0	0	0	0	0	0	0	0	0	0	0	0	0	0	0	0	0	0	0	0	0	0	0	0	0	0	0	
MPS1	266	0	0	0	0	0	0	0	0	0	0	0	0	0	0	0	0	0	0	0	0	0	0	0	0	0	0	0	0	0	
MPS1	267	0	0	0	0	0	0	0	0	0	0	0	0	0	0	0	0	0	0	0	0	0	0	0	0	0	0	0	0	0	
MPS1	268	0	0	0	0	0	0	0	0	0	0	0	0	0	0	0	0	0	0	0	0	0	0	0	0	0	0	0	0	0	
MPS1	269	0	0	0	0	0	0	0	0	0	0	0	0	0	0	0	0	0	0	0	0	0	0	0	0	0	0	0	0	0	
MPS1	270	0	0	0	0	0	0	0	0	0	0	0	0	0	0	0	0	0	0	0	0	0	0	0	0	0	0	0	0	0	
MPS1	271	0	0	0	0	0	0	0	0	0	0	0	0	0	0	0	0	0	0	0	0	0	0	0	0	0	0	0	0	0	
MPS1	272	0	0	0	0	0	0	0	0	0	0	0	0	0	0	0	0	0	0	0	0	0	0	0	0	0	0	0	0	0	
MPS1	273	0	0	0	0	0	0	0	0	0	0	0	0	0	0	0	0	0	0	0	6	0	0	0	0	0	0	0	0	0	
MPS1	274	0	0	0	0	0	0	0	0	0	0	0	0	0	0	0	0	0	0	0	6	0	0	0	0	0	0	0	0	0	
MPS1	275	0	0	0	0	0	0	0	4	18	0	0	2	0	0	0	0	0	2	6	25	11	0	0	3	0	3	4	2	2	
MPS1	276	0	0	0	0	0	0	0	4	18	0	0	2	0	0	0	0	0	2	6	25	11	0	0	3	0	3	4	2	2	
MPS1	277	0	0	0	0	0	0	0	4	18	0	0	2	0	0	0	0	0	2	6	25	11	0	0	3	0	3	4	2	2	
MPS1	278	0	0	0	0	0	0	0	4	18	0	0	2	0	0	0	0	0	2	6	25	11	0	0	3	0	3	4	2	2	
MPS1	279	0	0	0	0	0	0	0	4	18	0	0	2	0	0	0	0	0	2	6	25	11	0	0	3	0	3	4	2	2	
MPS1	280	0	0	0	0	0	0	0	4	18	0	0	2	0	0	0	0	0	2	6	25	11	0	0	3	0	3	4	2	2	
MPS1	281	0	0	0	0	0	0	0	4	18	0	0	2	0	0	0	0	0	2	6	25	11	0	0	3	0	3	4	2	2	
MPS1	282	0	0	0	0	0	0	0	4	18	0	0	2	0	0	0	0	0	2	6	25	11	0	0	3	0	3	4	2	2	
MPS1	283	0	0	0	0	0	0	0	4	18	0	0	2	0	0	0	0	0	2	6	25	11	0	0	3	0	3	4	2	2	
MPS1	284	0	0	0	0	0	0	0	4	18	0	0	2	0	0	0	0	0	2	6	25	11	0	0	3	0	3	4	2	2	
MPS1	285	0	0	0	0	0	0	0	4	18	0	0	2	0	0	0	0	0	2	6	25	11	0	0	3	0	3	4	2	2	
MPS1	286	0	0	0	0	0	0	0	4	18	0	0	2	0	0	0	0	0	2	6	25	11	0	0	3	0	3	4	2	2	
MPS1	287	0	0	0	0	0	0	0	4	18	0	0	2	0	0	0	0	0	2	6	25	11	0	0	3	0	3	4	2	2	
MPS1	288	0	0	0	0	0	0	0	4	18	0	0	2	0	0	0	0	0	2	6	25	11	0	0	3	0	3	4	2	2	
MPS1	289	0	0	0	0	0	0	0	4	18	0	0	2	0	0	0	0	0	2	6	25	11	0	0	3	0	3	4	2	2	
MPS1	290	0	0	0	0	0	0	0	4	17	0	0	0	0	0	0	0	0	0	0	21	7	0	0	0	0	0	0	0	0	
MPS1	291	0	0	0	0	0	0	0	4	17	0	0	0	0	0	0	0	0	0	0	21	7	0	0	0	0	0	0	0	0	
MPS1	292	0	0	0	0	0	0	0	4	17	0	0	0	0	0	0	0	0	0	0	21	7	0	0	0	0	0	0	0	0	
MPS1	293	0	0	0	0	0	0	0	4	17	0	0	0	0	0	0	0	0	0	0	21	7	0	0	0	0	0	0	0	0	
MPS1	294	0	0	0	0	0	0	0	4	17	0	0	0	0	0	0	0	0	0	0	21	7	0	0	0	0	0	0	0	0	
MPS1	295	0	0	0	0	0	0	0	4	17	0	0	0	0	0	0	0	0	0	0	21	7	0	0	0	0	0	0	0	0	
MPS1	296	0	0	0	0	0	0	0	4	17	0	0	0	0	0	0	0	0	0	0	21	7	0	0	0	0	0	0	0	0	
MPS1	297	0	0	0	0	0	0	0	4	17	0	0	0	0	0	0	0	0	0	0	21	7	0	0	0	0	0	0	0	0	
MPS1	298	0	0	0	0	0	0	0	4	17	0	0	0	0	0	0	0	0	0	0	21	7	0	0	0	0	0	0	0	0	
MPS1	299	0	0	0	0	0	0	0	4	17	0	0	0	0	0	0	0	0	0	0	21	7	0	0	0	0	0	0	0	0	
MPS1	300	0	0	0	0	0	0	0	4	17	0	0	0	0	0	0	0	0	0	0	21	7	0	0	0	0	0	0	0	0	
MPS1	301	0	0	0	0	0	0	0	4	17	0	0	0	0	0	0	0	0	0	0	21	7	0	0	0	0	0	0	0	0	
MPS1	302	0	0	0	0	0	0	0	4	17	0	0	0	0	0	0	0	0	0	0	21	7	0	0	0	0	0	0	0	0	
MPS1	303	0	0	0	0	0	0	0	0	0	0	0	0	0	0	0	0	0	0	0	0	0	0	0	0	0	0	0	0	0	
MPS1	304	0	0	0	0	0	0	0	0	0	0	0	0	0	0	2	0	0	0	0	0	0	0	0	0	0	0	0	0	0	
MPS1	305	0	0	0	0	0	0	2	4	2	4	6	0	2	4	6	6	0	2	0	2	5	0	0	0	2	0	2	2	0	
MPS1	306	0	0	0	0	0	0	2	4	2	4	6	0	2	4	6	6	0	2	0	2	5	0	0	0	2	0	2	2	0	
MPS1	307	0	0	0	0	0	0	2	4	2	4	6	0	2	4	6	6	0	2	0	2	5	0	0	0	2	0	2	2	0	
MPS1	308	0	0	0	0	0	0	2	4	2	4	6	0	2	4	6	6	0	2	0	2	5	0	0	0	2	0	2	2	0	
MPS1	309	0	0	0	0	0	0	2	4	2	4	6	0	2	4	6	6	0	2	0	2	5	0	0	0	2	0	2	2	0	
MPS1	310	0	0	0	0	0	0	2	4	2	4	6	0	2	4	6	6	0	2	0	2	5	0	0	0	2	0	2	2	0	
MPS1	311	0	0	0	0	0	0	2	4	2	4	6	0	2	4	6	6	0	2	0	2	5	0	0	0	2	0	2	2	0	
MPS1	312	0	0	0	0	0	0	2	4	2	4	6	0	2	4	6	6	0	2	0	2	5	0	0	0	2	0	2	2	0	
MPS1	313	0	0	0	0	0	0	2	4	2	4	6	0	2	4	6	6	0	2	0	2	5	0	0	0	2	0	2	2	0	
MPS1	314	0	0	0	0	0	0	2	4	2	4	6	0	2	4	6	6	0	2	0	2	5	0	0	0	2	0	2	2	0	
MPS1	315	0	0	0	0	0	0	2	4	2	4	6	0	2	4	6	6	0	2	0	2	5	0	0	0	2	0	2	2	0	
MPS1	316	0	0	0	0	0	0	2	4	2	4	6	0	2	4	6	6	0	2	0	2	5	0	0	0	2	0	2	2	0	
MPS1	317	0	0	0	0	0	0	2	4	2	4	6	0	2	4	6	6	0	2	0	2	5	0	0	0	2	0	2	2	0	
MPS1	318	0	0	0	0	0	0	2	4	2	4	6	0	2	4	6	6	0	2	0	2	5	0	0	0	2	0	2	2	0	
MPS1	319	0	0	0	0	0	0	2	4	2	4	6	0	2	4	6	6	0	2	0	2	5	0	0	0	2	0	2	2	0	
MPS1	320	0	0	0	0	0	0	5	4	2	8	4	3	9	4	9	2	0	8	4	8	18	0	0	0	0	0	0	0	0	
MPS1	321	0	0	0	0	0	0	12	4	2	17	14	6	19	11	18	12	0	8	24	17	54	0	0	0	6	4	3	6	6	
MPS1	322	0	0	0	0	0	0	12	4	2	17	14	6	19	11	18	12	0	8	24	17	54	0	0	0	6	4	3	6	6	
MPS1	323	0	0	0	0	0	0	12	4	2	17	14	6	19	11	18	12	0	8	24	17	54	0	0	0	6	4	3	6	6	
MPS1	324	0	0	0	0	0	0	12	4	4	19	20	8	24	11	24	12	0	8	31	19	61	0	0	0	18	13	8	8	8	
MPS1	325	0	0	0	0	0	0	12	4	4	19	20	8	24	11	24	12	0	8	31	19	61	0	0	0	18	13	8	8	8	
MPS1	326	0	0	0	0	0	0	12	4	4	19	20	8	24	11	24	12	0	8	31	19	61	0	0	0	18	13	8	8	8	
MPS1	327	0	0	0	0	0	0	12	4	4	19	20	8	24	11	24	12	0	8	31	19	61	0	0	0	18	13	8	8	8	
MPS1	328	0	0	0	0	0	0	12	4	4	19	20	8	24	11	24	12	0	8	31	19	61	0	0	0	18	13	8	8	8	
MPS1	329	0	0	0	0	0	0	12	4	4	19	20	8	24	11	24	12	0	8	31	19	61	0	0	0	18	13	8	8	8	
MPS1	330	0	0	0	0	0	0	12	4	4	19	20	8	24	11	24	12	0	8	31	19	61	0	0	0	18	13	8	8	8	
MPS1	331	0	0	0	0	0	0	12	4	4	19	20	8	24	11	24	12	0	8	31	19	61	0	0	0	18	13	8	8	8	
MPS1	332	0	0	0	0	0	0	12	4	4	19	20	8	24	11	24	12	0	8	31	19	61	0	0	0	18	13	8	8	8	
MPS1	333	0	0	0	0	0	0	12	4	4	19	20	8	24	11	24	12	0	8	31	19	61	0	0	0	18	13	8	8	8	
MPS1	334	0	0	0	0	0	0	12	4	4	19	20	8	24	11	24	12	0	8	31	19	61	0	0	0	18	13	8	8	8	
MPS1	335	0	0	0	0	0	0	12	4	4	19	20	8	24	11	24	12	0	8	31	19	61	0	0	0	18	13	8	8	8	
MPS1	336	0	0	0	0	0	0	12	4	4	19	20	8	24	11	24	12	0	8	31	19	61	0	0	0	18	13	8	8	8	
MPS1	337	0	0	0	0	0	0	12	4	4	19	20	8	24	11	24	12	0	8	31	19	61	0	0	0	18	13	8	8	8	
MPS1	338	0	0	0	0	0	0	12	4	4	19	20	8	24	11	24	12	0	8	31	19	61	0	0	0	18	13	8	8	8	
MPS1	339	0	0	0	0	0	0	12	4	4	19	20	8	24	11	24	12	0	8	31	19	61	0	0	0	18	13	8	8	8	
MPS1	340	0	0	0	0	0	0	12	4	4	19	20	8	24	11	24	12	0	8	31	19	61	0	0	0	18	13	8	8	8	
MPS1	341	0	0	0	0	0	0	2	0	2	2	3	0	4	2	4	7	0	2	0	2	0	0	0	0	0	0	0	0	0	
MPS1	342	0	0	0	0	0	0	2	0	2	2	3	0	4	2	4	7	0	2	0	2	0	0	0	0	0	0	0	0	0	
MPS1	343	0	0	0	0	0	0	2	0	2	2	3	0	4	2	4	7	0	2	0	2	0	0	0	0	0	0	0	0	0	
MPS1	344	0	0	0	0	0	0	0	0	2	0	3	0	2	0	4	0	0	0	0	0	0	0	0	0	0	0	0	0	0	
MPS1	345	0	0	0	0	0	0	0	0	2	0	3	0	2	0	4	0	0	0	0	0	0	0	0	0	0	0	0	0	0	
MPS1	346	0	0	0	0	0	0	0	0	2	0	3	0	2	0	4	0	0	0	0	0	0	0	0	0	0	0	0	0	0	
MPS1	347	0	0	0	0	0	0	0	0	2	0	3	0	2	0	4	0	0	0	0	0	0	0	0	0	0	0	0	0	0	
MPS1	348	0	0	0	0	0	0	0	0	0	2	0	0	0	0	2	0	0	0	0	0	0	0	0	0	0	0	0	0	0	
MPS1	349	0	0	0	0	0	0	0	0	0	2	0	0	0	0	2	0	0	0	0	0	0	0	0	0	0	0	0	0	0	
MPS1	350	0	0	0	0	0	0	0	0	0	2	0	0	0	0	2	0	0	0	0	0	0	0	0	0	0	0	0	0	0	
MPS1	351	0	0	0	0	0	0	0	0	0	2	0	0	0	0	2	0	0	0	0	0	0	0	0	0	0	0	0	0	0	
MPS1	352	0	0	0	0	0	0	0	0	0	2	0	0	0	0	2	0	0	0	0	0	0	0	0	0	0	0	0	0	0	
MPS1	353	0	0	0	0	0	0	0	0	0	2	0	0	0	0	2	0	0	0	0	0	0	0	0	0	0	0	0	0	0	
MPS1	354	0	0	0	0	0	0	0	0	0	2	0	0	0	0	2	0	0	0	0	0	0	0	0	0	0	0	0	0	0	
MPS1	355	0	0	0	0	0	0	0	0	0	2	0	0	0	0	2	0	0	0	0	0	0	0	0	0	0	0	0	0	0	
MPS1	356	0	0	0	0	0	0	0	0	0	2	0	0	0	0	2	0	0	0	0	0	0	0	0	0	0	0	0	0	0	
MPS1	357	0	0	0	0	0	0	2	0	0	0	0	0	0	2	0	2	0	0	0	2	0	0	0	0	0	0	0	0	0	
MPS1	358	0	0	0	0	0	0	2	0	0	0	0	0	0	2	0	2	0	0	0	2	0	0	0	0	0	0	0	0	0	
MPS1	359	0	0	0	0	0	0	2	0	0	0	0	0	0	2	0	2	0	0	0	2	0	0	0	0	0	0	0	0	0	
MPS1	360	0	0	0	0	0	0	2	0	0	0	0	0	0	2	0	2	0	0	0	2	0	0	0	0	0	0	0	0	0	
MPS1	361	0	0	0	0	0	0	14	6	24	21	16	4	9	12	11	5	2	11	28	49	32	0	0	0	11	8	10	10	3	
MPS1	362	0	0	0	0	0	0	14	6	24	21	16	4	9	12	11	5	2	11	28	49	32	0	0	0	11	8	10	10	3	
MPS1	363	0	0	0	0	0	0	14	6	24	21	16	4	9	12	11	5	2	11	28	49	32	0	0	0	11	8	10	10	3	
MPS1	364	0	0	0	0	0	0	14	6	24	21	16	4	9	12	11	5	2	11	28	49	32	0	0	0	11	8	10	10	3	
MPS1	365	0	0	0	0	0	0	14	6	24	21	16	4	9	12	11	5	2	11	28	49	32	0	0	0	11	8	10	10	3	
MPS1	366	0	0	0	0	0	0	14	6	24	21	16	4	9	12	11	5	2	11	28	49	32	0	0	0	11	8	10	10	3	
MPS1	367	0	0	0	0	0	0	14	6	24	21	16	4	9	12	11	5	2	11	28	49	32	0	0	0	11	8	10	10	3	
MPS1	368	0	0	0	0	0	0	14	6	24	21	16	4	9	12	11	5	2	11	28	49	32	0	0	0	11	8	10	10	3	
MPS1	369	0	0	0	0	0	0	14	6	24	21	16	4	9	12	11	5	2	11	28	49	32	0	0	0	11	8	10	10	3	
MPS1	370	0	0	0	0	0	0	14	6	24	21	16	4	9	12	11	5	2	11	28	49	32	0	0	0	11	8	10	10	3	
MPS1	371	0	0	0	0	0	0	14	6	24	21	16	4	9	12	11	5	2	11	28	49	32	0	0	0	11	8	10	10	3	
MPS1	372	0	0	0	0	0	0	14	6	24	21	16	4	9	12	11	5	2	11	28	49	32	0	0	0	11	8	10	10	3	
MPS1	373	0	0	0	0	0	0	14	6	24	21	16	4	9	12	11	5	2	11	28	49	32	0	0	0	11	8	10	10	3	
MPS1	374	0	0	0	0	0	0	14	6	24	21	16	4	9	12	11	5	2	11	28	49	32	0	0	0	11	8	10	10	3	
MPS1	375	0	0	0	0	0	0	14	6	24	21	16	4	9	12	11	5	2	11	28	49	32	0	0	0	11	8	10	10	3	
MPS1	376	0	0	0	0	0	0	14	6	24	21	16	4	9	12	11	5	2	11	28	49	32	0	0	0	11	8	10	10	3	
MPS1	377	0	0	0	0	0	0	14	6	24	21	16	4	9	12	11	5	2	11	28	49	32	0	0	0	11	8	10	10	3	
MPS1	378	0	0	0	0	0	0	14	6	24	21	16	4	9	12	11	5	2	11	28	49	32	0	0	0	11	8	10	10	3	
MPS1	379	0	0	0	0	0	0	14	6	24	21	16	2	9	12	11	5	2	11	25	45	27	0	0	0	7	4	8	6	3	
MPS1	380	0	0	0	0	0	0	0	0	0	0	0	0	0	3	0	0	0	0	0	0	2	0	0	0	0	0	0	0	0	
MPS1	381	0	0	0	0	0	0	0	0	0	0	0	0	0	3	0	0	0	0	0	0	2	0	0	0	0	0	0	0	0	
MPS1	382	0	0	0	0	0	0	0	0	0	3	4	2	2	6	3	2	0	0	3	0	7	0	0	0	0	0	0	0	0	
MPS1	383	0	0	0	0	0	0	10	5	12	20	16	11	9	14	10	20	0	12	13	32	17	0	0	5	4	3	0	2	2	
MPS1	384	0	0	0	0	0	0	10	5	12	20	16	11	9	14	10	20	0	12	13	32	17	0	0	5	4	3	0	2	2	
MPS1	385	0	0	0	0	0	0	10	5	12	20	16	11	9	14	10	20	0	12	13	32	17	0	0	5	4	3	0	2	2	
MPS1	386	0	0	0	0	0	0	10	5	12	20	16	11	9	14	10	20	0	12	13	32	17	0	0	5	4	3	0	2	2	
MPS1	387	0	0	0	0	0	0	10	5	12	20	16	11	9	14	10	20	0	12	13	32	17	0	0	5	4	3	0	2	2	
MPS1	388	0	0	0	0	0	0	10	5	12	20	16	11	9	14	10	20	0	12	13	32	17	0	0	5	4	3	0	2	2	
MPS1	389	0	0	0	0	0	0	10	5	12	20	16	11	9	14	10	20	0	12	13	32	17	0	0	5	4	3	0	2	2	
MPS1	390	0	0	0	0	0	0	10	5	12	20	16	11	9	14	10	20	0	12	13	32	17	0	0	5	4	3	0	2	2	
MPS1	391	0	0	0	0	0	0	10	5	12	20	16	11	9	14	10	20	0	12	13	32	17	0	0	5	4	3	0	2	2	
MPS1	392	0	0	0	0	0	0	10	5	12	20	16	11	9	14	10	20	0	12	13	32	17	0	0	5	4	3	0	2	2	
MPS1	393	0	0	0	0	0	0	10	5	12	20	16	11	9	14	10	20	0	12	13	32	17	0	0	5	4	3	0	2	2	
MPS1	394	0	0	0	0	0	0	10	5	12	20	16	11	9	14	10	20	0	12	13	32	17	0	0	5	4	3	0	2	2	
MPS1	395	0	0	0	0	0	0	10	5	12	20	16	11	9	14	10	20	0	12	13	32	17	0	0	5	4	3	0	2	2	
MPS1	396	0	0	0	0	0	0	10	5	12	20	16	11	9	14	10	20	0	12	13	32	17	0	0	5	4	3	0	2	2	
MPS1	397	0	0	0	0	0	0	15	6	21	52	53	19	31	23	30	14	0	17	87	68	67	0	0	0	0	0	0	0	2	
MPS1	398	0	0	0	0	0	0	15	6	21	52	53	19	31	23	30	14	0	17	87	68	67	0	0	0	0	0	0	0	2	
MPS1	399	0	0	0	0	0	0	15	6	21	52	53	19	31	23	30	14	0	17	87	68	67	0	0	0	0	0	0	0	2	
MPS1	400	0	0	0	0	0	0	15	6	21	52	53	19	31	23	30	14	0	17	87	68	67	0	0	0	0	0	0	0	2	
MPS1	401	0	0	0	0	0	0	15	6	21	52	53	19	31	23	30	14	0	17	87	68	67	0	0	0	0	0	0	0	2	
MPS1	402	0	0	0	0	0	0	15	6	21	52	53	19	31	23	30	14	0	17	87	68	67	0	0	0	0	0	0	0	2	
MPS1	403	0	0	0	0	0	0	15	6	21	52	53	19	31	23	30	14	0	17	87	68	67	0	0	0	0	0	0	0	2	
MPS1	404	0	0	0	0	0	0	15	6	21	52	53	19	31	23	30	14	0	17	87	68	67	0	0	0	0	0	0	0	2	
MPS1	405	0	0	0	0	0	0	15	6	21	52	53	19	31	23	30	14	0	17	87	68	67	0	0	0	0	0	0	0	2	
MPS1	406	0	0	0	0	0	0	15	6	21	52	53	19	31	23	30	14	0	17	87	68	67	0	0	0	0	0	0	0	2	
MPS1	407	0	0	0	0	0	0	15	6	21	52	53	19	31	23	30	14	0	17	87	68	67	0	0	0	0	0	0	0	2	
MPS1	408	0	0	0	0	0	0	15	6	21	52	53	19	31	23	30	14	0	17	87	68	67	0	0	0	0	0	0	0	2	
MPS1	409	0	0	0	0	0	0	15	6	21	52	53	19	31	23	30	14	0	17	87	68	67	0	0	0	0	0	0	0	2	
MPS1	410	0	0	0	0	0	0	15	6	21	52	53	19	31	23	30	14	0	17	87	68	67	0	0	0	0	0	0	0	2	
MPS1	411	0	0	0	0	0	0	15	6	21	52	53	19	31	23	30	14	0	17	87	68	67	0	0	0	0	0	0	0	2	
MPS1	412	0	0	0	0	0	0	15	6	21	52	53	19	31	23	30	14	0	17	87	68	67	0	0	0	0	0	0	0	2	
MPS1	413	0	0	0	0	0	0	15	6	21	52	53	19	31	23	30	14	0	17	87	68	67	0	0	0	0	0	0	0	2	
MPS1	414	0	0	0	0	0	0	0	0	4	8	9	4	6	11	5	8	0	2	7	10	18	0	0	0	2	2	3	0	3	
MPS1	415	0	0	0	0	0	0	2	2	4	6	9	4	4	12	2	7	2	2	7	11	14	0	0	0	2	2	3	0	3	
MPS1	416	0	0	0	0	0	0	2	2	4	6	9	4	4	12	2	7	2	2	7	11	14	0	0	0	2	2	3	0	3	
MPS1	417	0	0	0	0	0	0	2	2	4	6	9	4	4	12	2	7	2	2	7	11	14	0	0	0	2	2	3	0	3	
MPS1	418	0	0	0	0	0	0	2	2	4	6	9	4	4	12	2	7	2	2	7	11	14	0	0	0	2	2	3	0	3	
MPS1	419	0	0	0	0	0	0	2	2	4	6	9	4	4	12	2	7	2	2	7	11	14	0	0	0	2	2	3	0	3	
MPS1	420	0	0	0	0	0	0	2	2	4	6	9	4	4	12	2	7	2	2	7	11	14	0	0	0	2	2	3	0	3	
MPS1	421	0	0	0	0	0	0	2	2	4	6	9	4	4	12	2	7	2	2	7	11	14	0	0	0	2	2	3	0	3	
MPS1	422	0	0	0	0	0	0	2	2	4	6	9	4	4	12	2	7	2	2	7	11	14	0	0	0	2	2	3	0	3	
MPS1	423	0	0	0	0	0	0	2	2	4	4	7	4	4	10	0	9	2	2	0	7	3	0	0	0	0	0	0	0	0	
MPS1	424	0	0	0	0	0	0	2	2	4	4	7	4	4	10	0	9	2	2	0	7	3	0	0	0	0	0	0	0	0	
MPS1	425	0	0	0	0	0	0	2	2	4	4	7	4	4	10	0	9	2	2	0	7	3	0	0	0	0	0	0	0	0	
MPS1	426	0	0	0	0	0	0	2	2	4	4	7	4	4	10	0	9	2	2	0	7	3	0	0	0	0	0	0	0	0	
MPS1	427	0	0	0	0	0	0	2	2	4	4	7	4	4	10	0	9	2	2	0	7	3	0	0	0	0	0	0	0	0	
MPS1	428	0	0	0	0	0	0	2	2	4	4	7	4	4	10	0	9	2	2	0	7	3	0	0	0	0	0	0	0	0	
MPS1	429	0	0	0	0	0	0	2	2	4	4	7	4	4	10	0	9	2	2	0	7	3	0	0	0	0	0	0	0	0	
MPS1	430	0	0	0	0	0	0	2	2	4	4	7	4	4	10	0	9	2	2	0	7	3	0	0	0	0	0	0	0	0	
MPS1	431	0	0	2	0	0	0	13	0	0	2	3	2	14	6	26	5	0	13	26	15	39	0	0	3	4	4	0	4	0	
MPS1	432	0	0	2	0	0	0	13	0	0	2	3	2	14	6	26	5	0	13	26	15	39	0	0	3	4	4	0	4	0	
MPS1	433	0	0	2	0	0	0	13	0	0	2	3	2	14	6	26	5	0	13	26	15	39	0	0	3	4	4	0	4	0	
MPS1	434	0	0	2	0	0	0	13	0	0	2	3	2	14	6	26	5	0	13	26	15	39	0	0	3	4	4	0	4	0	
MPS1	435	0	0	2	0	0	0	13	0	0	2	3	2	14	6	26	5	0	13	26	15	39	0	0	3	4	4	0	4	0	
MPS1	436	0	0	2	0	0	0	13	0	0	2	3	2	14	6	26	5	0	13	26	15	39	0	0	3	4	4	0	4	0	
MPS1	437	0	0	2	0	0	0	13	0	0	2	3	2	14	6	26	5	0	13	26	15	39	0	0	3	4	4	0	4	0	
MPS1	438	0	0	2	0	0	0	13	0	0	2	3	2	14	6	26	5	0	13	26	15	39	0	0	3	4	4	0	4	0	
MPS1	439	0	0	2	0	0	0	13	0	0	2	3	2	14	6	26	5	0	13	26	15	39	0	0	3	4	4	0	4	0	
MPS1	440	0	0	2	0	0	0	13	0	0	2	3	2	14	6	26	5	0	13	26	15	39	0	0	3	4	4	0	4	0	
MPS1	441	0	0	2	0	0	0	13	0	0	2	3	2	14	6	26	5	0	13	26	15	39	0	0	3	4	4	0	4	0	
MPS1	442	0	0	2	0	0	0	13	0	0	2	3	2	14	6	26	5	0	13	26	15	39	0	0	3	4	4	0	4	0	
MPS1	443	0	0	0	0	0	0	11	0	0	0	0	0	11	6	23	5	0	11	20	10	30	0	0	0	0	0	0	0	0	
MPS1	444	0	0	0	0	0	0	11	0	0	0	0	0	11	6	23	5	0	11	20	10	30	0	0	0	0	0	0	0	0	
MPS1	445	0	0	0	0	0	0	11	0	0	0	0	0	11	6	23	5	0	11	20	10	30	0	0	0	0	0	0	0	0	
MPS1	446	0	0	0	0	0	0	11	0	0	0	0	0	11	6	23	5	0	11	20	10	30	0	0	0	0	0	0	0	0	
MPS1	447	0	0	0	0	0	0	11	0	0	0	0	0	11	6	23	5	0	11	20	10	30	0	0	0	0	0	0	0	0	
MPS1	448	0	0	0	0	0	0	11	0	0	0	0	0	11	6	23	5	0	11	20	10	30	0	0	0	0	0	0	0	0	
MPS1	449	0	0	0	0	0	0	0	0	0	0	0	0	0	0	0	0	0	0	0	0	0	0	0	0	0	0	0	0	0	
MPS1	450	0	0	0	0	0	0	0	0	0	0	0	0	0	0	0	0	0	0	0	0	0	0	0	0	0	0	0	0	0	
MPS1	451	0	0	0	0	0	0	0	0	0	0	0	0	0	0	0	0	0	0	0	0	0	0	0	0	0	0	0	0	0	
MPS1	452	0	0	0	0	0	0	0	0	0	0	0	0	0	0	0	0	0	0	0	0	0	0	0	0	0	0	0	0	0	
MPS1	453	0	0	0	0	0	0	0	0	0	0	0	0	0	0	0	0	0	0	0	0	0	0	0	0	0	0	0	0	0	
MPS1	454	0	0	0	0	0	0	0	0	0	0	0	0	0	0	0	0	0	0	0	0	0	0	0	0	0	0	0	0	0	
MPS1	455	0	0	0	0	0	0	0	0	0	0	0	0	0	0	0	0	0	0	0	0	0	0	0	0	0	0	0	0	0	
MPS1	456	0	0	0	0	0	0	0	0	0	0	0	0	0	0	0	0	0	0	0	0	0	0	0	0	0	0	0	0	0	
MPS1	457	0	0	0	0	0	0	0	0	0	0	0	0	0	0	0	0	0	0	0	0	0	0	0	0	0	0	0	0	0	
MPS1	458	0	0	0	0	0	0	0	0	0	0	0	0	0	0	0	0	0	0	0	0	0	0	0	0	0	0	0	0	0	
MPS1	459	0	0	0	0	0	0	0	0	5	3	5	2	2	3	3	0	0	0	2	0	3	0	0	0	0	0	0	0	0	
MPS1	460	0	0	0	0	0	0	0	0	5	3	5	2	2	3	3	0	0	0	2	0	3	0	0	0	0	0	0	0	0	
MPS1	461	0	0	0	0	0	0	0	0	5	3	5	2	2	3	3	0	0	0	2	0	3	0	0	0	0	0	0	0	0	
MPS1	462	0	0	0	0	0	0	0	0	5	3	5	2	2	3	3	0	0	0	2	0	3	0	0	0	0	0	0	0	0	
MPS1	463	0	0	0	0	0	0	0	0	5	3	5	2	2	3	3	0	0	0	2	0	3	0	0	0	0	0	0	0	0	
MPS1	464	0	0	0	0	0	0	0	0	5	3	5	2	2	3	3	0	0	0	2	0	3	0	0	0	0	0	0	0	0	
MPS1	465	0	0	0	0	0	0	0	0	5	3	5	2	2	3	3	0	0	0	2	0	3	0	0	0	0	0	0	0	0	
MPS1	466	0	0	0	0	0	0	0	0	5	3	5	2	2	3	3	0	0	0	2	0	3	0	0	0	0	0	0	0	0	
MPS1	467	0	0	0	0	0	0	0	0	5	3	5	2	2	3	3	0	0	0	2	0	3	0	0	0	0	0	0	0	0	
MPS1	468	0	0	0	0	0	0	0	0	5	3	5	2	2	3	3	0	0	0	2	0	3	0	0	0	0	0	0	0	0	
MPS1	469	0	0	0	0	0	0	0	0	5	3	7	2	2	3	3	0	0	0	5	0	29	0	0	0	0	0	0	0	0	
MPS1	470	0	0	0	0	0	0	2	0	0	0	2	0	0	0	0	0	0	0	40	0	106	0	0	0	10	0	0	2	0	
MPS1	471	0	0	0	0	0	0	2	0	0	0	2	0	0	0	0	0	0	0	40	0	106	0	0	0	10	0	0	2	0	
MPS1	472	0	0	0	0	0	0	2	0	0	0	2	0	0	0	0	0	0	0	40	0	106	0	0	0	10	0	0	2	0	
MPS1	473	0	0	0	0	0	0	2	0	0	0	2	0	0	0	0	0	0	0	40	0	106	0	0	0	10	0	0	2	0	
MPS1	474	0	0	0	0	0	0	2	0	0	0	2	0	0	0	0	0	0	0	40	0	106	0	0	0	10	0	0	2	0	
MPS1	475	0	0	0	0	0	0	2	0	0	0	2	0	0	0	0	0	0	0	40	0	106	0	0	0	10	0	0	2	0	
MPS1	476	0	0	0	0	0	0	2	0	0	0	2	0	0	0	0	0	0	0	40	0	106	0	0	0	10	0	0	2	0	
MPS1	477	0	0	0	0	0	0	2	0	0	0	2	0	0	0	0	0	0	0	40	0	106	0	0	0	10	0	0	2	0	
MPS1	478	0	0	0	0	0	0	2	0	0	0	2	0	0	0	0	0	0	0	40	0	106	0	0	0	10	0	0	2	0	
MPS1	479	0	0	0	0	0	0	2	0	0	0	2	0	0	0	0	0	0	0	40	0	106	0	0	0	10	0	0	2	0	
MPS1	480	0	0	0	0	0	0	2	0	0	0	2	0	0	0	0	0	0	0	40	0	106	0	0	0	10	0	0	2	0	
MPS1	481	0	0	0	0	0	0	2	0	0	0	2	0	0	0	0	0	0	0	40	0	106	0	0	0	10	0	0	2	0	
MPS1	482	0	0	0	0	0	0	2	0	0	0	2	0	0	0	0	0	0	0	40	0	106	0	0	0	10	0	0	2	0	
MPS1	483	0	0	0	0	0	0	2	0	0	0	2	0	0	0	0	0	0	0	40	0	106	0	0	0	10	0	0	2	0	
MPS1	484	0	0	0	0	0	0	2	0	0	0	2	0	0	0	0	0	0	0	40	0	106	0	0	0	10	0	0	2	0	
MPS1	485	0	0	0	0	0	0	2	0	0	0	2	0	0	0	0	0	0	0	39	0	102	0	0	0	6	0	0	4	0	
MPS1	486	0	0	0	0	0	0	2	0	0	0	2	0	0	0	0	0	0	0	39	0	102	0	0	0	6	0	0	4	0	
MPS1	487	0	0	0	0	0	0	2	0	0	0	2	0	0	0	0	0	0	0	39	0	102	0	0	0	6	0	0	4	0	
MPS1	488	0	0	0	0	0	0	2	0	0	0	2	0	0	0	0	0	0	0	39	0	102	0	0	0	6	0	0	4	0	
MPS1	489	0	0	0	0	0	0	2	0	0	0	2	0	0	0	0	0	0	0	39	0	102	0	0	0	6	0	0	4	0	
MPS1	490	0	0	0	0	0	0	2	0	0	0	2	0	0	0	0	0	0	0	39	0	102	0	0	0	6	0	0	4	0	
MPS1	491	0	0	0	0	0	0	2	0	0	0	2	0	0	0	0	0	0	0	39	0	102	0	0	0	6	0	0	4	0	
MPS1	492	0	0	0	0	0	0	2	0	0	0	2	0	0	0	0	0	0	0	39	0	102	0	0	0	6	0	0	4	0	
MPS1	493	0	0	0	0	0	0	2	0	0	0	0	0	0	0	0	0	0	0	0	0	0	0	0	0	0	0	0	0	0	
MPS1	494	0	0	0	0	0	0	2	0	0	0	0	0	0	0	0	0	0	0	0	0	0	0	0	0	0	0	0	0	0	
MPS1	495	0	0	0	0	0	0	0	0	0	0	0	0	0	0	0	0	0	0	0	0	0	0	0	0	0	0	0	0	0	
MPS1	496	0	0	0	0	0	0	0	0	0	0	0	0	0	0	0	0	0	0	0	0	0	0	0	0	0	0	0	0	0	
MPS1	497	0	0	0	0	0	0	0	0	0	0	0	0	0	0	0	0	0	0	0	0	0	0	0	0	0	0	0	0	0	
MPS1	498	0	0	0	0	0	0	0	0	0	0	0	0	0	0	0	0	0	0	0	0	0	0	0	0	0	0	0	0	0	
MPS1	499	0	0	0	0	0	0	0	0	0	0	0	0	0	0	0	0	0	0	0	0	4	0	0	0	0	0	0	0	0	
MPS1	500	0	0	0	0	0	0	0	0	0	0	0	0	0	0	0	0	0	0	0	0	4	0	0	0	0	0	0	0	0	
MPS1	501	0	0	0	0	0	0	0	0	0	0	0	0	0	0	0	0	0	0	0	0	4	0	0	0	0	0	0	0	0	
MPS1	502	0	0	0	0	0	0	0	0	0	0	0	0	0	0	0	0	0	0	0	0	4	0	0	0	0	0	0	0	0	
MPS1	503	0	0	0	0	0	0	0	0	0	0	0	0	0	0	0	0	0	0	0	0	4	0	0	0	0	0	0	0	0	
MPS1	504	0	0	0	0	0	0	0	0	0	0	0	0	0	0	0	0	0	0	0	0	4	0	0	0	0	0	0	0	0	
MPS1	505	0	0	0	0	0	0	0	0	0	0	0	0	0	0	0	0	0	0	0	0	4	0	0	0	0	0	0	0	0	
MPS1	506	0	0	0	0	0	0	0	0	0	0	0	0	0	0	0	0	0	0	0	0	4	0	0	0	0	0	0	0	0	
MPS1	507	0	0	0	0	0	0	0	0	0	0	0	0	0	0	0	0	0	0	0	0	4	0	0	0	0	0	0	0	0	
MPS1	508	0	0	0	0	0	0	0	0	0	0	0	0	0	0	0	0	0	0	0	0	4	0	0	0	0	0	0	0	0	
MPS1	509	0	0	0	0	0	0	0	0	0	0	0	0	0	0	0	0	0	0	0	0	4	0	0	0	0	0	0	0	0	
MPS1	510	0	0	0	0	0	0	0	0	0	0	0	0	0	0	0	0	0	0	0	0	4	0	0	0	0	0	0	0	0	
MPS1	511	0	0	0	0	0	0	0	0	0	0	0	0	0	0	0	0	0	0	0	0	4	0	0	0	0	0	0	0	0	
MPS1	512	0	0	0	0	0	0	0	0	0	0	0	0	0	0	0	0	0	0	0	0	4	0	0	0	0	0	0	0	0	
MPS1	513	0	0	0	0	0	0	0	0	0	0	0	0	0	0	0	0	0	0	0	0	4	0	0	0	0	0	0	0	0	
MPS1	514	0	0	0	0	0	0	0	0	0	0	0	0	0	0	0	0	0	0	0	0	4	0	0	0	0	0	0	0	0	
MPS1	515	0	0	0	0	0	0	0	0	0	0	0	0	0	0	0	0	0	0	0	0	4	0	0	0	0	0	0	0	0	
MPS1	516	0	0	0	0	0	0	0	0	0	0	0	0	0	0	0	0	0	0	0	0	4	0	0	0	0	0	0	0	0	
MPS1	517	0	0	0	0	0	0	0	0	0	0	0	0	0	0	0	0	0	0	0	0	4	0	0	0	0	0	0	0	0	
MPS1	518	0	0	0	0	0	0	0	0	0	0	0	0	0	0	0	0	0	0	0	0	4	0	0	0	0	0	0	0	0	
MPS1	519	0	0	0	0	0	0	0	0	0	0	0	0	0	0	0	0	0	0	0	0	4	0	0	0	0	0	0	0	0	
MPS1	520	0	0	0	0	0	0	0	0	0	0	0	0	0	0	0	0	0	0	0	0	4	0	0	0	0	0	0	0	0	
MPS1	521	0	0	0	0	0	0	0	0	0	0	0	0	0	0	0	0	0	0	0	0	4	0	0	0	0	0	0	0	0	
MPS1	522	0	0	0	0	0	0	0	0	0	0	0	0	0	0	0	0	0	0	0	0	4	0	0	0	0	0	0	0	0	
MPS1	523	0	0	0	0	0	0	0	0	0	0	0	0	0	0	0	0	0	0	0	0	4	0	0	0	0	0	0	0	0	
MPS1	524	0	0	0	0	0	0	0	0	0	0	0	0	0	0	0	0	0	0	0	0	4	0	0	0	0	0	0	0	0	
MPS1	525	0	0	0	0	0	0	0	0	0	0	0	0	0	0	0	0	0	0	0	0	4	0	0	0	0	0	0	0	0	
MPS1	526	0	0	0	0	0	0	0	0	0	0	0	0	0	0	0	0	0	0	0	0	4	0	0	0	0	0	0	0	0	
MPS1	527	0	0	0	0	0	0	0	0	0	0	0	0	0	0	0	0	0	0	0	0	4	0	0	0	0	0	0	0	0	
MPS1	528	0	0	0	0	0	0	0	0	0	0	0	0	0	0	0	0	0	0	0	0	4	0	0	0	0	0	0	0	0	
MPS1	529	0	0	0	0	0	0	0	0	0	0	0	0	0	0	0	0	0	0	0	0	4	0	0	0	0	0	0	0	0	
MPS1	530	0	0	0	0	0	0	0	0	0	0	0	0	0	0	0	0	0	0	0	0	4	0	0	0	0	0	0	0	0	
MPS1	531	0	0	0	0	0	0	0	0	0	0	0	0	0	0	0	0	0	0	4	0	3	0	0	0	6	0	4	4	4	
MPS1	532	0	0	0	0	0	0	0	0	0	0	0	0	0	0	0	0	0	0	4	0	3	0	0	0	6	0	4	4	4	
MPS1	533	0	0	0	0	0	0	0	0	0	0	0	0	0	0	0	0	0	0	4	0	3	0	0	0	6	0	4	4	4	
MPS1	534	0	0	0	0	0	0	0	0	0	0	0	0	0	0	0	0	0	0	4	0	3	0	0	0	6	0	4	4	4	
MPS1	535	0	0	0	0	0	0	0	0	0	0	0	0	0	0	0	0	0	0	4	0	3	0	0	0	6	0	4	4	4	
MPS1	536	0	0	0	0	0	0	0	0	0	0	0	0	0	0	0	0	0	0	4	0	3	0	0	0	6	0	4	4	4	
MPS1	537	0	0	0	0	0	0	0	0	0	0	0	0	0	0	0	0	0	0	4	0	3	0	0	0	6	0	4	4	4	
MPS1	538	0	0	0	0	0	0	0	0	0	0	0	0	0	0	0	0	0	0	4	0	3	0	0	0	6	0	4	4	4	
MPS1	539	0	0	0	0	0	0	0	0	0	0	0	0	0	0	0	0	0	0	4	0	3	0	0	0	6	0	4	4	4	
MPS1	540	0	0	0	0	0	0	0	0	0	0	0	0	0	0	0	0	0	0	4	0	3	0	0	0	6	0	4	4	4	
MPS1	541	0	0	0	0	0	0	0	0	0	0	0	0	0	0	0	0	0	0	4	0	3	0	0	0	6	0	4	4	4	
MPS1	542	0	0	0	0	0	0	0	0	0	0	0	0	0	0	0	0	0	0	0	0	0	0	0	0	0	0	0	0	0	
MPS1	543	0	0	0	0	0	0	0	0	0	0	0	0	0	0	0	0	0	0	0	0	0	0	0	0	0	0	0	0	0	
MPS1	544	0	0	0	0	0	0	0	0	0	0	0	0	0	0	0	0	0	0	0	0	0	0	0	0	0	0	0	0	0	
MPS1	545	0	0	0	0	0	0	0	0	0	0	0	0	0	0	0	0	0	0	0	0	0	0	0	0	0	0	0	0	0	
MPS1	546	0	0	0	0	0	0	0	0	0	0	0	0	0	0	0	0	0	0	2	0	3	0	0	0	0	0	0	0	0	
MPS1	547	0	0	0	0	0	0	0	0	0	0	0	0	0	0	0	0	0	0	2	0	3	0	0	0	0	0	0	0	0	
MPS1	548	0	0	0	0	0	0	0	0	0	0	0	0	0	0	0	0	0	0	2	0	3	0	0	0	0	0	0	0	0	
MPS1	549	0	0	0	0	0	0	0	0	0	0	0	0	0	0	0	0	0	0	2	0	3	0	0	0	0	0	0	0	0	
MPS1	550	0	0	0	0	0	0	0	0	0	0	0	0	0	0	0	0	0	0	2	0	3	0	0	0	0	0	0	0	0	
MPS1	551	0	0	0	0	0	0	0	0	0	0	0	0	0	0	0	0	0	0	2	0	3	0	0	0	0	0	0	0	0	
MPS1	552	0	0	0	0	0	0	0	0	0	0	0	0	0	0	0	0	0	0	2	0	3	0	0	0	0	0	0	0	0	
MPS1	553	0	0	0	0	0	0	0	0	0	0	0	0	0	0	0	0	0	0	0	0	4	0	0	0	0	0	2	3	6	
MPS1	554	0	0	0	0	0	0	0	0	0	0	0	0	0	0	0	0	0	0	0	0	4	0	0	0	0	0	2	3	6	
MPS1	555	0	0	0	0	0	0	0	0	0	0	0	0	0	0	0	0	0	0	0	0	4	0	0	0	0	0	2	3	6	
MPS1	556	0	0	0	0	0	0	0	0	0	0	0	0	0	0	0	0	0	0	0	0	4	0	0	0	0	0	2	3	6	
MPS1	557	0	0	0	0	0	0	0	0	0	0	0	0	0	0	0	0	0	0	0	0	4	0	0	0	0	0	2	3	6	
MPS1	558	0	0	0	0	0	0	0	0	0	0	0	0	0	0	0	0	0	0	0	0	4	0	0	0	0	0	2	3	6	
MPS1	559	0	0	0	0	0	0	0	0	0	0	0	0	0	0	0	0	0	0	0	0	4	0	0	0	0	0	2	3	6	
MPS1	560	0	0	0	0	0	0	0	0	0	0	0	0	0	0	0	0	0	0	0	0	4	0	0	0	0	0	2	3	6	
MPS1	561	0	0	0	0	0	0	0	0	0	0	0	0	0	0	0	0	0	0	0	0	4	0	0	0	0	0	2	3	6	
MPS1	562	0	0	0	0	0	0	0	0	0	0	0	0	0	0	0	0	0	0	0	0	4	0	0	0	0	0	2	3	6	
MPS1	563	0	0	0	0	0	0	0	0	0	0	0	0	0	0	0	0	0	0	0	0	4	0	0	0	0	0	2	3	6	
MPS1	564	0	0	0	0	0	0	0	0	0	0	0	0	0	0	0	0	0	0	0	0	4	0	0	0	0	0	2	3	6	
MPS1	565	0	0	0	0	0	0	0	0	0	0	0	0	0	0	0	0	0	0	0	0	4	0	0	0	0	0	2	3	6	
MPS1	566	0	0	0	0	0	0	0	0	0	0	0	0	0	0	0	0	0	0	0	0	4	0	0	0	0	0	2	3	6	
MPS1	567	0	0	0	0	0	0	0	0	0	0	0	0	0	0	0	0	0	0	0	0	4	0	0	0	0	0	2	3	6	
MPS1	568	0	0	0	0	0	0	0	0	0	0	0	0	0	0	0	0	0	0	0	0	4	0	0	0	0	0	2	3	6	
MPS1	569	0	0	0	0	0	0	0	0	0	0	0	0	0	0	0	0	0	0	0	0	4	0	0	0	0	0	2	3	6	
MPS1	570	0	0	0	0	0	0	0	0	0	0	0	0	0	0	0	0	0	0	0	0	4	0	0	0	0	0	2	3	6	
MPS1	571	0	0	0	0	0	0	0	0	0	0	0	0	0	0	0	0	0	0	0	0	4	0	0	0	0	0	2	3	6	
MPS1	572	0	0	0	0	0	0	0	0	0	0	0	0	0	0	0	0	0	0	0	0	4	0	0	0	0	0	2	3	6	
MPS1	573	0	0	0	0	0	0	0	0	0	0	0	0	0	0	0	0	0	0	0	0	4	0	0	0	0	0	2	3	6	
MPS1	574	0	0	0	0	0	0	0	0	0	0	0	0	0	0	0	0	0	2	0	0	0	0	0	0	0	0	0	0	0	
MPS1	575	0	0	0	0	0	0	0	0	0	0	0	0	0	0	0	0	0	2	0	0	0	0	0	0	0	0	0	0	0	
MPS1	576	0	0	0	0	0	0	0	0	0	0	0	0	0	0	0	0	0	2	0	0	0	0	0	0	0	0	0	0	0	
MPS1	577	0	0	0	0	0	0	0	0	0	0	0	0	0	0	0	0	0	2	0	0	0	0	0	0	0	0	0	0	0	
MPS1	578	0	0	0	0	0	0	0	0	0	0	0	0	0	0	0	0	0	4	13	9	7	0	0	0	8	6	3	7	4	
MPS1	579	0	0	0	0	0	0	0	0	0	0	0	0	0	0	0	0	0	4	13	9	7	0	0	0	8	6	3	7	4	
MPS1	580	0	0	0	0	0	0	0	0	0	0	0	0	0	0	0	0	0	4	13	9	7	0	0	0	8	6	3	7	4	
MPS1	581	0	0	0	0	0	0	0	0	0	0	0	0	0	0	0	0	0	4	13	9	7	0	0	0	8	6	3	7	4	
MPS1	582	0	0	0	0	0	0	0	0	0	0	0	0	0	0	0	0	0	4	13	9	7	0	0	0	8	6	3	7	4	
MPS1	583	0	0	0	0	0	0	0	0	0	0	0	0	0	0	0	0	0	4	13	9	7	0	0	0	8	6	3	7	4	
MPS1	584	0	0	0	0	0	0	0	0	0	0	0	0	0	0	0	0	0	4	13	9	7	0	0	0	8	6	3	7	4	
MPS1	585	0	0	0	0	0	0	0	0	0	0	0	0	0	0	0	0	0	4	13	9	7	0	0	0	8	6	3	7	4	
MPS1	586	0	0	0	0	0	0	0	0	0	0	0	0	0	0	0	0	0	4	13	9	7	0	0	0	8	6	3	7	4	
MPS1	587	0	0	0	0	0	0	0	0	0	0	0	0	0	0	0	0	0	4	13	9	7	0	0	0	8	6	3	7	4	
MPS1	588	0	0	0	0	0	0	0	0	0	0	0	0	0	0	0	0	0	4	13	9	7	0	0	0	8	6	3	7	4	
MPS1	589	0	0	0	0	0	0	0	0	0	0	0	0	0	0	0	0	0	4	13	9	7	0	0	0	8	6	3	7	4	
MPS1	590	0	0	0	0	0	0	0	0	0	0	0	0	0	0	0	0	0	4	13	9	7	0	0	0	8	6	3	7	4	
MPS1	591	0	0	0	0	0	0	0	0	0	0	0	0	0	0	0	0	0	4	13	9	7	0	0	0	8	6	3	7	4	
MPS1	592	0	0	0	0	0	0	0	0	0	0	0	0	0	0	0	0	0	4	13	9	7	0	0	0	8	6	3	7	4	
MPS1	593	0	0	0	0	0	0	0	0	0	0	0	0	0	0	0	0	0	4	13	9	7	0	0	0	8	6	3	7	4	
MPS1	594	0	0	0	0	0	0	0	0	0	0	0	0	0	0	0	0	0	4	13	9	7	0	0	0	8	6	3	7	4	
MPS1	595	0	0	0	0	0	0	0	0	0	0	0	0	0	0	0	0	0	4	13	9	7	0	0	0	8	6	3	7	4	
MPS1	596	0	0	0	0	0	0	0	0	0	0	0	0	0	0	0	0	0	4	13	9	7	0	0	0	8	6	3	7	4	
MPS1	597	0	0	0	0	0	0	3	0	0	0	0	0	10	6	14	0	0	5	30	15	61	0	0	0	2	2	0	0	0	
MPS1	598	0	0	0	0	0	0	3	0	0	0	0	0	10	6	14	0	0	5	30	15	61	0	0	0	2	2	0	0	0	
MPS1	599	0	0	0	0	0	0	3	0	0	0	0	0	10	6	14	0	0	5	30	15	61	0	0	0	2	2	0	0	0	
MPS1	600	0	0	0	0	0	0	3	0	0	0	0	0	10	6	14	0	0	5	30	15	61	0	0	0	2	2	0	0	0	
MPS1	601	0	0	0	0	0	0	3	0	0	0	0	0	10	6	14	0	0	5	30	15	61	0	0	0	2	2	0	0	0	
MPS1	602	0	0	0	0	0	0	3	0	0	0	0	0	10	6	14	0	0	5	30	15	61	0	0	0	2	2	0	0	0	
MPS1	603	0	0	0	0	0	0	3	0	0	0	0	0	10	6	14	0	0	5	30	15	61	0	0	0	2	2	0	0	0	
MPS1	604	0	0	0	0	0	0	3	0	0	0	0	0	10	6	14	0	0	5	30	15	61	0	0	0	2	2	0	0	0	
MPS1	605	0	0	0	0	0	0	3	0	0	0	0	0	10	6	14	0	0	5	30	15	61	0	0	0	2	2	0	0	0	
MPS1	606	0	0	0	0	0	0	3	0	0	0	0	0	10	6	14	0	0	5	30	15	61	0	0	0	2	2	0	0	0	
MPS1	607	0	0	0	0	0	0	3	0	0	0	0	0	10	6	14	0	0	5	30	15	61	0	0	0	2	2	0	0	0	
MPS1	608	0	0	0	0	0	0	3	0	0	0	0	0	10	6	14	0	0	5	30	15	61	0	0	0	2	2	0	0	0	
MPS1	609	0	0	0	0	0	0	3	0	0	0	0	0	10	6	14	0	0	5	30	15	61	0	0	0	2	2	0	0	0	
MPS1	610	0	0	0	0	0	0	3	0	0	0	0	0	10	6	14	0	0	5	30	15	61	0	0	0	2	2	0	0	0	
MPS1	611	0	0	0	0	0	0	3	0	0	0	0	0	10	6	14	0	0	5	30	15	61	0	0	0	2	2	0	0	0	
MPS1	612	0	0	0	0	0	0	3	0	0	0	0	0	10	6	14	0	0	5	30	15	61	0	0	0	2	2	0	0	0	
MPS1	613	0	0	0	0	0	0	3	0	0	0	0	0	10	6	14	0	0	5	30	15	61	0	0	0	2	2	0	0	0	
MPS1	614	0	0	0	0	0	0	3	0	0	0	0	0	10	6	14	0	0	5	30	15	61	0	0	0	2	2	0	0	0	
MPS1	615	0	0	0	0	0	0	3	0	0	0	0	0	10	6	14	0	0	5	30	15	61	0	0	0	2	2	0	0	0	
MPS1	616	0	0	0	0	0	0	3	0	0	0	0	0	10	6	14	0	0	5	30	15	61	0	0	0	2	2	0	0	0	
MPS1	617	0	0	0	0	0	0	3	0	0	0	0	0	10	6	14	0	0	5	30	15	61	0	0	0	2	2	0	0	0	
MPS1	618	0	0	0	0	0	0	3	0	0	0	0	0	10	6	14	0	0	5	30	15	61	0	0	0	2	2	0	0	0	
MPS1	619	0	0	0	0	0	0	3	0	0	0	0	0	10	6	14	0	0	5	30	15	61	0	0	0	2	2	0	0	0	
MPS1	620	0	0	0	0	0	0	3	0	0	0	0	0	10	6	14	0	0	5	30	15	61	0	0	0	2	2	0	0	0	
MPS1	621	0	0	0	0	0	0	3	0	0	0	0	0	10	6	14	0	0	5	30	15	61	0	0	0	2	2	0	0	0	
MPS1	622	0	0	0	0	0	0	3	0	0	0	0	0	10	6	14	0	0	5	30	15	61	0	0	0	2	2	0	0	0	
MPS1	623	0	0	0	0	0	0	3	0	0	0	0	0	10	6	14	0	0	5	30	15	61	0	0	0	2	2	0	0	0	
MPS1	624	0	0	0	0	0	0	3	0	0	0	0	0	10	6	14	0	0	5	30	15	61	0	0	0	2	2	0	0	0	
MPS1	625	0	0	0	0	0	0	3	0	0	0	0	0	10	6	14	0	0	5	30	15	61	0	0	0	2	2	0	0	0	
MPS1	626	0	0	0	0	0	0	3	0	0	0	0	0	10	6	14	0	0	5	30	15	61	0	0	0	2	2	0	0	0	
MPS1	627	0	0	0	0	0	0	3	0	0	0	0	0	10	6	14	0	0	5	30	15	61	0	0	0	2	2	0	0	0	
MPS1	628	0	0	0	0	0	0	3	0	0	0	0	0	10	6	14	0	0	5	30	15	61	0	0	0	2	2	0	0	0	
MPS1	629	0	0	0	0	0	0	3	0	0	0	0	0	8	4	10	0	0	5	16	13	22	0	0	0	0	0	0	0	0	
MPS1	630	0	0	0	0	0	0	3	0	0	0	0	0	8	4	10	0	0	5	16	13	22	0	0	0	0	0	0	0	0	
MPS1	631	0	0	0	0	0	0	0	0	0	0	0	0	0	0	0	0	0	0	2	0	9	0	0	0	0	0	0	0	0	
MPS1	632	0	0	0	0	0	0	0	0	0	0	0	0	0	0	0	0	0	0	2	0	9	0	0	0	0	0	0	0	0	
MPS1	633	0	0	0	0	0	0	0	0	0	0	0	0	0	0	0	0	0	0	2	0	9	0	0	0	0	0	0	0	0	
MPS1	634	0	0	0	0	0	0	0	0	0	0	0	0	0	0	0	0	0	0	2	0	9	0	0	0	0	0	0	0	0	
MPS1	635	0	0	0	0	0	0	0	0	0	0	0	0	0	0	0	0	0	0	2	0	9	0	0	0	0	0	0	0	0	
MPS1	636	0	0	0	0	0	0	0	0	0	0	0	0	0	0	0	0	0	0	2	0	9	0	0	0	0	0	0	0	0	
MPS1	637	0	0	0	0	0	0	0	0	0	0	0	0	0	0	0	0	0	0	2	0	9	0	0	0	0	0	0	0	0	
MPS1	638	0	0	0	0	0	0	0	0	0	0	0	0	0	0	0	0	0	0	2	0	9	0	0	0	0	0	0	0	0	
MPS1	639	0	0	0	0	0	0	0	0	0	0	0	0	0	0	0	0	0	0	2	0	9	0	0	0	0	0	0	0	0	
MPS1	640	0	0	0	0	0	0	0	0	0	0	0	0	0	0	0	0	0	0	2	0	9	0	0	0	0	0	0	0	0	
MPS1	641	0	0	0	0	0	0	0	0	0	0	0	0	0	0	0	0	0	0	2	0	9	0	0	0	0	0	0	0	0	
MPS1	642	0	0	0	0	0	0	0	0	0	0	0	0	0	0	0	0	0	0	2	0	9	0	0	0	0	0	0	0	0	
MPS1	643	0	0	0	0	0	0	0	0	0	0	0	0	0	0	0	0	0	0	2	0	9	0	0	0	0	0	0	0	0	
MPS1	644	0	0	0	0	0	0	0	0	0	0	0	0	0	0	0	0	0	0	2	0	9	0	0	0	0	0	0	0	0	
MPS1	645	0	0	0	0	0	0	0	0	0	0	0	0	0	0	0	0	0	0	2	0	9	0	0	0	0	0	0	0	0	
MPS1	646	0	0	0	0	0	0	0	0	0	0	0	0	0	0	0	0	0	0	2	0	9	0	0	0	0	0	0	0	0	
MPS1	647	0	0	0	0	0	0	0	0	0	0	0	0	0	0	0	0	0	0	2	0	9	0	0	0	0	0	0	0	0	
MPS1	648	0	0	0	0	0	0	0	0	0	0	0	0	0	0	0	0	0	0	2	0	9	0	0	0	0	0	0	0	0	
MPS1	649	0	0	0	0	0	0	0	0	0	0	0	0	0	0	0	0	0	0	2	0	9	0	0	0	0	0	0	0	0	
MPS1	650	0	0	0	0	0	0	0	0	0	0	0	0	0	0	0	0	0	0	2	0	9	0	0	0	0	0	0	0	0	
MPS1	651	0	0	0	0	0	0	0	0	0	0	0	0	0	0	0	0	0	0	2	0	9	0	0	0	0	0	0	0	0	
MPS1	652	0	0	0	0	0	0	0	0	0	0	0	0	0	0	0	0	0	0	2	0	9	0	0	0	0	0	0	0	0	
MPS1	653	0	0	0	0	0	0	0	0	0	0	0	0	0	0	0	0	0	0	2	0	9	0	0	0	0	0	0	0	0	
MPS1	654	0	0	0	0	0	0	0	0	0	0	0	0	0	0	0	0	0	0	2	0	9	0	0	0	0	0	0	0	0	
MPS1	655	0	0	0	0	0	0	0	0	0	0	0	0	0	0	0	0	0	0	2	0	9	0	0	0	0	0	0	0	0	
MPS1	656	0	0	0	0	0	0	0	0	0	0	0	0	0	0	0	0	0	0	2	0	9	0	0	0	0	0	0	0	0	
MPS1	657	0	0	0	0	0	0	0	0	0	0	0	0	0	0	0	0	0	0	2	0	9	0	0	0	0	0	0	0	0	
MPS1	658	0	0	0	0	0	0	0	0	0	0	0	0	0	0	0	0	0	0	2	0	9	0	0	0	0	0	0	0	0	
MPS1	659	0	0	0	0	0	0	0	0	0	0	0	0	0	0	0	0	0	0	2	0	9	0	0	0	0	0	0	0	0	
MPS1	660	0	0	0	0	0	0	0	0	0	0	0	0	0	0	0	0	0	0	2	0	9	0	0	0	0	0	0	0	0	
MPS1	661	0	0	0	0	0	0	0	0	0	0	0	0	0	0	0	0	0	0	2	0	9	0	0	0	0	0	0	0	0	
MPS1	662	0	0	0	0	0	0	0	0	0	0	0	0	0	0	0	0	0	0	2	0	9	0	0	0	0	0	0	0	0	
MPS1	663	0	0	0	0	0	0	2	0	0	4	4	5	4	7	9	0	0	0	7	13	47	0	0	3	2	0	0	4	4	
MPS1	664	0	0	0	0	0	0	2	0	0	4	4	5	4	7	9	0	0	0	7	13	47	0	0	3	2	0	0	4	4	
MPS1	665	0	0	0	0	0	0	2	0	0	4	4	5	4	7	9	0	0	0	7	13	47	0	0	3	2	0	0	4	4	
MPS1	666	0	0	0	0	0	0	2	0	0	4	4	5	4	7	9	0	0	0	7	13	47	0	0	3	2	0	0	4	4	
MPS1	667	0	0	0	0	0	0	2	0	0	4	4	5	4	7	9	0	0	0	7	13	47	0	0	3	2	0	0	4	4	
MPS1	668	0	0	0	0	0	0	2	0	0	4	4	5	4	7	9	0	0	0	7	13	47	0	0	3	2	0	0	4	4	
MPS1	669	0	0	0	0	0	0	2	0	0	4	4	5	4	7	9	0	0	0	7	13	47	0	0	3	2	0	0	4	4	
MPS1	670	0	0	0	0	0	0	2	0	0	4	4	5	4	7	9	0	0	0	7	13	47	0	0	3	2	0	0	4	4	
MPS1	671	0	0	0	0	0	0	2	0	0	4	4	5	4	7	9	0	0	0	7	13	47	0	0	3	2	0	0	4	4	
MPS1	672	0	0	0	0	0	0	2	0	0	4	4	5	4	7	9	0	0	0	7	13	47	0	0	3	2	0	0	4	4	
MPS1	673	0	0	0	0	0	0	4	0	0	2	2	0	4	5	7	0	0	0	9	6	28	0	0	0	9	8	7	6	7	
MPS1	674	0	0	0	0	0	0	4	0	0	2	2	0	4	5	7	0	0	0	9	6	28	0	0	0	9	8	7	6	7	
MPS1	675	0	0	0	0	0	0	4	0	0	2	2	0	4	5	7	0	0	0	9	6	28	0	0	0	9	8	7	6	7	
MPS1	676	0	0	0	0	0	0	4	0	0	2	2	0	4	5	7	0	0	0	9	6	28	0	0	0	9	8	7	6	7	
MPS1	677	0	0	0	0	0	0	4	0	0	2	2	0	4	5	7	0	0	0	9	6	28	0	0	0	9	8	7	6	7	
MPS1	678	0	0	0	0	0	0	4	0	0	2	2	0	4	5	7	0	0	0	9	6	28	0	0	0	9	8	7	6	7	
MPS1	679	0	0	0	0	0	0	4	0	0	2	2	0	4	5	7	0	0	0	9	6	28	0	0	0	9	8	7	6	7	
MPS1	680	0	0	0	0	0	0	4	0	0	2	2	0	4	5	7	0	0	0	9	6	28	0	0	0	9	8	7	6	7	
MPS1	681	0	0	0	0	0	0	4	0	0	2	2	0	4	5	7	0	0	0	9	6	28	0	0	0	9	8	7	6	7	
MPS1	682	0	0	0	0	0	0	4	0	0	2	2	0	4	5	7	0	0	0	9	6	28	0	0	0	9	8	7	6	7	
MPS1	683	0	0	0	0	0	0	4	0	0	2	2	0	4	5	7	0	0	0	9	6	28	0	0	0	9	8	7	6	7	
MPS1	684	0	0	0	0	0	0	4	0	0	2	2	0	4	5	7	0	0	0	9	6	28	0	0	0	9	8	7	6	7	
MPS1	685	0	0	0	0	0	0	4	0	0	2	2	0	2	2	5	0	0	0	5	4	16	0	0	0	0	0	0	0	0	
MPS1	686	0	0	0	0	0	0	4	0	0	2	2	0	2	2	5	0	0	0	5	4	16	0	0	0	0	0	0	0	0	
MPS1	687	0	0	0	0	0	0	4	0	0	2	2	0	2	2	5	0	0	0	5	4	16	0	0	0	0	0	0	0	0	
MPS1	688	0	0	0	0	0	0	0	0	0	3	2	3	2	0	0	0	0	0	3	4	6	0	0	0	0	0	0	0	0	
MPS1	689	0	0	0	0	0	0	0	0	0	3	2	3	2	0	0	0	0	0	3	4	6	0	0	0	0	0	0	0	0	
MPS1	690	0	0	0	0	0	0	0	0	0	3	2	3	2	0	0	0	0	0	3	4	6	0	0	0	0	0	0	0	0	
MPS1	691	0	0	0	0	0	0	0	0	0	3	2	3	2	0	0	0	0	0	3	4	6	0	0	0	0	0	0	0	0	
MPS1	692	0	0	0	0	0	0	0	0	0	3	2	3	2	0	0	0	0	0	3	4	6	0	0	0	0	0	0	0	0	
MPS1	693	0	0	0	0	0	0	0	0	0	3	2	3	2	0	0	0	0	0	3	4	6	0	0	0	0	0	0	0	0	
MPS1	694	0	0	0	0	0	0	0	0	0	3	2	3	2	0	0	0	0	0	3	4	6	0	0	0	0	0	0	0	0	
MPS1	695	0	0	0	0	0	0	0	0	0	0	0	0	0	0	0	0	0	0	0	0	2	0	0	0	0	0	0	0	0	
MPS1	696	0	0	0	0	0	0	0	0	0	0	0	0	0	0	0	0	0	0	0	0	2	0	0	0	0	0	0	0	0	
MPS1	697	0	0	0	0	0	0	0	0	0	0	0	0	0	0	0	0	0	0	0	0	2	0	0	0	0	0	0	0	0	
MPS1	698	0	0	0	0	0	0	0	0	0	0	0	0	0	0	0	0	0	0	0	0	2	0	0	0	0	0	0	0	0	
MPS1	699	0	0	0	0	0	0	0	0	0	0	0	0	0	0	0	0	0	0	0	0	2	0	0	0	0	0	0	0	0	
MPS1	700	0	0	0	0	0	0	0	0	0	0	0	0	0	0	0	0	0	0	0	0	2	0	0	0	0	0	0	0	0	
MPS1	701	0	0	0	0	0	0	0	0	0	0	0	0	0	0	0	0	0	0	0	0	2	0	0	0	0	0	0	0	0	
MPS1	702	0	0	0	0	0	0	0	0	0	0	0	0	0	0	0	0	0	0	0	0	2	0	0	0	0	0	0	0	0	
MPS1	703	0	0	0	0	0	0	0	0	0	0	0	0	0	0	0	0	0	0	0	0	2	0	0	0	0	0	0	0	0	
MPS1	704	0	0	0	0	0	0	0	0	0	0	0	0	0	0	0	0	0	0	0	0	2	0	0	0	0	0	0	0	0	
MPS1	705	0	0	0	0	0	0	0	0	0	0	0	0	0	0	0	0	0	0	0	0	4	0	0	0	0	0	0	0	0	
MPS1	706	0	0	0	0	0	0	0	0	0	0	0	0	0	0	0	0	0	0	0	0	4	0	0	0	0	0	0	0	0	
MPS1	707	0	0	0	0	0	0	0	0	0	0	0	0	0	0	0	0	0	0	0	0	4	0	0	0	0	0	0	0	0	
MPS1	708	0	0	0	0	0	0	0	0	0	0	0	0	0	0	0	0	0	0	0	0	4	0	0	0	0	0	0	0	0	
MPS1	709	0	0	0	0	0	0	0	0	0	0	0	0	0	0	0	0	0	0	0	0	4	0	0	0	0	0	0	0	0	
MPS1	710	0	0	0	0	0	0	0	0	0	0	0	0	0	0	0	0	0	0	2	0	10	0	0	0	0	0	0	0	0	
MPS1	711	0	0	0	0	0	0	0	0	0	0	0	0	0	0	0	0	0	0	2	0	10	0	0	0	0	0	0	0	0	
MPS1	712	0	0	0	0	0	0	0	0	0	0	0	0	0	0	0	0	0	0	2	0	10	0	0	0	0	0	0	0	0	
MPS1	713	0	0	0	0	0	0	0	0	0	0	0	0	0	0	0	0	0	0	2	0	10	0	0	0	0	0	0	0	0	
MPS1	714	0	0	0	0	0	0	0	0	0	0	0	0	0	0	0	0	0	0	2	0	10	0	0	0	0	0	0	0	0	
MPS1	715	0	0	0	0	0	0	0	0	0	0	0	0	0	0	0	0	0	0	2	0	10	0	0	0	0	0	0	0	0	
MPS1	716	0	0	0	0	0	0	0	0	0	0	0	0	0	0	0	0	0	0	2	0	10	0	0	0	0	0	0	0	0	
MPS1	717	0	0	0	0	0	0	0	0	0	0	0	0	0	0	0	0	0	0	2	0	10	0	0	0	0	0	0	0	0	
MPS1	718	0	0	0	0	0	0	0	0	0	0	0	0	0	0	0	0	0	0	2	0	10	0	0	0	0	0	0	0	0	
MPS1	719	0	0	0	0	0	0	0	0	0	0	0	0	0	0	0	0	0	0	2	0	10	0	0	0	0	0	0	0	0	
MPS1	720	0	0	0	0	0	0	0	0	0	0	0	0	0	0	0	0	0	0	2	0	10	0	0	0	0	0	0	0	0	
MPS1	721	0	0	0	0	0	0	0	0	0	0	0	0	0	0	0	0	0	0	2	0	10	0	0	0	0	0	0	0	0	
MPS1	722	0	0	0	0	0	0	0	0	0	0	0	0	0	0	0	0	0	0	2	0	10	0	0	0	0	0	0	0	0	
MPS1	723	0	0	0	0	0	0	0	0	0	0	0	0	0	0	0	0	0	0	2	0	10	0	0	0	0	0	0	0	0	
MPS1	724	0	0	0	0	0	0	0	0	0	0	0	0	0	0	0	0	0	0	2	0	10	0	0	0	0	0	0	0	0	
MPS1	725	0	0	0	0	0	0	0	0	0	0	0	0	0	0	0	0	0	0	2	0	10	0	0	0	0	0	0	0	0	
MPS1	726	0	0	0	0	0	0	0	0	0	0	0	0	0	0	0	0	0	0	2	0	10	0	0	0	0	0	0	0	0	
MPS1	727	0	0	0	0	0	0	0	0	0	0	0	0	0	0	0	0	0	0	2	0	10	0	0	0	0	0	0	0	0	
MPS1	728	0	0	0	0	0	0	0	0	0	0	0	0	0	0	0	0	0	0	2	0	10	0	0	0	0	0	0	0	0	
MPS1	729	0	0	0	0	0	0	0	0	0	0	0	0	0	0	0	0	0	0	2	0	10	0	0	0	0	0	0	0	0	
MPS1	730	0	0	0	0	0	0	0	0	0	0	0	0	0	0	0	0	0	0	2	0	10	0	0	0	0	0	0	0	0	
MPS1	731	0	0	0	0	0	0	0	0	0	0	0	0	0	0	0	0	0	0	2	0	10	0	0	0	0	0	0	0	0	
MPS1	732	0	0	0	0	0	0	0	0	0	0	0	0	0	0	0	0	0	0	0	0	2	0	0	0	0	0	0	0	0	
MPS1	733	0	0	0	0	0	0	0	0	0	0	0	0	0	0	0	0	0	0	0	0	2	0	0	0	0	0	0	0	0	
MPS1	734	0	0	0	0	0	0	0	0	0	0	0	0	0	0	0	0	0	0	0	0	2	0	0	0	0	0	0	0	0	
MPS1	735	0	0	0	0	0	0	0	0	0	0	0	0	0	0	0	0	0	0	0	0	2	0	0	0	0	0	0	0	0	
MPS1	736	0	0	0	0	0	0	2	0	0	0	0	0	7	0	9	0	0	2	35	0	19	0	0	0	4	2	2	6	2	
MPS1	737	0	0	0	0	0	0	2	0	0	0	0	0	7	0	9	0	0	2	35	0	19	0	0	0	4	2	2	6	2	
MPS1	738	0	0	0	0	0	0	2	0	0	0	0	0	7	0	9	0	0	2	35	0	19	0	0	0	4	2	2	6	2	
MPS1	739	0	0	0	0	0	0	2	0	0	0	0	0	7	0	9	0	0	2	35	0	19	0	0	0	4	2	2	6	2	
MPS1	740	0	0	0	0	0	0	2	0	0	0	0	0	7	0	9	0	0	2	35	0	19	0	0	0	4	2	2	6	2	
MPS1	741	0	0	0	0	0	0	2	0	0	0	0	0	7	0	9	0	0	2	35	0	19	0	0	0	4	2	2	6	2	
MPS1	742	0	0	0	0	0	0	2	0	0	0	0	0	7	0	9	0	0	2	35	0	19	0	0	0	4	2	2	6	2	
MPS1	743	0	0	0	0	0	0	2	0	0	0	0	0	7	0	9	0	0	2	35	0	19	0	0	0	4	2	2	6	2	
MPS1	744	0	0	0	0	0	0	2	0	0	0	0	0	7	0	9	0	0	2	35	0	19	0	0	0	4	2	2	6	2	
MPS1	745	0	0	0	0	0	0	2	0	0	0	0	0	7	0	9	0	0	2	35	0	19	0	0	0	4	2	2	6	2	
MPS1	746	0	0	0	0	0	0	2	0	0	0	0	0	7	0	9	0	0	2	35	0	19	0	0	0	4	2	2	6	2	
MPS1	747	0	0	0	0	0	0	2	0	0	0	0	0	7	0	9	0	0	2	35	0	19	0	0	0	4	2	2	6	2	
MPS1	748	0	0	0	0	0	0	2	0	0	0	0	0	7	0	9	0	0	2	35	0	19	0	0	0	4	2	2	6	2	
MPS1	749	0	0	0	0	0	0	2	0	0	0	0	0	7	0	9	0	0	2	35	0	19	0	0	0	4	2	2	6	2	
MPS1	750	0	0	0	0	0	0	2	0	0	0	0	0	7	0	9	0	0	2	35	0	19	0	0	0	4	2	2	6	2	
MPS1	751	0	0	0	0	0	0	2	0	0	0	0	0	7	0	9	0	0	2	35	0	19	0	0	0	4	2	2	6	2	
MPS1	752	0	0	0	0	0	0	2	0	0	0	0	0	7	0	9	0	0	2	35	0	19	0	0	0	4	2	2	6	2	
MPS1	753	0	0	0	0	0	0	2	0	0	0	0	0	7	0	9	0	0	2	35	0	19	0	0	0	4	2	2	6	2	
MPS1	754	0	0	0	0	0	0	2	0	0	0	0	0	7	0	9	0	0	2	35	0	19	0	0	0	4	2	2	6	2	
MPS1	755	0	0	0	0	0	0	2	0	0	0	0	0	7	0	9	0	0	2	35	0	19	0	0	0	4	2	2	6	2	
MPS1	756	0	0	0	0	0	0	2	0	0	0	0	0	7	0	9	0	0	2	35	0	19	0	0	0	4	2	2	6	2	
MPS1	757	0	0	0	0	0	0	2	0	0	0	0	0	7	0	9	0	0	2	35	0	19	0	0	0	4	2	2	6	2	
MPS1	758	0	0	0	0	0	0	3	0	0	2	3	2	9	2	10	0	0	2	25	0	12	0	0	0	0	2	2	2	0	
MPS1	759	0	0	0	0	0	0	6	0	0	4	6	4	6	2	3	0	0	4	2	0	0	0	0	0	0	0	0	0	0	
MPS1	760	0	0	0	0	0	0	6	0	0	4	6	4	6	2	3	0	0	4	2	0	0	0	0	0	0	0	0	0	0	
MPS1	761	0	0	0	0	0	0	6	0	0	4	6	4	6	2	3	0	0	4	2	0	0	0	0	0	0	0	0	0	0	
MPS1	762	0	0	0	0	0	0	6	0	0	4	6	4	6	2	3	0	0	4	2	0	0	0	0	0	0	0	0	0	0	
MPS1	763	0	0	0	0	0	0	6	0	0	4	6	4	6	2	3	0	0	4	2	0	0	0	0	0	0	0	0	0	0	
MPS1	764	0	0	0	0	0	0	6	0	0	4	6	4	6	2	3	0	0	4	2	0	0	0	0	0	0	0	0	0	0	
