protein	site	PSMs_001_Stu1-3FLAG_DMSO.csv	PSMs_002_Stu1-3FLAG_Cdc200-AID.csv	PSMs_003_Stu1-3FLAG_Benomyl.csv	PSMs_004_Stu1FLAG_Bub1V5_double_step_IP.csv	PSMs_005_Stu1_TOG1del_cutout_1.csv	PSMs_006_Stu1_TOG1del_cutout_2.csv	PSMs_007_Dsn1-flag.csv	PSMs_008_Dsn1-flag_mps1-1.csv	PSMs_009_Dsn1-flag_pgal-mps1.csv	PSMs_010_Dsn1-flag_ndc80.csv	PSMs_011_Dsn1-flag_ndc80-2a.csv	PSMs_012_Dsn1-flag_ndc80-2d.csv	PSMs_013_Dsn1-flag_ndc80_cdc15-2.csv	PSMs_014_Dsn1-flag_ndc80-2a_cdc15-2.csv	PSMs_015_Dsn1-flag_ndc80-2d_cdc15-2.csv	PSMs_016_Dsn1-flag.csv	PSMs_017_Dsn1-flag_mps1-1.csv	PSMs_018_ndc80-flag.csv	PSMs_019_ndc80-3flag.csv	PSMs_020_ndc80-flag_pgal-mps1.csv	PSMs_021_ndc80-3flag_pgal-mps1.csv	PSMs_022_dad1-flag.csv	PSMs_023_dad1-flag.csv	PSMs_024_dad1-flag_pgal-mps1.csv	PSMs_025_Nitobe_SCX1_Mtw1-3FLAG.csv	PSMs_025_Nitobe_SCX2_Mtw1-3FLAG.csv	PSMs_025_Nitobe_SCX3_Mtw1-3FLAG.csv	PSMs_025_Nitobe_SCX4_Mtw1-3FLAG.csv	PSMs_025_Nitobe_SCX5_Mtw1-3FLAG.csv	
MUB1	0	0	0	0	0	0	0	0	0	0	0	0	0	0	0	0	0	0	0	0	0	0	0	0	0	0	0	0	0	0	
MUB1	1	0	0	0	0	0	0	0	0	0	0	0	0	0	0	0	0	0	0	0	0	0	0	0	0	0	0	0	0	0	
MUB1	2	0	0	0	0	0	0	0	0	0	0	0	0	0	0	0	0	0	0	0	0	0	0	0	0	0	0	0	0	0	
MUB1	3	0	0	0	0	0	0	0	0	0	0	0	0	0	0	0	0	0	0	0	0	0	0	0	0	0	0	0	0	0	
MUB1	4	0	0	0	0	0	0	0	0	0	0	0	0	0	0	0	0	0	0	0	0	0	0	0	0	0	0	0	0	0	
MUB1	5	0	0	0	0	0	0	0	0	0	0	0	0	0	0	0	0	0	0	0	0	0	0	0	0	0	0	0	0	0	
MUB1	6	0	0	0	0	0	0	0	0	0	0	0	0	0	0	0	0	0	0	0	0	0	0	0	0	0	0	0	0	0	
MUB1	7	0	0	0	0	0	0	0	0	0	0	0	0	0	0	0	0	0	0	0	0	0	0	0	0	0	0	0	0	0	
MUB1	8	0	0	0	0	0	0	2	3	0	0	0	0	3	4	4	2	0	0	37	0	3	0	0	0	11	5	11	10	11	
MUB1	9	0	0	0	0	0	0	2	3	0	0	0	0	3	4	4	2	0	0	37	0	3	0	0	0	11	5	11	10	11	
MUB1	10	0	0	0	0	0	0	2	3	0	0	0	0	3	4	4	2	0	0	37	0	3	0	0	0	11	5	11	10	11	
MUB1	11	0	0	0	0	0	0	2	3	0	0	0	0	3	4	4	2	0	0	37	0	3	0	0	0	11	5	11	10	11	
MUB1	12	0	0	0	0	0	0	2	3	0	0	0	0	3	4	4	2	0	0	37	0	3	0	0	0	11	5	11	10	11	
MUB1	13	0	0	0	0	0	0	2	3	0	0	0	0	3	4	4	2	0	0	37	0	3	0	0	0	11	5	11	10	11	
MUB1	14	0	0	0	0	0	0	2	3	0	0	0	0	3	4	4	2	0	0	37	0	3	0	0	0	11	5	11	10	11	
MUB1	15	0	0	0	0	0	0	2	3	0	0	0	0	3	4	4	2	0	0	37	0	3	0	0	0	11	5	11	10	11	
MUB1	16	0	0	0	0	0	0	2	3	0	0	0	0	3	4	4	2	0	0	37	0	3	0	0	0	11	5	11	10	11	
MUB1	17	0	0	0	0	0	0	2	3	0	0	0	0	3	4	4	2	0	0	37	0	3	0	0	0	11	5	11	10	11	
MUB1	18	0	0	0	0	0	0	2	3	0	0	0	0	3	4	4	2	0	0	37	0	3	0	0	0	11	5	11	10	11	
MUB1	19	0	0	0	0	0	0	2	3	0	0	0	0	3	4	4	2	0	0	37	0	3	0	0	0	11	5	11	10	11	
MUB1	20	0	0	0	0	0	0	2	3	0	0	0	0	3	4	4	2	0	0	37	0	3	0	0	0	11	5	11	10	11	
MUB1	21	0	0	0	0	0	0	2	3	0	0	0	0	3	4	4	2	0	0	37	0	3	0	0	0	11	5	11	10	11	
MUB1	22	0	0	0	0	0	0	2	3	0	0	0	0	3	4	4	2	0	0	37	0	3	0	0	0	11	5	11	10	11	
MUB1	23	0	0	0	0	0	0	2	3	0	0	0	0	3	4	4	2	0	0	37	0	3	0	0	0	11	5	11	10	11	
MUB1	24	0	0	0	0	0	0	2	3	0	0	0	0	3	4	4	2	0	0	37	0	3	0	0	0	11	5	11	10	11	
MUB1	25	0	0	0	0	0	0	2	3	0	0	0	0	3	4	4	2	0	0	37	0	3	0	0	0	11	5	11	10	11	
MUB1	26	0	0	0	0	0	0	2	3	0	0	0	0	3	4	4	2	0	0	29	0	3	0	0	0	7	6	5	5	3	
MUB1	27	0	0	0	0	0	0	0	0	0	0	0	0	0	0	2	0	0	0	2	0	0	0	0	0	28	14	4	0	0	
MUB1	28	0	0	0	0	0	0	0	0	0	0	0	0	0	0	2	0	0	0	2	0	0	0	0	0	28	14	4	0	0	
MUB1	29	0	0	0	0	0	0	0	0	0	0	0	0	0	0	2	0	0	0	2	0	0	0	0	0	28	14	4	0	0	
MUB1	30	0	0	0	0	0	0	0	0	0	0	0	0	0	0	2	0	0	0	2	0	0	0	0	0	28	14	4	0	0	
MUB1	31	0	0	0	0	0	0	0	0	0	0	0	0	0	0	2	0	0	0	2	0	0	0	0	0	28	14	4	0	0	
MUB1	32	0	0	0	0	0	0	0	0	0	0	0	0	0	0	2	0	0	0	2	0	0	0	0	0	28	14	4	0	0	
MUB1	33	0	0	0	0	0	0	0	0	0	0	0	0	0	0	2	0	0	0	2	0	0	0	0	0	28	14	4	0	0	
MUB1	34	0	0	0	0	0	0	0	0	0	0	0	0	0	0	2	0	0	0	2	0	0	0	0	0	28	14	4	0	0	
MUB1	35	0	0	0	0	0	0	0	0	0	0	0	0	0	0	2	0	0	0	2	0	0	0	0	0	28	14	4	0	0	
MUB1	36	0	0	0	0	0	0	0	0	0	0	0	0	0	0	2	0	0	0	2	0	0	0	0	0	28	14	4	0	0	
MUB1	37	0	0	0	0	0	0	0	0	0	0	0	0	0	0	2	0	0	0	2	0	0	0	0	0	28	14	4	0	0	
MUB1	38	0	0	0	0	0	0	0	0	0	0	0	0	0	0	2	0	0	0	2	0	0	0	0	0	28	14	4	0	0	
MUB1	39	0	0	0	0	0	0	0	0	0	0	0	0	0	0	2	0	0	0	2	0	0	0	0	0	28	14	4	0	0	
MUB1	40	0	0	0	0	0	0	0	0	0	0	0	0	0	0	2	0	0	0	2	0	0	0	0	0	28	14	4	0	0	
MUB1	41	0	0	0	0	0	0	0	0	0	0	0	0	0	0	2	0	0	0	2	0	0	0	0	0	28	14	4	0	0	
MUB1	42	0	0	0	0	0	0	0	0	0	0	0	0	0	0	2	0	0	0	2	0	0	0	0	0	28	14	4	0	0	
MUB1	43	0	0	0	0	0	0	0	0	0	0	0	0	0	0	2	0	0	0	2	0	0	0	0	0	28	14	4	0	0	
MUB1	44	0	0	0	0	0	0	0	0	0	0	0	0	0	0	2	0	0	0	2	0	0	0	0	0	28	14	4	0	0	
MUB1	45	0	0	0	0	0	0	0	0	0	0	0	0	0	0	2	0	0	0	2	0	0	0	0	0	28	14	4	0	0	
MUB1	46	0	0	0	0	0	0	0	0	0	0	0	0	0	0	2	0	0	0	2	0	0	0	0	0	28	14	4	0	0	
MUB1	47	0	0	0	0	0	0	0	0	0	0	0	0	0	0	2	0	0	0	2	0	0	0	0	0	28	14	4	0	0	
MUB1	48	0	0	0	0	0	0	0	0	0	0	0	0	0	0	2	0	0	0	2	0	0	0	0	0	28	14	4	0	0	
MUB1	49	0	0	0	0	0	0	0	0	0	0	0	0	0	0	2	0	0	0	2	0	0	0	0	0	28	14	4	0	0	
MUB1	50	0	0	0	0	0	0	0	0	0	0	0	0	0	0	2	0	0	0	2	0	0	0	0	0	28	14	4	0	0	
MUB1	51	0	0	0	0	0	0	0	0	0	0	0	0	0	0	2	0	0	0	2	0	0	0	0	0	28	14	4	0	0	
MUB1	52	0	0	0	0	0	0	0	0	0	0	0	0	0	0	2	0	0	0	2	0	0	0	0	0	28	14	4	0	0	
MUB1	53	0	0	0	0	0	0	0	0	0	0	0	0	0	0	2	0	0	0	0	0	0	0	0	0	5	5	5	4	3	
MUB1	54	0	0	0	0	0	0	0	0	0	0	0	0	0	0	2	0	0	0	0	0	0	0	0	0	5	5	5	4	3	
MUB1	55	0	0	0	0	0	0	0	0	0	0	0	0	0	0	2	0	0	0	0	0	0	0	0	0	8	8	5	8	5	
MUB1	56	0	0	0	0	0	0	0	0	0	0	0	0	0	0	2	0	0	0	0	0	0	0	0	0	8	8	5	8	5	
MUB1	57	0	0	0	0	0	0	0	0	0	0	0	0	0	0	2	0	0	0	0	0	0	0	0	0	8	8	5	8	5	
MUB1	58	0	0	0	0	0	0	0	0	0	0	0	0	0	0	2	0	0	0	0	0	0	0	0	0	8	8	5	8	5	
MUB1	59	0	0	0	0	0	0	0	0	0	0	0	0	0	0	2	0	0	0	0	0	0	0	0	0	8	8	5	8	5	
MUB1	60	0	0	0	0	0	0	0	0	0	0	0	0	0	0	2	0	0	0	0	0	0	0	0	0	8	8	5	8	5	
MUB1	61	0	0	0	0	0	0	0	0	0	0	0	0	0	0	2	0	0	0	0	0	0	0	0	0	8	8	5	8	5	
MUB1	62	0	0	0	0	0	0	0	0	0	0	0	0	0	0	2	0	0	0	0	0	0	0	0	0	8	8	5	8	5	
MUB1	63	0	0	0	0	0	0	0	0	0	0	0	0	0	0	2	0	0	0	0	0	0	0	0	0	8	8	5	8	5	
MUB1	64	0	0	0	0	0	0	0	0	0	0	0	0	0	0	2	0	0	0	0	0	0	0	0	0	8	8	5	8	5	
MUB1	65	0	0	0	0	0	0	0	0	0	0	0	0	0	0	2	0	0	0	0	0	0	0	0	0	8	8	5	8	5	
MUB1	66	0	0	0	0	0	0	0	0	0	0	0	0	0	0	0	0	0	0	0	0	0	0	0	0	0	0	0	0	0	
MUB1	67	0	0	0	0	0	0	0	0	0	0	0	0	0	0	0	0	0	0	0	0	0	0	0	0	0	0	0	0	0	
MUB1	68	0	0	0	0	0	0	0	0	0	0	0	0	0	0	0	0	0	0	0	0	0	0	0	0	0	0	0	0	0	
MUB1	69	0	0	0	0	0	0	0	0	0	0	0	0	0	0	0	0	0	0	0	0	0	0	0	0	0	0	0	0	0	
MUB1	70	0	0	0	0	0	0	0	0	0	0	0	0	0	0	0	0	0	0	0	0	0	0	0	0	0	0	0	0	0	
MUB1	71	0	0	0	0	0	0	0	0	0	0	0	0	0	0	0	0	0	0	0	0	0	0	0	0	0	0	0	0	0	
MUB1	72	0	0	0	0	0	0	0	0	0	0	0	0	0	0	0	0	0	0	0	0	0	0	0	0	0	0	0	0	0	
MUB1	73	0	0	0	0	0	0	0	0	0	0	0	0	0	0	0	0	0	0	0	0	0	0	0	0	0	0	0	0	0	
MUB1	74	0	0	0	0	0	0	0	0	0	0	0	0	0	0	0	0	0	0	0	0	0	0	0	0	0	0	0	0	0	
MUB1	75	0	0	0	0	0	0	0	0	0	0	0	0	0	0	0	0	0	0	0	0	0	0	0	0	0	0	0	0	0	
MUB1	76	0	0	0	0	0	0	0	0	0	0	0	0	0	0	0	0	0	0	0	0	0	0	0	0	0	0	0	0	0	
MUB1	77	0	0	0	0	0	0	0	0	0	0	0	0	0	0	0	0	0	0	0	0	0	0	0	0	0	0	0	0	0	
MUB1	78	0	0	0	0	0	0	0	0	0	0	0	0	0	0	0	0	0	0	0	0	0	0	0	0	0	0	0	0	0	
MUB1	79	0	0	0	0	0	0	0	0	0	0	0	0	0	0	0	0	0	0	0	0	0	0	0	0	0	0	0	0	0	
MUB1	80	0	0	0	0	0	0	0	0	0	0	0	0	0	0	0	0	0	0	0	0	0	0	0	0	0	0	0	0	0	
MUB1	81	0	0	0	0	0	0	0	0	0	0	0	0	0	0	0	0	0	0	0	0	0	0	0	0	0	0	0	0	0	
MUB1	82	0	0	0	0	0	0	0	0	0	0	0	0	0	0	0	0	0	0	0	0	0	0	0	0	0	0	0	0	0	
MUB1	83	0	0	0	0	0	0	0	0	0	0	0	0	0	0	0	0	0	0	0	0	0	0	0	0	0	0	0	0	0	
MUB1	84	0	0	0	0	0	0	0	0	0	0	0	0	0	0	0	0	0	0	0	0	0	0	0	0	0	0	0	0	0	
MUB1	85	0	0	0	0	0	0	0	0	0	0	0	0	0	0	0	0	0	0	0	0	0	0	0	0	0	0	0	0	0	
MUB1	86	0	0	0	0	0	0	0	0	0	0	0	0	0	0	0	0	0	0	0	0	0	0	0	0	0	0	0	0	0	
MUB1	87	0	0	0	0	0	0	0	0	0	0	0	0	0	0	0	0	0	0	0	0	0	0	0	0	0	0	0	0	0	
MUB1	88	0	0	0	0	0	0	0	0	0	0	0	0	0	0	0	0	0	0	0	0	0	0	0	0	0	0	0	0	0	
MUB1	89	0	0	0	0	0	0	0	0	0	0	0	0	0	0	0	0	0	0	0	0	0	0	0	0	0	0	0	0	0	
MUB1	90	0	0	0	0	0	0	0	0	0	0	0	0	0	0	0	0	0	0	0	0	0	0	0	0	0	0	0	0	0	
MUB1	91	0	0	0	0	0	0	0	0	0	0	0	0	0	0	0	0	0	0	0	0	0	0	0	0	0	0	0	0	0	
MUB1	92	0	0	0	0	0	0	0	0	0	0	0	0	0	0	0	0	0	0	0	0	0	0	0	0	0	0	0	0	0	
MUB1	93	0	0	0	0	0	0	0	0	0	0	0	0	0	0	0	0	0	0	0	0	0	0	0	0	0	0	0	0	0	
MUB1	94	0	0	0	0	0	0	0	0	0	0	0	0	0	0	0	0	0	0	0	0	0	0	0	0	0	0	0	0	0	
MUB1	95	0	0	0	0	0	0	0	0	0	0	0	0	0	0	0	0	0	0	0	0	0	0	0	0	0	0	0	0	0	
MUB1	96	0	0	0	0	0	0	0	0	0	0	0	0	0	0	0	0	0	0	0	0	0	0	0	0	0	0	0	0	0	
MUB1	97	0	0	0	0	0	0	0	0	0	0	0	0	0	0	0	0	0	0	0	0	0	0	0	0	0	0	0	0	0	
MUB1	98	0	0	0	0	0	0	0	0	0	0	0	0	0	0	0	0	0	0	0	0	0	0	0	0	0	0	0	0	0	
MUB1	99	0	0	0	0	0	0	0	0	0	0	0	0	0	0	0	0	0	0	0	0	0	0	0	0	0	0	0	0	0	
MUB1	100	0	0	0	0	0	0	0	0	0	0	0	0	0	0	0	0	0	0	0	0	0	0	0	0	0	0	0	0	0	
MUB1	101	0	0	0	0	0	0	0	0	0	0	0	0	0	0	0	0	0	0	0	0	0	0	0	0	0	0	0	0	0	
MUB1	102	0	0	0	0	0	0	0	0	0	0	0	0	0	0	0	0	0	0	0	0	0	0	0	0	0	0	0	0	0	
MUB1	103	0	0	0	0	0	0	0	0	0	0	0	0	0	0	0	0	0	0	0	0	0	0	0	0	0	0	0	0	0	
MUB1	104	0	0	0	0	0	0	0	0	0	0	0	0	0	0	0	0	0	0	0	0	0	0	0	0	0	0	0	0	0	
MUB1	105	0	0	0	0	0	0	0	0	0	0	0	0	0	0	0	0	0	0	0	0	0	0	0	0	0	0	0	0	0	
MUB1	106	0	0	0	0	0	0	0	0	0	0	0	0	0	0	0	0	0	0	0	0	0	0	0	0	0	0	0	0	0	
MUB1	107	0	0	0	0	0	0	0	0	0	0	0	0	0	0	0	0	0	0	0	0	0	0	0	0	0	0	0	0	0	
MUB1	108	0	0	0	0	0	0	0	0	0	0	0	0	0	0	0	0	0	0	0	0	0	0	0	0	0	0	0	0	0	
MUB1	109	0	0	0	0	0	0	0	0	0	0	0	0	0	0	0	0	0	0	0	0	0	0	0	0	0	0	0	0	0	
MUB1	110	0	0	0	0	0	0	0	0	0	0	0	0	0	0	0	0	0	0	0	0	0	0	0	0	0	2	0	0	0	
MUB1	111	0	0	0	0	0	0	0	0	0	0	0	0	0	0	0	0	0	0	0	0	0	0	0	0	0	2	0	0	0	
MUB1	112	0	0	0	0	0	0	0	0	0	0	0	0	0	0	0	0	0	0	0	0	0	0	0	0	0	2	0	0	0	
MUB1	113	0	0	0	0	0	0	0	0	0	0	0	0	0	0	0	0	0	0	0	0	0	0	0	0	0	2	0	0	0	
MUB1	114	0	0	0	0	0	0	0	0	0	0	0	0	0	0	0	0	0	0	0	0	0	0	0	0	0	2	0	0	0	
MUB1	115	0	0	0	0	0	0	0	0	0	0	0	0	0	0	0	0	0	0	0	0	0	0	0	0	0	2	0	0	0	
MUB1	116	0	0	0	0	0	0	0	0	0	0	0	0	0	0	0	0	0	0	0	0	0	0	0	0	0	2	0	0	0	
MUB1	117	0	0	0	0	0	0	0	0	0	0	0	0	0	0	0	0	0	0	0	0	0	0	0	0	0	2	0	0	0	
MUB1	118	0	0	0	0	0	0	0	0	0	0	0	0	0	0	0	0	0	0	0	0	0	0	0	0	0	2	0	0	0	
MUB1	119	0	0	0	0	0	0	0	0	0	0	0	0	0	0	0	0	0	0	0	0	0	0	0	0	0	2	0	0	0	
MUB1	120	0	0	0	0	0	0	0	0	0	0	0	0	0	0	0	0	0	0	0	0	0	0	0	0	0	2	0	0	0	
MUB1	121	0	0	0	0	0	0	0	0	0	0	0	0	0	0	0	0	0	0	0	0	0	0	0	0	0	2	0	0	0	
MUB1	122	0	0	0	0	0	0	0	0	0	0	0	0	0	0	0	0	0	0	0	0	0	0	0	0	0	2	0	0	0	
MUB1	123	0	0	0	0	0	0	0	0	0	0	0	0	0	0	0	0	0	0	0	0	0	0	0	0	0	2	0	0	0	
MUB1	124	0	0	0	0	0	0	0	0	0	0	0	0	0	0	0	0	0	0	0	0	0	0	0	0	0	0	0	0	0	
MUB1	125	0	0	0	0	0	0	0	0	0	0	0	0	0	0	0	0	0	0	0	0	0	0	0	0	0	0	0	0	0	
MUB1	126	0	0	0	0	0	0	0	0	0	0	0	0	0	0	0	0	0	0	0	0	0	0	0	0	0	0	0	0	0	
MUB1	127	0	0	0	0	0	0	0	0	0	0	0	0	0	0	0	0	0	0	0	0	0	0	0	0	0	0	0	0	0	
MUB1	128	0	0	0	0	0	0	0	0	0	0	0	0	0	0	0	0	0	0	0	0	0	0	0	0	0	0	0	0	0	
MUB1	129	0	0	0	0	0	0	0	0	0	0	0	0	0	0	0	0	0	0	0	0	0	0	0	0	0	0	0	0	0	
MUB1	130	0	0	0	0	0	0	0	0	0	0	0	0	0	0	0	0	0	0	0	0	0	0	0	0	0	0	0	0	0	
MUB1	131	0	0	0	0	0	0	0	0	0	0	0	0	0	0	0	0	0	0	0	0	0	0	0	0	0	0	0	0	0	
MUB1	132	0	0	0	0	0	0	0	0	0	0	0	0	0	0	0	0	0	0	0	0	0	0	0	0	0	0	0	0	0	
MUB1	133	0	0	0	0	0	0	0	0	0	0	0	0	0	0	0	0	0	0	0	0	0	0	0	0	0	0	0	0	0	
MUB1	134	0	0	0	0	0	0	0	0	0	0	0	0	0	0	0	0	0	0	0	0	0	0	0	0	0	0	0	0	0	
MUB1	135	0	0	0	0	0	0	0	0	0	0	0	0	0	0	0	0	0	0	0	0	0	0	0	0	0	0	0	0	0	
MUB1	136	0	0	0	0	0	0	0	0	0	0	0	0	0	0	0	0	0	0	0	0	0	0	0	0	0	0	0	0	0	
MUB1	137	0	0	0	0	0	0	0	0	0	0	0	0	0	0	0	0	0	0	0	0	0	0	0	0	0	0	0	0	0	
MUB1	138	0	0	0	0	0	0	0	0	0	0	0	0	0	0	0	0	0	0	0	0	0	0	0	0	0	0	0	0	0	
MUB1	139	0	0	0	0	0	0	0	0	0	0	0	0	0	0	0	0	0	0	0	0	0	0	0	0	0	0	0	0	0	
MUB1	140	0	0	0	0	0	0	0	0	0	0	0	0	0	0	0	0	0	0	0	0	0	0	0	0	0	0	0	0	0	
MUB1	141	0	0	0	0	0	0	0	0	0	0	0	0	0	0	0	0	0	0	0	0	0	0	0	0	0	0	0	0	0	
MUB1	142	0	0	0	0	0	0	0	0	0	0	0	0	0	0	0	0	0	0	0	0	0	0	0	0	0	0	0	0	0	
MUB1	143	0	0	0	0	0	0	0	0	0	0	0	0	0	0	0	0	0	0	0	0	0	0	0	0	0	0	0	0	0	
MUB1	144	0	0	0	0	0	0	0	0	0	0	0	0	0	0	0	0	0	0	0	0	0	0	0	0	0	0	0	0	0	
MUB1	145	0	0	0	0	0	0	0	0	0	0	0	0	0	0	0	0	0	0	0	0	0	0	0	0	0	0	0	0	0	
MUB1	146	0	0	0	0	0	0	0	0	0	0	0	0	0	0	0	0	0	0	0	0	0	0	0	0	0	0	0	0	0	
MUB1	147	0	0	0	0	0	0	0	0	0	0	0	0	0	0	0	0	0	0	0	0	0	0	0	0	0	0	0	0	0	
MUB1	148	0	0	0	0	0	0	0	0	0	0	0	0	0	0	0	0	0	0	0	0	0	0	0	0	0	0	0	0	0	
MUB1	149	0	0	0	0	0	0	0	0	0	0	0	0	0	0	0	0	0	0	0	0	0	0	0	0	0	0	0	0	0	
MUB1	150	0	0	0	0	0	0	0	0	0	0	0	0	0	0	0	0	0	0	0	0	0	0	0	0	0	0	0	0	0	
MUB1	151	0	0	0	0	0	0	0	0	0	0	0	0	0	0	0	0	0	0	0	0	0	0	0	0	0	0	0	0	0	
MUB1	152	0	0	0	0	0	0	0	0	0	0	0	0	0	0	0	0	0	0	0	0	0	0	0	0	0	0	0	0	0	
MUB1	153	0	0	0	0	0	0	0	0	0	0	0	0	0	0	0	0	0	0	0	0	0	0	0	0	0	0	0	0	0	
MUB1	154	0	0	0	0	0	0	0	0	0	0	0	0	0	0	0	0	0	0	0	0	0	0	0	0	4	4	4	2	0	
MUB1	155	0	0	0	0	0	0	0	0	0	0	0	0	0	0	0	0	0	0	0	0	0	0	0	0	4	4	4	2	0	
MUB1	156	0	0	0	0	0	0	0	0	0	0	0	0	0	0	0	0	0	0	0	0	0	0	0	0	4	4	4	2	0	
MUB1	157	0	0	0	0	0	0	0	0	0	0	0	0	0	0	0	0	0	0	0	0	0	0	0	0	4	4	4	2	0	
MUB1	158	0	0	0	0	0	0	0	0	0	0	0	0	0	0	0	0	0	0	0	0	0	0	0	0	4	4	4	2	0	
MUB1	159	0	0	0	0	0	0	0	0	0	0	0	0	0	0	0	0	0	0	0	0	0	0	0	0	4	4	4	2	0	
MUB1	160	0	0	0	0	0	0	0	0	0	0	0	0	0	0	0	0	0	0	0	0	0	0	0	0	6	4	4	2	0	
MUB1	161	0	0	0	0	0	0	0	0	0	0	0	0	0	0	0	0	0	0	0	0	0	0	0	0	6	4	4	2	0	
MUB1	162	0	0	0	0	0	0	0	0	0	0	0	0	0	0	0	0	0	0	0	0	0	0	0	0	6	4	4	2	0	
MUB1	163	0	0	0	0	0	0	0	0	0	0	0	0	0	0	0	0	0	0	0	0	0	0	0	0	6	4	4	2	0	
MUB1	164	0	0	0	0	0	0	0	0	0	0	0	0	0	0	0	0	0	0	0	0	0	0	0	0	6	4	4	2	0	
MUB1	165	0	0	0	0	0	0	0	0	0	0	0	0	0	0	0	0	0	0	0	0	0	0	0	0	6	4	4	2	0	
MUB1	166	0	0	0	0	0	0	0	0	0	0	0	0	0	0	0	0	0	0	0	0	0	0	0	0	6	4	4	2	0	
MUB1	167	0	0	0	0	0	0	0	0	0	0	0	0	0	0	0	0	0	0	0	0	0	0	0	0	6	4	4	2	0	
MUB1	168	0	0	0	0	0	0	0	0	0	0	0	0	0	0	0	0	0	0	0	0	0	0	0	0	6	4	4	2	0	
MUB1	169	0	0	0	0	0	0	0	0	0	0	0	0	0	0	0	0	0	0	3	0	0	0	0	0	0	4	2	0	0	
MUB1	170	0	0	0	0	0	0	0	0	0	0	0	0	0	0	0	0	0	0	3	0	0	0	0	0	0	4	2	0	0	
MUB1	171	0	0	0	0	0	0	0	0	0	0	0	0	0	0	0	0	0	0	3	0	0	0	0	0	0	4	2	0	0	
MUB1	172	0	0	0	0	0	0	0	0	0	0	0	0	0	0	0	0	0	0	3	0	0	0	0	0	0	4	2	0	0	
MUB1	173	0	0	0	0	0	0	0	0	0	0	0	0	0	0	0	0	0	0	3	0	0	0	0	0	0	4	2	0	0	
MUB1	174	0	0	0	0	0	0	0	0	0	0	0	0	0	0	0	0	0	0	3	0	0	0	0	0	0	4	2	0	0	
MUB1	175	0	0	0	0	0	0	0	0	0	0	0	0	0	0	0	0	0	0	3	0	0	0	0	0	0	4	2	0	0	
MUB1	176	0	0	0	0	0	0	0	0	0	0	0	0	0	0	0	0	0	0	3	0	0	0	0	0	0	4	2	0	0	
MUB1	177	0	0	0	0	0	0	0	0	0	0	0	0	0	0	0	0	0	0	3	0	0	0	0	0	0	4	2	0	0	
MUB1	178	0	0	0	0	0	0	0	0	0	0	0	0	0	0	0	0	0	0	0	0	0	0	0	0	0	0	0	0	0	
MUB1	179	0	0	0	0	0	0	0	0	0	0	0	0	0	0	0	0	0	0	0	0	0	0	0	0	0	0	0	0	0	
MUB1	180	0	0	0	0	0	0	0	0	0	0	0	0	0	0	0	0	0	0	0	0	0	0	0	0	0	0	0	0	0	
MUB1	181	0	0	0	0	0	0	0	0	0	0	0	0	2	0	2	0	0	0	16	0	2	0	0	0	10	8	4	6	2	
MUB1	182	0	0	0	0	0	0	0	0	0	0	0	0	2	0	2	0	0	0	16	0	2	0	0	0	10	8	4	6	2	
MUB1	183	0	0	0	0	0	0	0	0	0	0	0	0	2	0	2	0	0	0	16	0	2	0	0	0	10	8	4	6	2	
MUB1	184	0	0	0	0	0	0	0	0	0	0	0	0	2	0	2	0	0	0	16	0	2	0	0	0	10	8	4	6	2	
MUB1	185	0	0	0	0	0	0	0	0	0	0	0	0	2	0	2	0	0	0	16	0	2	0	0	0	10	8	4	6	2	
MUB1	186	0	0	0	0	0	0	0	0	0	0	0	0	2	0	2	0	0	0	16	0	2	0	0	0	10	8	4	6	2	
MUB1	187	0	0	0	0	0	0	0	0	0	0	0	0	2	0	2	0	0	0	16	0	2	0	0	0	10	8	4	6	2	
MUB1	188	0	0	0	0	0	0	0	0	0	0	0	0	2	0	2	0	0	0	16	0	2	0	0	0	10	8	4	6	2	
MUB1	189	0	0	0	0	0	0	0	0	0	0	0	0	2	0	2	0	0	0	16	0	2	0	0	0	10	8	4	6	2	
MUB1	190	0	0	0	0	0	0	0	0	0	0	0	0	2	0	2	0	0	0	16	0	2	0	0	0	10	8	4	6	2	
MUB1	191	0	0	0	0	0	0	0	0	0	0	0	0	2	0	2	0	0	0	16	0	2	0	0	0	10	8	4	6	2	
MUB1	192	0	0	0	0	0	0	0	0	0	0	0	0	2	0	2	0	0	0	16	0	2	0	0	0	10	8	4	6	2	
MUB1	193	0	0	0	0	0	0	0	0	0	0	0	0	2	0	2	0	0	0	16	0	2	0	0	0	10	8	4	6	2	
MUB1	194	0	0	0	0	0	0	0	0	0	0	0	0	2	0	2	0	0	0	16	0	2	0	0	0	10	8	4	6	2	
MUB1	195	0	0	0	0	0	0	0	0	0	0	0	0	2	0	2	0	0	0	16	0	2	0	0	0	10	8	4	6	2	
MUB1	196	0	0	0	0	0	0	0	0	0	0	0	0	2	0	2	0	0	0	16	0	2	0	0	0	10	8	4	6	2	
MUB1	197	0	0	0	0	0	0	0	0	0	0	0	0	2	0	2	0	0	0	16	0	2	0	0	0	10	8	4	6	2	
MUB1	198	0	0	0	0	0	0	0	0	0	0	0	0	2	0	2	0	0	0	16	0	2	0	0	0	10	8	4	6	2	
MUB1	199	0	0	0	0	0	0	0	0	0	0	0	0	2	0	2	0	0	0	16	0	2	0	0	0	10	8	4	6	2	
MUB1	200	0	0	0	0	0	0	0	0	0	0	0	0	2	2	2	2	2	0	4	0	2	0	0	0	0	0	0	0	0	
MUB1	201	0	0	0	0	0	0	0	0	0	0	0	0	2	2	2	2	2	0	4	0	2	0	0	0	0	0	0	0	0	
MUB1	202	0	0	0	0	0	0	4	5	2	0	0	0	7	8	9	8	5	0	2	2	0	0	0	0	6	3	2	6	3	
MUB1	203	0	0	0	0	0	0	4	5	2	0	0	0	7	8	9	8	5	0	2	2	0	0	0	0	6	3	2	6	3	
MUB1	204	0	0	0	0	0	0	4	5	2	0	0	0	7	8	9	8	5	0	2	2	0	0	0	0	6	3	2	6	3	
MUB1	205	0	0	0	0	0	0	4	5	2	0	0	0	7	8	9	8	5	0	2	2	0	0	0	0	6	3	2	6	3	
MUB1	206	0	0	0	0	0	0	4	5	2	0	0	0	7	8	9	8	5	0	2	2	0	0	0	0	6	3	2	6	3	
MUB1	207	0	0	0	0	0	0	4	5	2	0	0	0	9	8	11	8	5	0	2	2	0	0	0	0	6	3	2	6	3	
MUB1	208	0	0	0	0	0	0	4	5	2	0	0	0	9	8	11	8	5	0	2	2	0	0	0	0	6	3	2	6	3	
MUB1	209	0	0	0	0	0	0	4	5	2	0	0	0	9	8	11	8	5	0	2	2	0	0	0	0	6	3	2	6	3	
MUB1	210	0	0	0	0	0	0	4	5	2	0	0	0	9	8	11	8	5	0	2	2	0	0	0	0	6	3	2	6	3	
MUB1	211	0	0	0	0	0	0	4	5	2	0	0	0	9	8	11	8	5	0	2	2	0	0	0	0	6	3	2	6	3	
MUB1	212	0	0	0	0	0	0	4	5	2	0	0	0	9	8	11	8	5	0	2	2	0	0	0	0	6	3	2	6	3	
MUB1	213	0	0	0	0	0	0	0	0	0	0	0	0	2	0	2	4	0	0	16	0	3	0	0	0	25	8	9	13	4	
MUB1	214	0	0	0	0	0	0	0	0	0	0	0	0	2	0	2	4	0	0	16	0	3	0	0	0	25	8	9	13	4	
MUB1	215	0	0	0	0	0	0	0	0	0	0	0	0	2	0	2	4	0	0	16	0	3	0	0	0	25	8	9	13	4	
MUB1	216	0	0	0	0	0	0	0	0	0	0	0	0	2	0	2	4	0	0	16	0	3	0	0	0	25	8	9	13	4	
MUB1	217	0	0	0	0	0	0	0	0	0	0	0	0	2	0	2	4	0	0	16	0	3	0	0	0	25	8	9	13	4	
MUB1	218	0	0	0	0	0	0	0	0	0	0	0	0	2	0	2	4	0	0	16	0	3	0	0	0	25	8	9	13	4	
MUB1	219	0	0	0	0	0	0	0	0	0	0	0	0	2	0	2	4	0	0	16	0	3	0	0	0	25	8	9	13	4	
MUB1	220	0	0	0	0	0	0	0	0	0	0	0	0	2	0	2	4	0	0	16	0	3	0	0	0	25	8	9	13	4	
MUB1	221	0	0	0	0	0	0	0	0	0	0	0	0	2	0	2	4	0	0	16	0	3	0	0	0	25	8	9	13	4	
MUB1	222	0	0	0	0	0	0	0	0	0	0	0	0	2	0	2	4	0	0	16	0	3	0	0	0	25	8	9	13	4	
MUB1	223	0	0	0	0	0	0	0	0	0	0	0	0	2	0	2	4	0	0	16	0	3	0	0	0	25	8	9	13	4	
MUB1	224	0	0	0	0	0	0	0	0	0	0	0	0	2	0	2	4	0	0	16	0	3	0	0	0	25	8	9	13	4	
MUB1	225	0	0	0	0	0	0	0	0	0	0	0	0	2	0	2	4	0	0	16	0	3	0	0	0	25	8	9	13	4	
MUB1	226	0	0	0	0	0	0	0	0	0	0	0	0	2	0	2	4	0	0	16	0	3	0	0	0	25	8	9	13	4	
MUB1	227	0	0	0	0	0	0	0	0	0	0	0	0	2	0	2	4	0	0	16	0	3	0	0	0	25	8	9	13	4	
MUB1	228	0	0	0	0	0	0	0	0	0	0	0	0	2	0	2	4	0	0	16	0	3	0	0	0	25	8	9	13	4	
MUB1	229	0	0	0	0	0	0	0	0	0	0	0	0	2	0	2	4	0	0	16	0	3	0	0	0	25	8	9	13	4	
MUB1	230	0	0	0	0	0	0	0	0	0	0	0	0	2	0	2	4	0	0	16	0	3	0	0	0	25	8	9	13	4	
MUB1	231	0	0	0	0	0	0	0	0	0	0	0	0	2	0	4	0	0	0	3	0	0	0	0	0	3	5	0	2	2	
MUB1	232	0	0	0	0	0	0	0	0	0	0	0	0	2	0	4	0	0	0	3	0	0	0	0	0	3	5	0	2	2	
MUB1	233	0	0	0	0	0	0	0	0	0	0	0	0	2	0	4	0	0	0	3	0	0	0	0	0	3	5	0	2	2	
MUB1	234	0	0	0	0	0	0	0	0	0	0	0	0	2	0	4	0	0	0	3	0	0	0	0	0	3	5	0	2	2	
MUB1	235	0	0	0	0	0	0	0	0	0	0	0	0	2	0	4	0	0	0	3	0	0	0	0	0	3	5	0	2	2	
MUB1	236	0	0	0	0	0	0	0	0	0	0	0	0	2	0	4	0	0	0	3	0	0	0	0	0	3	5	0	2	2	
MUB1	237	0	0	0	0	0	0	0	0	0	0	0	0	2	0	4	0	0	0	3	0	0	0	0	0	3	5	0	2	2	
MUB1	238	0	0	0	0	0	0	0	0	0	0	0	0	2	0	4	0	0	0	3	0	0	0	0	0	3	5	0	2	2	
MUB1	239	0	0	0	0	0	0	0	0	0	0	0	0	2	0	4	0	0	0	3	0	0	0	0	0	3	5	0	2	2	
MUB1	240	0	0	0	0	0	0	0	0	0	0	0	0	2	0	4	0	0	0	3	0	0	0	0	0	3	5	0	2	2	
MUB1	241	0	0	0	0	0	0	0	0	0	0	0	0	2	0	4	0	0	0	3	0	0	0	0	0	3	5	0	2	2	
MUB1	242	0	0	0	0	0	0	0	0	0	0	0	0	2	0	4	0	0	0	3	0	0	0	0	0	3	5	0	2	2	
MUB1	243	0	0	0	0	0	0	0	0	0	0	0	0	2	0	4	0	0	0	3	0	0	0	0	0	3	5	0	2	2	
MUB1	244	0	0	0	0	0	0	0	0	0	0	0	0	2	0	4	0	0	0	3	0	0	0	0	0	3	5	0	2	2	
MUB1	245	0	0	0	0	0	0	0	0	0	0	0	0	2	0	4	0	0	0	3	0	0	0	0	0	4	7	2	2	0	
MUB1	246	0	0	0	0	0	0	0	0	0	0	0	0	2	0	4	0	0	0	3	0	0	0	0	0	4	7	2	2	0	
MUB1	247	0	0	0	0	0	0	0	0	0	0	0	0	2	0	4	0	0	0	3	0	0	0	0	0	4	7	2	2	0	
MUB1	248	0	0	0	0	0	0	0	0	0	0	0	0	2	0	4	0	0	0	3	0	0	0	0	0	4	7	2	2	0	
MUB1	249	0	0	0	0	0	0	0	0	0	0	0	0	2	0	4	0	0	0	3	0	0	0	0	0	4	7	2	2	0	
MUB1	250	0	0	0	0	0	0	0	0	0	0	0	0	2	0	4	0	0	0	3	0	0	0	0	0	4	7	2	2	0	
MUB1	251	0	0	0	0	0	0	0	0	0	0	0	0	2	0	4	0	0	0	3	0	0	0	0	0	4	7	2	2	0	
MUB1	252	0	0	0	0	0	0	0	0	0	0	0	0	2	0	4	0	0	0	3	0	0	0	0	0	4	7	2	2	0	
MUB1	253	0	0	0	0	0	0	0	0	0	0	0	0	2	0	4	0	0	0	3	0	0	0	0	0	4	7	2	2	0	
MUB1	254	0	0	0	0	0	0	0	0	0	0	0	0	2	0	4	0	0	0	3	0	0	0	0	0	4	7	2	2	0	
MUB1	255	0	0	0	0	0	0	0	0	0	0	0	0	2	0	4	0	0	0	3	0	0	0	0	0	4	7	2	2	0	
MUB1	256	0	0	0	0	0	0	0	0	0	0	0	0	2	0	4	0	0	0	3	0	0	0	0	0	4	7	2	2	0	
MUB1	257	0	0	0	0	0	0	0	0	0	0	0	0	2	0	4	0	0	0	3	0	0	0	0	0	4	7	2	2	0	
MUB1	258	0	0	0	0	0	0	0	0	0	0	0	0	2	0	4	0	0	0	3	0	0	0	0	0	4	7	2	2	0	
MUB1	259	0	0	0	0	0	0	0	0	0	0	0	0	2	0	4	0	0	0	3	0	0	0	0	0	4	7	2	2	0	
MUB1	260	0	0	0	0	0	0	0	0	0	0	0	0	2	0	4	0	0	0	3	0	0	0	0	0	4	7	2	2	0	
MUB1	261	0	0	0	0	0	0	0	0	0	0	0	0	2	0	4	0	0	0	3	0	0	0	0	0	4	7	2	2	0	
MUB1	262	0	0	0	0	0	0	0	0	0	0	0	0	2	0	4	0	0	0	3	0	0	0	0	0	4	7	2	2	0	
MUB1	263	0	0	0	0	0	0	0	0	0	0	0	0	2	0	4	0	0	0	3	0	0	0	0	0	4	7	2	2	0	
MUB1	264	0	0	0	0	0	0	0	0	0	0	0	0	2	0	4	0	0	0	3	0	0	0	0	0	4	7	2	2	0	
MUB1	265	0	0	0	0	0	0	0	0	0	0	0	0	0	0	9	0	0	0	5	0	0	0	0	0	9	8	9	5	5	
MUB1	266	0	0	0	0	0	0	0	0	0	0	0	0	0	0	9	0	0	0	5	0	0	0	0	0	9	8	9	5	5	
MUB1	267	0	0	0	0	0	0	0	0	0	0	0	0	0	0	9	0	0	0	5	0	0	0	0	0	9	8	9	5	5	
MUB1	268	0	0	0	0	0	0	0	0	0	0	0	0	0	0	9	0	0	0	5	0	0	0	0	0	9	8	9	5	5	
MUB1	269	0	0	0	0	0	0	0	0	0	0	0	0	0	0	9	0	0	0	5	0	0	0	0	0	9	8	9	5	5	
MUB1	270	0	0	0	0	0	0	0	0	0	0	0	0	0	0	9	0	0	0	5	0	0	0	0	0	9	8	9	5	5	
MUB1	271	0	0	0	0	0	0	0	0	0	0	0	0	0	0	9	0	0	0	5	0	0	0	0	0	9	8	9	5	5	
MUB1	272	0	0	0	0	0	0	0	0	0	0	0	0	0	0	9	0	0	0	5	0	0	0	0	0	9	8	9	5	5	
MUB1	273	0	0	0	0	0	0	0	0	0	0	0	0	0	0	9	0	0	0	5	0	0	0	0	0	9	8	9	5	5	
MUB1	274	0	0	0	0	0	0	0	0	0	0	0	0	0	0	9	0	0	0	5	0	0	0	0	0	9	8	9	5	5	
MUB1	275	0	0	0	0	0	0	0	0	0	0	0	0	0	0	9	0	0	0	5	0	0	0	0	0	9	8	9	5	5	
MUB1	276	0	0	0	0	0	0	0	0	0	0	0	0	0	0	9	0	0	0	5	0	0	0	0	0	9	8	9	5	5	
MUB1	277	0	0	0	0	0	0	0	0	0	0	0	0	0	0	9	0	0	0	5	0	0	0	0	0	9	8	9	5	5	
MUB1	278	0	0	0	0	0	0	0	0	0	0	0	0	0	0	9	0	0	0	5	0	0	0	0	0	9	8	9	5	5	
MUB1	279	0	0	0	0	0	0	0	0	0	0	0	0	0	0	9	0	0	0	5	0	0	0	0	0	9	8	9	5	5	
MUB1	280	0	0	0	0	0	0	0	0	0	0	0	0	0	0	9	0	0	0	5	0	0	0	0	0	9	8	9	5	5	
MUB1	281	0	0	0	0	0	0	0	0	0	0	0	0	0	0	9	0	0	0	5	0	0	0	0	0	9	8	9	5	5	
MUB1	282	0	0	0	0	0	0	0	0	0	0	0	0	2	2	3	0	0	0	0	0	0	0	0	0	0	0	0	0	0	
MUB1	283	0	0	0	0	0	0	0	0	0	0	0	0	2	2	3	0	0	0	0	0	0	0	0	0	0	0	0	0	0	
MUB1	284	0	0	0	0	0	0	0	0	0	0	0	0	2	2	3	0	0	0	0	0	0	0	0	0	0	0	0	0	0	
MUB1	285	0	0	0	0	0	0	0	0	0	0	0	0	2	2	3	0	0	0	0	0	0	0	0	0	0	0	0	0	0	
MUB1	286	0	0	0	0	0	0	0	0	0	0	0	0	2	2	3	0	0	0	0	0	0	0	0	0	0	0	0	0	0	
MUB1	287	0	0	0	0	0	0	0	0	0	0	0	0	2	2	3	0	0	0	0	0	0	0	0	0	0	0	0	0	0	
MUB1	288	0	0	0	0	0	0	0	0	0	0	0	0	0	0	0	0	0	0	0	0	0	0	0	0	0	0	0	0	0	
MUB1	289	0	0	0	0	0	0	0	0	0	0	0	0	0	0	0	0	0	0	0	0	0	0	0	0	0	0	0	0	0	
MUB1	290	0	0	0	0	0	0	0	0	0	0	0	0	0	0	0	0	0	0	0	0	0	0	0	0	0	0	0	0	0	
MUB1	291	0	0	0	0	0	0	0	0	0	0	0	0	0	0	0	0	0	0	0	0	0	0	0	0	0	0	0	0	0	
MUB1	292	0	0	0	0	0	0	0	0	0	0	0	0	0	0	0	0	0	0	0	0	0	0	0	0	2	0	0	0	0	
MUB1	293	0	0	0	0	0	0	0	0	0	0	0	0	0	0	0	0	0	0	0	0	0	0	0	0	2	0	0	0	0	
MUB1	294	0	0	0	0	0	0	0	0	0	0	0	0	0	0	0	0	0	0	0	0	0	0	0	0	2	0	0	0	0	
MUB1	295	0	0	0	0	0	0	0	0	0	0	0	0	0	0	0	0	0	0	0	0	0	0	0	0	2	0	0	0	0	
MUB1	296	0	0	0	0	0	0	0	0	0	0	0	0	0	0	0	0	0	0	0	0	0	0	0	0	2	0	0	0	0	
MUB1	297	0	0	0	0	0	0	0	0	0	0	0	0	0	0	0	0	0	0	0	0	0	0	0	0	2	0	0	0	0	
MUB1	298	0	0	0	0	0	0	0	0	0	0	0	0	0	0	0	0	0	0	0	0	0	0	0	0	2	0	0	0	0	
MUB1	299	0	0	0	0	0	0	0	0	0	0	0	0	0	0	0	0	0	0	0	0	0	0	0	0	2	0	0	0	0	
MUB1	300	0	0	0	0	0	0	0	0	0	0	0	0	0	0	0	0	0	0	0	0	0	0	0	0	2	0	0	0	0	
MUB1	301	0	0	0	0	0	0	0	0	0	0	0	0	0	0	0	0	0	0	0	0	0	0	0	0	2	0	0	0	0	
MUB1	302	0	0	0	0	0	0	0	0	0	0	0	0	0	0	0	0	0	0	0	0	0	0	0	0	2	0	0	0	0	
MUB1	303	0	0	0	0	0	0	0	0	0	0	0	0	0	0	0	0	0	0	0	0	0	0	0	0	2	0	0	0	0	
MUB1	304	0	0	0	0	0	0	0	0	0	0	0	0	0	0	0	0	0	0	0	0	0	0	0	0	2	0	0	0	0	
MUB1	305	0	0	0	0	0	0	0	0	0	0	0	0	0	0	0	0	0	0	0	0	0	0	0	0	2	0	0	0	0	
MUB1	306	0	0	0	0	0	0	0	0	0	0	0	0	0	0	0	0	0	0	0	0	0	0	0	0	2	0	0	0	0	
MUB1	307	0	0	0	0	0	0	0	0	0	0	0	0	0	0	0	0	0	0	0	0	0	0	0	0	2	0	0	0	0	
MUB1	308	0	0	0	0	0	0	0	0	0	0	0	0	0	0	0	0	0	0	0	0	0	0	0	0	0	0	0	0	0	
MUB1	309	0	0	0	0	0	0	0	0	0	0	0	0	0	0	0	0	0	0	0	0	0	0	0	0	0	0	0	0	0	
MUB1	310	0	0	0	0	0	0	0	0	0	0	0	0	0	0	0	0	0	0	0	0	0	0	0	0	0	0	0	0	0	
MUB1	311	0	0	0	0	0	0	0	0	0	0	0	0	0	0	0	0	0	0	0	0	0	0	0	0	0	0	0	0	0	
MUB1	312	0	0	0	0	0	0	0	0	0	0	0	0	0	0	0	0	0	0	0	0	0	0	0	0	0	0	0	0	0	
MUB1	313	0	0	0	0	0	0	0	0	0	0	0	0	2	0	2	0	0	3	11	0	0	0	0	0	10	7	6	5	2	
MUB1	314	0	0	0	0	0	0	0	0	0	0	0	0	2	0	2	0	0	3	11	0	0	0	0	0	10	7	6	5	2	
MUB1	315	0	0	0	0	0	0	0	0	0	0	0	0	2	0	2	0	0	3	11	0	0	0	0	0	10	7	6	5	2	
MUB1	316	0	0	0	0	0	0	0	0	0	0	0	0	2	0	2	0	0	3	11	0	0	0	0	0	10	7	6	5	2	
MUB1	317	0	0	0	0	0	0	0	0	0	0	0	0	2	0	2	0	0	3	11	0	0	0	0	0	10	7	6	5	2	
MUB1	318	0	0	0	0	0	0	0	0	0	0	0	0	2	0	2	0	0	3	11	0	0	0	0	0	10	7	6	5	2	
MUB1	319	0	0	0	0	0	0	0	0	0	0	0	0	2	0	2	0	0	3	11	0	0	0	0	0	10	7	6	5	2	
MUB1	320	0	0	0	0	0	0	0	0	0	0	0	0	2	0	2	0	0	3	11	0	0	0	0	0	10	7	6	5	2	
MUB1	321	0	0	0	0	0	0	0	0	0	0	0	0	2	0	2	0	0	3	11	0	0	0	0	0	10	7	6	5	2	
MUB1	322	0	0	0	0	0	0	0	0	0	0	0	0	2	0	2	0	0	3	11	0	0	0	0	0	10	7	6	5	2	
MUB1	323	0	0	0	0	0	0	0	0	0	0	0	0	2	0	2	0	0	3	11	0	0	0	0	0	10	7	6	5	2	
MUB1	324	0	0	0	0	0	0	0	0	0	0	0	0	2	0	2	0	0	3	11	0	0	0	0	0	10	7	6	5	2	
MUB1	325	0	0	0	0	0	0	0	0	0	0	0	0	2	0	2	0	0	3	11	0	0	0	0	0	10	7	6	5	2	
MUB1	326	0	0	0	0	0	0	0	0	0	0	0	0	2	0	2	0	0	3	11	0	0	0	0	0	10	7	6	5	2	
MUB1	327	0	0	0	0	0	0	0	0	0	0	0	0	2	0	2	0	0	3	11	0	0	0	0	0	10	7	6	5	2	
MUB1	328	0	0	0	0	0	0	0	0	0	0	0	0	0	0	0	0	0	0	0	0	0	0	0	0	0	0	0	0	0	
MUB1	329	0	0	0	0	0	0	0	0	0	0	0	0	0	0	0	0	0	0	0	0	0	0	0	0	0	0	0	0	0	
MUB1	330	0	0	0	0	0	0	0	0	0	0	0	0	0	0	0	0	0	0	0	0	0	0	0	0	0	0	0	0	0	
MUB1	331	0	0	0	0	0	0	0	0	0	0	0	0	0	0	0	0	0	0	0	0	0	0	0	0	0	0	0	0	0	
MUB1	332	0	0	0	0	0	0	0	0	0	0	0	0	0	0	0	0	0	0	0	0	0	0	0	0	0	0	0	0	0	
MUB1	333	0	0	0	0	0	0	0	0	0	0	0	0	0	0	0	0	0	0	0	0	0	0	0	0	0	0	0	0	0	
MUB1	334	0	0	0	0	0	0	0	0	0	0	0	0	0	0	0	0	0	0	0	0	0	0	0	0	0	0	0	0	0	
MUB1	335	0	0	0	0	0	0	0	0	0	0	0	0	2	2	2	0	0	0	0	0	0	0	0	0	0	0	0	0	0	
MUB1	336	0	0	0	0	0	0	0	0	0	0	0	0	2	2	2	0	0	0	0	0	0	0	0	0	0	0	0	0	0	
MUB1	337	0	0	0	0	0	0	2	0	0	0	0	0	11	7	10	0	0	0	4	0	0	0	0	0	7	3	2	4	0	
MUB1	338	0	0	0	0	0	0	2	0	0	0	0	0	11	7	10	0	0	0	4	0	0	0	0	0	7	3	2	4	0	
MUB1	339	0	0	0	0	0	0	2	0	0	0	0	0	11	7	10	0	0	0	4	0	0	0	0	0	7	3	2	4	0	
MUB1	340	0	0	0	0	0	0	2	0	0	0	0	0	11	7	10	0	0	0	4	0	0	0	0	0	7	3	2	4	0	
MUB1	341	0	0	0	0	0	0	2	0	0	0	0	0	11	7	10	0	0	0	4	0	0	0	0	0	7	3	2	4	0	
MUB1	342	0	0	0	0	0	0	2	0	0	0	0	0	11	7	10	0	0	0	4	0	0	0	0	0	7	3	2	4	0	
MUB1	343	0	0	0	0	0	0	2	0	0	0	0	0	11	7	10	0	0	0	4	0	0	0	0	0	7	3	2	4	0	
MUB1	344	0	0	0	0	0	0	2	0	0	0	0	0	11	7	10	0	0	0	4	0	0	0	0	0	7	3	2	4	0	
MUB1	345	0	0	0	0	0	0	2	0	0	0	0	0	11	7	10	0	0	0	4	0	0	0	0	0	7	3	2	4	0	
MUB1	346	0	0	0	0	0	0	2	0	0	0	0	0	11	7	10	0	0	0	4	0	0	0	0	0	7	3	2	4	0	
MUB1	347	0	0	0	0	0	0	2	0	0	0	0	0	11	7	10	0	0	0	4	0	0	0	0	0	7	3	2	4	0	
MUB1	348	0	0	0	0	0	0	2	0	0	0	0	0	11	7	10	0	0	0	4	0	0	0	0	0	7	3	2	4	0	
MUB1	349	0	0	0	0	0	0	2	0	0	0	0	0	9	5	7	0	0	0	4	0	0	0	0	0	0	0	0	0	0	
MUB1	350	0	0	0	0	0	0	2	0	0	0	0	0	9	5	7	0	0	0	4	0	0	0	0	0	0	0	0	0	0	
MUB1	351	0	0	0	0	0	0	2	0	0	0	0	0	9	5	7	0	0	0	4	0	0	0	0	0	0	0	0	0	0	
MUB1	352	0	0	0	0	0	0	2	0	0	0	0	0	9	5	7	0	0	0	4	0	0	0	0	0	0	0	0	0	0	
MUB1	353	0	0	0	0	0	0	2	0	0	0	0	0	9	5	7	0	0	0	4	0	0	0	0	0	0	0	0	0	0	
MUB1	354	0	0	0	0	0	0	2	2	0	0	0	0	5	4	4	0	0	2	5	0	0	0	0	0	2	3	3	0	0	
MUB1	355	0	0	0	0	0	0	2	2	0	0	0	0	5	4	4	0	0	2	5	0	0	0	0	0	2	3	3	0	0	
MUB1	356	0	0	0	0	0	0	2	2	0	0	0	0	5	4	4	0	0	2	5	0	0	0	0	0	2	3	3	0	0	
MUB1	357	0	0	0	0	0	0	2	2	0	0	0	0	5	4	4	0	0	2	5	0	0	0	0	0	2	3	3	0	0	
MUB1	358	0	0	0	0	0	0	2	2	0	0	0	0	5	4	4	0	0	2	5	0	0	0	0	0	2	3	3	0	0	
MUB1	359	0	0	0	0	0	0	2	2	0	0	0	0	5	4	4	0	0	2	5	0	0	0	0	0	2	3	3	0	0	
MUB1	360	0	0	0	0	0	0	2	2	0	0	0	0	5	4	4	0	0	2	5	0	0	0	0	0	2	3	3	0	0	
MUB1	361	0	0	0	0	0	0	2	2	0	0	0	0	5	4	4	0	0	2	5	0	0	0	0	0	2	3	3	0	0	
MUB1	362	0	0	0	0	0	0	2	2	0	0	0	0	5	4	4	0	0	2	5	0	0	0	0	0	2	3	3	0	0	
MUB1	363	0	0	0	0	0	0	2	2	0	0	0	0	5	4	4	0	0	2	5	0	0	0	0	0	2	3	3	0	0	
MUB1	364	0	0	0	0	0	0	2	2	0	0	0	0	3	4	2	0	0	2	2	0	0	0	0	0	0	0	0	0	0	
MUB1	365	0	0	0	0	0	0	2	2	0	0	0	0	3	4	2	0	0	2	2	0	0	0	0	0	0	0	0	0	0	
MUB1	366	0	0	0	0	0	0	2	2	0	0	0	0	3	4	2	0	0	2	2	0	0	0	0	0	0	0	0	0	0	
MUB1	367	0	0	0	0	0	0	2	2	0	0	0	0	3	4	2	0	0	2	2	0	0	0	0	0	0	0	0	0	0	
MUB1	368	0	0	0	0	0	0	2	2	0	0	0	0	3	4	2	0	0	2	2	0	0	0	0	0	0	0	0	0	0	
MUB1	369	0	0	0	0	0	0	2	2	0	0	0	0	3	4	2	0	0	2	2	0	0	0	0	0	0	0	0	0	0	
MUB1	370	0	0	0	0	0	0	2	2	0	0	0	0	3	4	2	0	0	2	2	0	0	0	0	0	0	0	0	0	0	
MUB1	371	0	0	0	0	0	0	0	0	0	0	0	0	0	0	0	0	0	0	0	0	0	0	0	0	0	0	0	0	0	
MUB1	372	0	0	0	0	0	0	0	0	0	0	0	0	0	0	0	0	0	0	0	0	0	0	0	0	0	0	0	0	0	
MUB1	373	0	0	0	0	0	0	2	0	0	0	0	0	6	6	6	6	4	0	0	0	0	0	0	0	0	0	0	0	0	
MUB1	374	0	0	0	0	0	0	2	0	0	0	0	0	6	6	6	6	4	0	0	0	0	0	0	0	0	0	0	0	0	
MUB1	375	0	0	0	0	0	0	2	0	0	0	0	0	6	6	6	6	4	0	0	0	0	0	0	0	0	0	0	0	0	
MUB1	376	0	0	0	0	0	0	2	0	0	0	0	0	6	6	6	6	4	0	0	0	0	0	0	0	0	0	0	0	0	
MUB1	377	0	0	0	0	0	0	2	0	0	0	0	0	6	6	6	6	4	0	0	0	0	0	0	0	0	0	0	0	0	
MUB1	378	0	0	0	0	0	0	2	0	0	0	0	0	6	6	6	6	4	0	0	0	0	0	0	0	0	0	0	0	0	
MUB1	379	0	0	0	0	0	0	7	0	0	0	0	0	12	9	25	8	4	2	15	0	2	0	0	0	2	2	2	0	0	
MUB1	380	0	0	0	0	0	0	7	0	0	0	0	0	12	9	25	8	4	2	15	0	2	0	0	0	2	2	2	0	0	
MUB1	381	0	0	0	0	0	0	7	0	0	0	0	0	12	9	25	8	4	2	15	0	2	0	0	0	2	2	2	0	0	
MUB1	382	0	0	0	0	0	0	7	0	0	0	0	0	12	9	25	8	4	2	15	0	2	0	0	0	2	2	2	0	0	
MUB1	383	0	0	0	0	0	0	7	0	0	0	0	0	12	9	25	8	4	2	15	0	2	0	0	0	2	2	2	0	0	
MUB1	384	0	0	0	0	0	0	7	0	0	0	0	0	12	9	25	8	4	2	15	0	2	0	0	0	2	2	2	0	0	
MUB1	385	0	0	0	0	0	0	7	0	0	0	0	0	10	7	24	8	4	2	17	0	2	0	0	0	4	6	5	0	0	
MUB1	386	0	0	0	0	0	0	7	0	0	0	0	0	10	7	24	8	4	2	17	0	2	0	0	0	4	6	5	0	0	
MUB1	387	0	0	0	0	0	0	7	0	0	0	0	0	10	7	24	8	4	2	17	0	2	0	0	0	4	6	5	0	0	
MUB1	388	0	0	0	0	0	0	7	0	0	0	0	0	10	7	24	8	4	2	17	0	2	0	0	0	4	6	5	0	0	
MUB1	389	0	0	0	0	0	0	7	0	0	0	0	0	10	7	24	8	4	2	17	0	2	0	0	0	4	6	5	0	0	
MUB1	390	0	0	0	0	0	0	7	0	0	0	0	0	10	7	24	8	4	2	17	0	2	0	0	0	4	6	5	0	0	
MUB1	391	0	0	0	0	0	0	7	0	0	0	0	0	10	7	24	8	4	2	17	0	2	0	0	0	4	6	5	0	0	
MUB1	392	0	0	0	0	0	0	7	0	0	0	0	0	10	7	24	8	4	2	17	0	2	0	0	0	4	6	5	0	0	
MUB1	393	0	0	0	0	0	0	0	0	0	0	0	0	4	3	6	0	0	0	4	0	0	0	0	0	3	4	2	5	4	
MUB1	394	0	0	0	0	0	0	0	0	0	0	0	0	4	3	6	0	0	0	4	0	0	0	0	0	3	4	2	5	4	
MUB1	395	0	0	0	0	0	0	0	0	0	0	0	0	4	3	6	0	0	0	4	0	0	0	0	0	3	4	2	5	4	
MUB1	396	0	0	0	0	0	0	0	0	0	0	0	0	4	3	6	0	0	0	4	0	0	0	0	0	3	4	2	5	4	
MUB1	397	0	0	0	0	0	0	0	0	0	0	0	0	4	3	6	0	0	0	4	0	0	0	0	0	3	4	2	5	4	
MUB1	398	0	0	0	0	0	0	0	0	0	0	0	0	4	3	6	0	0	0	4	0	0	0	0	0	3	4	2	5	4	
MUB1	399	0	0	0	0	0	0	0	0	0	0	0	0	4	3	6	0	0	0	4	0	0	0	0	0	3	4	2	5	4	
MUB1	400	0	0	0	0	0	0	0	0	0	0	0	0	4	3	6	0	0	0	4	0	0	0	0	0	3	4	2	5	4	
MUB1	401	0	0	0	0	0	0	0	0	0	0	0	0	4	3	6	0	0	0	4	0	0	0	0	0	3	4	2	5	4	
MUB1	402	0	0	0	0	0	0	0	0	0	0	0	0	4	3	6	0	0	0	4	0	0	0	0	0	3	4	2	5	4	
MUB1	403	0	0	0	0	0	0	0	0	0	0	0	0	4	3	6	0	0	0	4	0	0	0	0	0	3	4	2	5	4	
MUB1	404	0	0	0	0	0	0	0	0	0	0	0	0	4	3	6	0	0	0	4	0	0	0	0	0	3	4	2	5	4	
MUB1	405	0	0	0	0	0	0	0	0	0	0	0	0	4	3	6	0	0	0	4	0	0	0	0	0	3	4	2	5	4	
MUB1	406	0	0	0	0	0	0	0	0	0	0	0	0	4	3	6	0	0	0	4	0	0	0	0	0	3	4	2	5	4	
MUB1	407	0	0	0	0	0	0	0	0	0	0	0	0	4	3	6	0	0	0	4	0	0	0	0	0	3	4	2	5	4	
MUB1	408	0	0	0	0	0	0	0	0	0	0	0	0	4	3	6	0	0	0	4	0	0	0	0	0	3	4	2	5	4	
MUB1	409	0	0	0	0	0	0	0	0	0	0	0	0	4	3	6	0	0	0	4	0	0	0	0	0	3	4	2	5	4	
MUB1	410	0	0	0	0	0	0	0	0	0	0	0	0	4	3	6	0	0	0	4	0	0	0	0	0	3	4	2	5	4	
MUB1	411	0	0	0	0	0	0	0	0	0	0	0	0	4	3	6	0	0	0	4	0	0	0	0	0	3	4	2	5	4	
MUB1	412	0	0	0	0	0	0	0	0	0	0	0	0	4	3	6	0	0	0	4	0	0	0	0	0	3	4	2	5	4	
MUB1	413	0	0	0	0	0	0	0	0	0	0	0	0	4	3	6	0	0	0	4	0	0	0	0	0	3	4	2	5	4	
MUB1	414	0	0	0	0	0	0	0	0	0	0	0	0	4	3	6	0	0	0	4	0	0	0	0	0	3	4	2	5	4	
MUB1	415	0	0	0	0	0	0	0	0	0	0	0	0	3	2	6	0	0	0	0	0	0	0	0	0	6	9	14	8	8	
MUB1	416	0	0	0	0	0	0	0	0	0	0	0	0	3	2	6	0	0	0	0	0	0	0	0	0	6	9	14	8	8	
MUB1	417	0	0	0	0	0	0	0	0	0	0	0	0	3	2	8	0	0	0	0	0	0	0	0	0	10	11	20	10	10	
MUB1	418	0	0	0	0	0	0	0	0	0	0	0	0	3	2	8	0	0	0	0	0	0	0	0	0	10	11	20	10	10	
MUB1	419	0	0	0	0	0	0	0	0	0	0	0	0	3	2	8	0	0	0	0	0	0	0	0	0	10	11	20	10	10	
MUB1	420	0	0	0	0	0	0	0	0	0	0	0	0	3	2	8	0	0	0	0	0	0	0	0	0	10	11	20	10	10	
MUB1	421	0	0	0	0	0	0	0	0	0	0	0	0	3	2	8	0	0	0	0	0	0	0	0	0	10	11	20	10	10	
MUB1	422	0	0	0	0	0	0	0	0	0	0	0	0	3	2	8	0	0	0	0	0	0	0	0	0	10	11	20	10	10	
MUB1	423	0	0	0	0	0	0	0	0	0	0	0	0	3	2	8	0	0	0	0	0	0	0	0	0	10	11	20	10	10	
MUB1	424	0	0	0	0	0	0	0	0	0	0	0	0	3	2	8	0	0	0	0	0	0	0	0	0	10	11	20	10	10	
MUB1	425	0	0	0	0	0	0	0	0	0	0	0	0	3	2	8	0	0	0	0	0	0	0	0	0	10	11	20	10	10	
MUB1	426	0	0	0	0	0	0	0	0	0	0	0	0	3	2	8	0	0	0	0	0	0	0	0	0	10	11	20	10	10	
MUB1	427	0	0	0	0	0	0	0	0	0	0	0	0	3	2	8	0	0	0	0	0	0	0	0	0	10	11	20	10	10	
MUB1	428	0	0	0	0	0	0	0	0	0	0	0	0	3	2	8	0	0	0	0	0	0	0	0	0	10	11	20	10	10	
MUB1	429	0	0	0	0	0	0	0	0	0	0	0	0	0	0	5	0	0	0	0	0	0	0	0	0	0	0	4	0	0	
MUB1	430	0	0	0	0	0	0	0	0	0	0	0	0	0	0	5	0	0	0	0	0	0	0	0	0	0	0	4	0	0	
MUB1	431	0	0	0	0	0	0	0	0	0	0	0	0	0	0	2	0	0	0	0	0	0	0	0	0	0	0	0	0	0	
MUB1	432	0	0	0	0	0	0	0	0	0	0	0	0	0	0	2	0	0	0	0	0	0	0	0	0	0	0	0	0	0	
MUB1	433	0	0	0	0	0	0	0	0	0	0	0	0	0	0	0	0	0	0	0	0	0	0	0	0	0	0	0	0	0	
MUB1	434	0	0	0	0	0	0	0	0	0	0	0	0	0	0	0	0	0	0	0	0	0	0	0	0	0	0	0	0	0	
MUB1	435	0	0	0	0	0	0	0	0	0	0	0	0	0	0	0	0	0	0	0	0	0	0	0	0	0	0	0	0	0	
MUB1	436	0	0	0	0	0	0	0	0	0	0	0	0	0	0	0	0	0	0	0	0	0	0	0	0	0	0	0	0	0	
MUB1	437	0	0	0	0	0	0	0	0	0	0	0	0	0	0	0	0	0	0	0	0	0	0	0	0	0	0	0	0	0	
MUB1	438	0	0	0	0	0	0	0	0	0	0	0	0	0	0	0	0	0	0	0	0	0	0	0	0	2	4	2	0	0	
MUB1	439	0	0	0	0	0	0	0	0	0	0	0	0	0	0	0	0	0	0	0	0	0	0	0	0	5	8	4	0	0	
MUB1	440	0	0	0	0	0	0	0	0	0	0	0	0	0	0	0	0	0	0	0	0	0	0	0	0	5	8	4	0	0	
MUB1	441	0	0	0	0	0	0	0	0	0	0	0	0	0	0	0	0	0	0	0	0	0	0	0	0	5	8	4	0	0	
MUB1	442	0	0	0	0	0	0	0	0	0	0	0	0	0	0	0	0	0	0	0	0	0	0	0	0	5	8	4	0	0	
MUB1	443	0	0	0	0	0	0	0	0	0	0	0	0	0	0	0	0	0	0	0	0	0	0	0	0	5	8	4	0	0	
MUB1	444	0	0	0	0	0	0	0	0	0	0	0	0	0	0	0	0	0	0	0	0	0	0	0	0	5	8	4	0	0	
MUB1	445	0	0	0	0	0	0	0	0	0	0	0	0	0	0	0	0	0	0	0	0	0	0	0	0	5	8	4	0	0	
MUB1	446	0	0	0	0	0	0	0	0	0	0	0	0	0	0	0	0	0	0	0	0	0	0	0	0	0	0	0	0	0	
MUB1	447	0	0	0	0	0	0	0	0	0	0	0	0	0	0	0	0	0	0	0	0	0	0	0	0	0	0	0	0	0	
MUB1	448	0	0	0	0	0	0	0	0	0	0	0	0	0	0	0	0	0	0	0	0	0	0	0	0	0	0	0	0	0	
MUB1	449	0	0	0	0	0	0	0	0	0	0	0	0	0	0	0	0	0	0	0	0	0	0	0	0	0	0	0	0	0	
MUB1	450	0	0	0	0	0	0	0	0	0	0	0	0	0	0	0	0	0	0	0	0	0	0	0	0	0	0	0	0	0	
MUB1	451	0	0	0	0	0	0	0	0	0	0	0	0	0	0	0	0	0	0	0	0	0	0	0	0	0	0	0	0	0	
MUB1	452	0	0	0	0	0	0	0	0	0	0	0	0	0	0	0	0	0	0	0	0	0	0	0	0	0	0	0	0	0	
MUB1	453	0	0	0	0	0	0	0	0	0	0	0	0	0	0	0	0	0	0	0	0	0	0	0	0	0	0	0	0	0	
MUB1	454	0	0	0	0	0	0	0	0	0	0	0	0	0	0	0	0	0	0	0	0	0	0	0	0	0	0	2	2	2	
MUB1	455	0	0	0	0	0	0	0	0	0	0	0	0	0	0	0	0	0	0	0	0	0	0	0	0	3	2	2	4	4	
MUB1	456	0	0	0	0	0	0	0	0	0	0	0	0	0	0	0	0	0	0	0	0	0	0	0	0	3	2	2	4	4	
MUB1	457	0	0	0	0	0	0	0	0	0	0	0	0	0	0	0	0	0	0	0	0	0	0	0	0	3	2	2	4	4	
MUB1	458	0	0	0	0	0	0	0	0	0	0	0	0	0	0	0	0	0	0	0	0	0	0	0	0	3	2	2	4	4	
MUB1	459	0	0	0	0	0	0	0	0	0	0	0	0	0	0	0	0	0	0	0	0	0	0	0	0	3	2	2	4	4	
MUB1	460	0	0	0	0	0	0	0	0	0	0	0	0	0	0	0	0	0	0	0	0	0	0	0	0	3	2	2	4	4	
MUB1	461	0	0	0	0	0	0	0	0	0	0	0	0	0	0	0	0	0	0	0	0	0	0	0	0	3	2	2	4	4	
MUB1	462	0	0	0	0	0	0	0	0	0	0	0	0	0	0	0	0	0	0	0	0	0	0	0	0	3	2	2	4	4	
MUB1	463	0	0	0	0	0	0	0	0	0	0	0	0	0	0	0	0	0	0	0	0	0	0	0	0	2	4	0	0	0	
MUB1	464	0	0	0	0	0	0	0	0	0	0	0	0	0	0	0	0	0	0	0	0	0	0	0	0	2	4	0	0	0	
MUB1	465	0	0	0	0	0	0	0	0	0	0	0	0	0	0	0	0	0	0	0	0	0	0	0	0	14	10	6	33	22	
MUB1	466	0	0	0	0	0	0	0	0	0	0	0	0	0	0	0	0	0	0	0	0	0	0	0	0	14	10	6	33	22	
MUB1	467	0	0	0	0	0	0	0	0	0	0	0	0	0	0	0	0	0	0	0	0	0	0	0	0	14	10	6	33	22	
MUB1	468	0	0	0	0	0	0	0	0	0	0	0	0	0	0	0	0	0	0	0	0	0	0	0	0	14	10	6	33	22	
MUB1	469	0	0	0	0	0	0	0	0	0	0	0	0	0	0	0	0	0	0	0	0	0	0	0	0	14	10	6	33	22	
MUB1	470	0	0	0	0	0	0	0	0	0	0	0	0	0	0	0	0	0	0	0	0	0	0	0	0	14	10	6	33	22	
MUB1	471	0	0	0	0	0	0	0	0	0	0	0	0	0	0	0	0	0	0	0	0	0	0	0	0	14	10	6	33	22	
MUB1	472	0	0	0	0	0	0	0	0	0	0	0	0	0	0	0	0	0	0	0	0	0	0	0	0	14	10	6	33	22	
MUB1	473	0	0	0	0	0	0	0	0	0	0	0	0	0	0	0	0	0	0	0	0	0	0	0	0	14	10	6	33	22	
MUB1	474	0	0	0	0	0	0	0	0	0	0	0	0	0	0	0	0	0	0	0	0	0	0	0	0	14	10	6	33	22	
MUB1	475	0	0	0	0	0	0	0	0	0	0	0	0	0	0	0	0	0	0	0	0	0	0	0	0	14	10	6	33	22	
MUB1	476	0	0	0	0	0	0	0	0	0	0	0	0	0	0	0	0	0	0	0	0	0	0	0	0	14	10	6	33	22	
MUB1	477	0	0	0	0	0	0	0	0	0	0	0	0	0	0	0	0	0	0	0	0	0	0	0	0	14	10	6	33	22	
MUB1	478	0	0	0	0	0	0	0	0	0	0	0	0	0	0	0	0	0	0	0	0	0	0	0	0	14	10	6	33	22	
MUB1	479	0	0	0	0	0	0	0	0	0	0	0	0	0	0	0	0	0	0	0	0	0	0	0	0	3	5	5	2	2	
MUB1	480	0	0	0	0	0	0	0	0	0	0	0	0	0	0	0	0	0	0	0	0	0	0	0	0	3	5	5	2	2	
MUB1	481	0	0	0	0	0	0	0	0	0	0	0	0	0	0	0	0	0	0	0	0	0	0	0	0	3	5	5	2	2	
MUB1	482	0	0	0	0	0	0	0	0	0	0	0	0	0	0	0	0	0	0	0	0	0	0	0	0	3	5	5	2	2	
MUB1	483	0	0	0	0	0	0	0	0	0	0	0	0	0	0	0	0	0	0	0	0	0	0	0	0	3	5	5	2	2	
MUB1	484	0	0	0	0	0	0	0	0	0	0	0	0	0	0	0	0	0	0	0	0	0	0	0	0	3	5	5	2	2	
MUB1	485	0	0	0	0	0	0	0	0	0	0	0	0	0	0	0	0	0	0	0	0	0	0	0	0	3	5	5	2	2	
MUB1	486	0	0	0	0	0	0	0	0	0	0	0	0	0	0	0	0	0	0	0	0	0	0	0	0	3	5	5	2	2	
MUB1	487	0	0	0	0	0	0	0	0	0	0	0	0	0	0	0	0	0	0	0	0	0	0	0	0	3	5	5	2	2	
MUB1	488	0	0	0	0	0	0	0	0	0	0	0	0	0	0	0	0	0	0	0	0	0	0	0	0	3	5	5	2	2	
MUB1	489	0	0	0	0	0	0	0	0	0	0	0	0	0	0	0	0	0	0	0	0	0	0	0	0	3	5	5	2	2	
MUB1	490	0	0	0	0	0	0	0	0	0	0	0	0	0	0	0	0	0	0	0	0	0	0	0	0	3	5	5	2	2	
MUB1	491	0	0	0	0	0	0	0	0	0	0	0	0	0	0	0	0	0	0	0	0	0	0	0	0	3	5	5	2	2	
MUB1	492	0	0	0	0	0	0	0	0	0	0	0	0	0	0	0	0	0	0	0	0	0	0	0	0	3	5	5	2	2	
MUB1	493	0	0	0	0	0	0	0	0	0	0	0	0	0	0	0	0	0	0	0	0	0	0	0	0	3	5	5	2	2	
MUB1	494	0	0	0	0	0	0	0	0	0	0	0	0	0	0	0	0	0	0	0	0	0	0	0	0	3	5	5	2	2	
MUB1	495	0	0	0	0	0	0	0	0	0	0	0	0	0	0	0	0	0	0	0	0	0	0	0	0	3	5	5	2	2	
MUB1	496	0	0	0	0	0	0	0	0	0	0	0	0	0	0	0	0	0	0	0	0	0	0	0	0	3	5	5	2	2	
MUB1	497	0	0	0	0	0	0	0	0	0	0	0	0	0	0	0	0	0	0	0	0	0	0	0	0	3	5	5	2	2	
MUB1	498	0	0	0	0	0	0	0	0	0	0	0	0	0	0	0	0	0	0	0	0	0	0	0	0	3	5	5	2	2	
MUB1	499	0	0	0	0	0	0	0	0	0	0	0	0	0	0	0	0	0	0	0	0	0	0	0	0	0	0	0	0	0	
MUB1	500	0	0	0	0	0	0	0	0	0	0	0	0	0	0	0	0	0	0	0	0	0	0	0	0	0	0	0	0	0	
MUB1	501	0	0	0	0	0	0	0	0	0	0	0	0	0	0	0	0	0	0	0	0	0	0	0	0	0	0	0	0	0	
MUB1	502	0	0	0	0	0	0	0	0	0	0	0	0	0	0	0	0	0	0	0	0	0	0	0	0	0	0	0	0	0	
MUB1	503	0	0	0	0	0	0	0	0	0	0	0	0	2	0	0	0	0	0	2	0	0	0	0	0	3	2	2	3	3	
MUB1	504	0	0	0	0	0	0	3	5	0	0	0	0	6	5	4	0	0	0	2	2	0	0	0	0	3	4	4	3	3	
MUB1	505	0	0	0	0	0	0	3	5	0	0	0	0	6	5	4	0	0	0	2	2	0	0	0	0	3	4	4	3	3	
MUB1	506	0	0	0	0	0	0	3	5	0	0	0	0	6	5	4	0	0	0	2	2	0	0	0	0	3	4	4	3	3	
MUB1	507	0	0	0	0	0	0	3	5	0	0	0	0	6	5	4	0	0	0	2	2	0	0	0	0	3	4	4	3	3	
MUB1	508	0	0	0	0	0	0	3	5	0	0	0	0	6	5	4	0	0	0	2	2	0	0	0	0	3	4	4	3	3	
MUB1	509	0	0	0	0	0	0	3	5	0	0	0	0	6	5	4	0	0	0	2	2	0	0	0	0	3	4	4	3	3	
MUB1	510	0	0	0	0	0	0	3	5	0	0	0	0	6	5	4	0	0	0	2	2	0	0	0	0	3	4	4	3	3	
MUB1	511	0	0	0	0	0	0	0	0	0	0	0	0	3	3	6	0	0	0	0	0	0	0	0	0	0	3	0	0	0	
MUB1	512	0	0	0	0	0	0	0	0	0	0	0	0	3	3	6	0	0	0	0	0	0	0	0	0	0	3	0	0	0	
MUB1	513	0	0	0	0	0	0	0	0	0	0	0	0	3	3	6	0	0	0	0	0	0	0	0	0	0	3	0	0	0	
MUB1	514	0	0	0	0	0	0	0	0	0	0	0	0	3	3	6	0	0	0	0	0	0	0	0	0	0	3	0	0	0	
MUB1	515	0	0	0	0	0	0	0	0	0	0	0	0	3	3	6	0	0	0	0	0	0	0	0	0	0	3	0	0	0	
MUB1	516	0	0	0	0	0	0	0	0	0	0	0	0	3	3	6	0	0	0	0	0	0	0	0	0	0	3	0	0	0	
MUB1	517	0	0	0	0	0	0	0	0	0	0	0	0	3	3	6	0	0	0	0	0	0	0	0	0	0	3	0	0	0	
MUB1	518	0	0	0	0	0	0	0	0	0	0	0	0	3	3	6	0	0	0	0	0	0	0	0	0	0	3	0	0	0	
MUB1	519	0	0	0	0	0	0	0	0	0	0	0	0	3	3	6	0	0	0	0	0	0	0	0	0	0	3	0	0	0	
MUB1	520	0	0	0	0	0	0	0	0	0	0	0	0	5	5	8	0	0	0	3	0	0	0	0	0	2	2	0	0	0	
MUB1	521	0	0	0	0	0	0	0	0	0	0	0	0	5	5	8	0	0	0	3	0	0	0	0	0	2	2	0	0	0	
MUB1	522	0	0	0	0	0	0	0	0	0	0	0	0	5	5	8	0	0	0	3	0	0	0	0	0	2	2	0	0	0	
MUB1	523	0	0	0	0	0	0	0	0	0	0	0	0	5	5	8	0	0	0	3	0	0	0	0	0	2	2	0	0	0	
MUB1	524	0	0	0	0	0	0	0	0	0	0	0	0	5	5	8	0	0	0	3	0	0	0	0	0	2	2	0	0	0	
MUB1	525	0	0	0	0	0	0	0	0	0	0	0	0	5	5	8	0	0	0	3	0	0	0	0	0	2	2	0	0	0	
MUB1	526	0	0	0	0	0	0	0	0	0	0	0	0	0	3	0	0	0	0	0	0	0	0	0	0	0	0	0	0	0	
MUB1	527	0	0	0	0	0	0	0	0	0	0	0	0	0	3	0	0	0	0	0	0	0	0	0	0	0	0	0	0	0	
MUB1	528	0	0	0	0	0	0	0	0	0	0	0	0	0	3	0	0	0	0	0	0	0	0	0	0	0	0	0	0	0	
MUB1	529	0	0	0	0	0	0	0	0	0	0	0	0	0	3	0	0	0	0	0	0	0	0	0	0	0	0	0	0	0	
MUB1	530	0	0	0	0	0	0	0	0	0	0	0	0	0	0	0	0	0	0	0	0	0	0	0	0	0	0	0	0	0	
MUB1	531	0	0	0	0	0	0	0	0	0	0	0	0	0	0	0	0	0	0	0	0	0	0	0	0	0	0	0	0	0	
MUB1	532	0	0	0	0	0	0	0	0	0	0	0	0	0	0	0	0	0	0	0	0	0	0	0	0	0	0	0	0	0	
MUB1	533	0	0	0	0	0	0	0	0	0	0	0	0	0	0	0	0	0	0	0	0	0	0	0	0	0	0	0	0	0	
MUB1	534	0	0	0	0	0	0	0	0	0	0	0	0	0	0	0	0	0	0	0	0	0	0	0	0	0	0	0	0	0	
MUB1	535	0	0	0	0	0	0	0	0	0	0	0	0	0	0	0	0	0	0	0	0	0	0	0	0	0	0	0	0	0	
MUB1	536	0	0	0	0	0	0	0	0	0	0	0	0	0	0	0	0	0	0	0	0	0	0	0	0	0	0	0	0	0	
MUB1	537	0	0	0	0	0	0	0	0	0	0	0	0	0	0	0	0	0	0	0	0	0	0	0	0	0	0	0	0	0	
MUB1	538	0	0	0	0	0	0	0	0	0	0	0	0	0	0	0	0	0	0	0	0	0	0	0	0	0	0	0	0	0	
MUB1	539	0	0	0	0	0	0	0	0	0	0	0	0	0	0	0	0	0	0	0	0	0	0	0	0	0	0	0	0	0	
MUB1	540	0	0	0	0	0	0	0	0	0	0	0	0	0	0	0	0	0	0	0	0	0	0	0	0	0	0	0	0	0	
MUB1	541	0	0	0	0	0	0	0	0	0	0	0	0	0	0	0	0	0	0	0	0	0	0	0	0	0	0	0	0	0	
MUB1	542	0	0	0	0	0	0	0	0	0	0	0	0	0	0	0	0	0	0	0	0	0	0	0	0	0	0	0	0	0	
MUB1	543	0	0	0	0	0	0	0	0	0	0	0	0	2	2	3	0	0	0	0	0	0	0	0	0	0	0	0	0	0	
MUB1	544	0	0	0	0	0	0	0	0	0	0	0	0	2	2	3	0	0	0	0	0	0	0	0	0	0	0	0	0	0	
MUB1	545	0	0	0	0	0	0	0	0	0	0	0	0	2	2	3	0	0	0	0	0	0	0	0	0	0	0	0	0	0	
MUB1	546	0	0	0	0	0	0	0	0	0	0	0	0	2	2	3	0	0	0	0	0	0	0	0	0	0	0	0	0	0	
MUB1	547	0	0	0	0	0	0	0	0	0	0	0	0	2	4	8	0	0	0	0	0	0	0	0	0	0	0	0	0	0	
MUB1	548	0	0	0	0	0	0	0	0	0	0	0	0	2	4	8	0	0	0	0	0	0	0	0	0	0	0	0	0	0	
MUB1	549	0	0	0	0	0	0	0	0	0	0	0	0	2	4	8	0	0	0	0	0	0	0	0	0	0	0	0	0	0	
MUB1	550	0	0	0	0	0	0	0	0	0	0	0	0	2	4	8	0	0	0	0	0	0	0	0	0	0	0	0	0	0	
MUB1	551	0	0	0	0	0	0	0	0	0	0	0	0	2	4	8	0	0	0	0	0	0	0	0	0	0	0	0	0	0	
MUB1	552	0	0	0	0	0	0	0	0	0	0	0	0	2	4	8	0	0	0	0	0	0	0	0	0	0	0	0	0	0	
MUB1	553	0	0	0	0	0	0	0	0	0	0	0	0	4	6	9	0	0	0	0	0	0	0	0	0	0	6	16	11	11	
MUB1	554	0	0	0	0	0	0	0	0	0	0	0	0	4	6	9	0	0	0	0	0	0	0	0	0	0	6	16	11	11	
MUB1	555	0	0	0	0	0	0	0	0	0	0	0	0	4	6	9	0	0	0	0	0	0	0	0	0	0	6	16	11	11	
MUB1	556	0	0	0	0	0	0	0	0	0	0	0	0	4	6	9	0	0	0	0	0	0	0	0	0	0	6	16	11	11	
MUB1	557	0	0	0	0	0	0	0	0	0	0	0	0	4	6	9	0	0	0	0	0	0	0	0	0	0	6	16	11	11	
MUB1	558	0	0	0	0	0	0	0	0	0	0	0	0	4	6	9	0	0	0	0	0	0	0	0	0	0	6	16	11	11	
MUB1	559	0	0	0	0	0	0	0	0	0	0	0	0	4	6	9	0	0	0	0	0	0	0	0	0	0	6	16	11	11	
MUB1	560	0	0	0	0	0	0	0	0	0	0	0	0	4	6	9	0	0	0	0	0	0	0	0	0	0	6	16	11	11	
MUB1	561	0	0	0	0	0	0	0	0	0	0	0	0	4	6	9	0	0	0	0	0	0	0	0	0	0	6	16	11	11	
MUB1	562	0	0	0	0	0	0	0	0	0	0	0	0	4	6	9	0	0	0	0	0	0	0	0	0	0	6	16	11	11	
MUB1	563	0	0	0	0	0	0	0	0	0	0	0	0	4	6	9	0	0	0	0	0	0	0	0	0	0	6	16	11	11	
MUB1	564	0	0	0	0	0	0	0	0	0	0	0	0	4	6	9	0	0	0	0	0	0	0	0	0	0	6	16	11	11	
MUB1	565	0	0	0	0	0	0	0	0	0	0	0	0	0	0	0	0	0	0	0	0	0	0	0	0	0	0	0	0	0	
MUB1	566	0	0	0	0	0	0	0	0	0	0	0	0	0	0	0	0	0	0	0	0	0	0	0	0	0	0	0	0	0	
MUB1	567	0	0	0	0	0	0	0	0	0	0	0	0	0	0	0	0	0	0	0	0	0	0	0	0	0	0	0	0	0	
MUB1	568	0	0	0	0	0	0	0	0	0	0	0	0	0	0	0	0	0	0	0	0	0	0	0	0	0	0	0	0	0	
MUB1	569	0	0	0	0	0	0	0	0	0	0	0	0	0	0	0	0	0	0	0	0	0	0	0	0	0	0	0	0	0	
MUB1	570	0	0	0	0	0	0	0	0	0	0	0	0	0	0	0	0	0	0	0	0	0	0	0	0	0	0	0	0	0	
MUB1	571	0	0	0	0	0	0	0	0	0	0	0	0	0	0	0	0	0	0	0	0	0	0	0	0	0	0	0	0	0	
MUB1	572	0	0	0	0	0	0	0	0	0	0	0	0	0	0	0	0	0	0	0	0	0	0	0	0	0	0	0	0	0	
MUB1	573	0	0	0	0	0	0	0	0	0	0	0	0	0	0	0	0	0	0	0	0	0	0	0	0	0	0	0	0	0	
MUB1	574	0	0	0	0	0	0	0	0	0	0	0	0	0	0	0	0	0	0	0	0	0	0	0	0	0	0	0	0	0	
MUB1	575	0	0	0	0	0	0	0	0	0	0	0	0	0	0	0	0	0	0	0	0	0	0	0	0	0	0	0	0	0	
MUB1	576	0	0	0	0	0	0	0	0	0	0	0	0	0	0	0	0	0	0	0	0	0	0	0	0	0	0	0	0	0	
MUB1	577	0	0	0	0	0	0	0	0	0	0	0	0	0	0	0	0	0	0	0	0	0	0	0	0	0	0	0	0	0	
MUB1	578	0	0	0	0	0	0	0	0	0	0	0	0	0	0	0	0	0	0	0	0	0	0	0	0	0	0	0	0	0	
MUB1	579	0	0	0	0	0	0	0	0	0	0	0	0	0	0	0	0	0	0	0	0	0	0	0	0	0	0	0	0	0	
MUB1	580	0	0	0	0	0	0	0	0	0	0	0	0	0	0	0	0	0	0	0	0	0	0	0	0	0	0	0	0	0	
MUB1	581	0	0	0	0	0	0	0	0	0	0	0	0	0	0	0	0	0	0	0	0	0	0	0	0	0	0	0	0	0	
MUB1	582	0	0	0	0	0	0	0	0	0	0	0	0	0	0	0	0	0	0	0	0	0	0	0	0	0	0	0	0	0	
MUB1	583	0	0	0	0	0	0	0	0	0	0	0	0	0	0	0	0	0	0	0	0	0	0	0	0	0	0	0	0	0	
MUB1	584	0	0	0	0	0	0	0	0	0	0	0	0	0	0	0	0	0	0	0	0	0	0	0	0	0	0	0	0	0	
MUB1	585	0	0	0	0	0	0	0	0	0	0	0	0	0	0	0	0	0	0	0	0	0	0	0	0	0	0	0	0	0	
MUB1	586	0	0	0	0	0	0	0	0	0	0	0	0	0	0	0	0	0	0	0	0	0	0	0	0	0	0	0	0	0	
MUB1	587	0	0	0	0	0	0	0	0	0	0	0	0	0	0	0	0	0	0	0	0	0	0	0	0	0	0	0	0	0	
MUB1	588	0	0	0	0	0	0	0	0	0	0	0	0	0	0	0	0	0	0	0	0	0	0	0	0	0	0	0	0	0	
MUB1	589	0	0	0	0	0	0	0	0	0	0	0	0	0	0	0	0	0	0	0	0	0	0	0	0	0	0	0	0	0	
MUB1	590	0	0	0	0	0	0	0	0	0	0	0	0	0	0	0	0	0	0	0	0	0	0	0	0	0	0	0	0	0	
MUB1	591	0	0	0	0	0	0	0	0	0	0	0	0	0	0	0	0	0	0	0	0	0	0	0	0	0	0	0	0	0	
MUB1	592	0	0	0	0	0	0	0	0	0	0	0	0	0	0	0	0	0	0	0	0	0	0	0	0	0	0	0	0	0	
MUB1	593	0	0	0	0	0	0	0	0	0	0	0	0	0	0	0	0	0	0	0	0	0	0	0	0	0	0	0	0	0	
MUB1	594	0	0	0	0	0	0	0	0	0	0	0	0	0	0	0	0	0	0	0	0	0	0	0	0	0	0	0	0	0	
MUB1	595	0	0	0	0	0	0	0	0	0	0	0	0	0	0	0	0	0	0	0	0	0	0	0	0	0	0	0	0	0	
MUB1	596	0	0	0	0	0	0	0	0	0	0	0	0	0	0	0	0	0	0	0	0	0	0	0	0	0	0	0	0	0	
MUB1	597	0	0	0	0	0	0	0	0	0	0	0	0	0	0	0	0	0	0	0	0	0	0	0	0	0	0	0	0	0	
MUB1	598	0	0	0	0	0	0	0	0	0	0	0	0	0	0	0	0	0	0	0	0	0	0	0	0	0	0	0	0	0	
MUB1	599	0	0	0	0	0	0	0	0	0	0	0	0	0	0	0	0	0	0	0	0	0	0	0	0	0	0	0	0	0	
MUB1	600	0	0	0	0	0	0	0	0	0	0	0	0	0	0	0	0	0	0	0	0	0	0	0	0	0	0	0	0	0	
MUB1	601	0	0	0	0	0	0	0	0	0	0	0	0	0	0	0	0	0	0	0	0	0	0	0	0	0	0	0	0	0	
MUB1	602	0	0	0	0	0	0	0	0	0	0	0	0	0	0	0	0	0	0	0	0	0	0	0	0	0	0	0	0	0	
MUB1	603	0	0	0	0	0	0	0	0	0	0	0	0	0	0	0	0	0	0	0	0	0	0	0	0	0	0	0	0	0	
MUB1	604	0	0	0	0	0	0	0	0	0	0	0	0	0	0	0	0	0	0	0	0	0	0	0	0	0	0	0	0	0	
MUB1	605	0	0	0	0	0	0	0	0	0	0	0	0	0	0	0	0	0	0	0	0	0	0	0	0	0	0	0	0	0	
MUB1	606	0	0	0	0	0	0	0	0	0	0	0	0	0	0	0	0	0	0	0	0	0	0	0	0	0	0	0	0	0	
MUB1	607	0	0	0	0	0	0	0	0	0	0	0	0	0	0	0	0	0	0	0	0	0	0	0	0	0	0	0	0	0	
MUB1	608	0	0	0	0	0	0	0	0	0	0	0	0	0	0	0	0	0	0	0	0	0	0	0	0	0	0	0	0	0	
MUB1	609	0	0	0	0	0	0	0	0	0	0	0	0	0	0	0	0	0	0	0	0	0	0	0	0	0	0	0	0	0	
MUB1	610	0	0	0	0	0	0	0	0	0	0	0	0	0	0	0	0	0	0	0	0	0	0	0	0	0	0	0	0	0	
MUB1	611	0	0	0	0	0	0	0	0	0	0	0	0	0	0	0	0	0	0	0	0	0	0	0	0	0	0	0	0	0	
MUB1	612	0	0	0	0	0	0	0	0	0	0	0	0	0	0	0	0	0	0	0	0	0	0	0	0	0	0	0	0	0	
MUB1	613	0	0	0	0	0	0	0	0	0	0	0	0	0	0	0	0	0	0	0	0	0	0	0	0	0	0	0	0	0	
MUB1	614	0	0	0	0	0	0	0	0	0	0	0	0	0	0	0	0	0	0	0	0	0	0	0	0	0	0	0	0	0	
MUB1	615	0	0	0	0	0	0	0	0	0	0	0	0	0	0	0	0	0	0	0	0	0	0	0	0	0	0	0	0	0	
MUB1	616	0	0	0	0	0	0	0	0	0	0	0	0	0	0	0	0	0	0	0	0	0	0	0	0	0	0	0	0	0	
MUB1	617	0	0	0	0	0	0	0	0	0	0	0	0	0	0	0	0	0	0	0	0	0	0	0	0	0	0	0	0	0	
MUB1	618	0	0	0	0	0	0	0	0	0	0	0	0	0	0	0	0	0	0	0	0	0	0	0	0	0	0	0	0	0	
MUB1	619	0	0	0	0	0	0	0	0	0	0	0	0	0	0	0	0	0	0	0	0	0	0	0	0	0	0	0	0	0	
MUB1	620	0	0	0	0	0	0	0	0	0	0	0	0	0	0	0	0	0	0	0	0	0	0	0	0	0	0	0	0	0	
