protein	site	PSMs_001_Stu1-3FLAG_DMSO.csv	PSMs_002_Stu1-3FLAG_Cdc200-AID.csv	PSMs_003_Stu1-3FLAG_Benomyl.csv	PSMs_004_Stu1FLAG_Bub1V5_double_step_IP.csv	PSMs_005_Stu1_TOG1del_cutout_1.csv	PSMs_006_Stu1_TOG1del_cutout_2.csv	PSMs_007_Dsn1-flag.csv	PSMs_008_Dsn1-flag_mps1-1.csv	PSMs_009_Dsn1-flag_pgal-mps1.csv	PSMs_010_Dsn1-flag_ndc80.csv	PSMs_011_Dsn1-flag_ndc80-2a.csv	PSMs_012_Dsn1-flag_ndc80-2d.csv	PSMs_013_Dsn1-flag_ndc80_cdc15-2.csv	PSMs_014_Dsn1-flag_ndc80-2a_cdc15-2.csv	PSMs_015_Dsn1-flag_ndc80-2d_cdc15-2.csv	PSMs_016_Dsn1-flag.csv	PSMs_017_Dsn1-flag_mps1-1.csv	PSMs_018_ndc80-flag.csv	PSMs_019_ndc80-3flag.csv	PSMs_020_ndc80-flag_pgal-mps1.csv	PSMs_021_ndc80-3flag_pgal-mps1.csv	PSMs_022_dad1-flag.csv	PSMs_023_dad1-flag.csv	PSMs_024_dad1-flag_pgal-mps1.csv	PSMs_025_Nitobe_SCX1_Mtw1-3FLAG.csv	PSMs_025_Nitobe_SCX2_Mtw1-3FLAG.csv	PSMs_025_Nitobe_SCX3_Mtw1-3FLAG.csv	PSMs_025_Nitobe_SCX4_Mtw1-3FLAG.csv	PSMs_025_Nitobe_SCX5_Mtw1-3FLAG.csv	
NDC80	0	0	0	0	0	0	0	0	0	0	0	0	0	0	0	0	0	0	0	0	0	0	0	0	0	0	0	0	0	0	
NDC80	1	0	0	0	0	0	0	6	4	0	13	19	11	33	39	32	0	0	12	0	2	2	0	0	0	3	3	11	14	11	
NDC80	2	0	0	0	0	0	0	6	4	0	13	19	11	33	39	32	0	0	12	0	2	2	0	0	0	3	3	11	14	11	
NDC80	3	0	0	0	0	0	0	6	4	0	13	19	11	33	39	32	0	0	12	0	2	2	0	0	0	3	3	11	14	11	
NDC80	4	0	0	0	0	0	0	6	4	0	13	19	11	33	39	32	0	0	12	0	2	2	0	0	0	3	3	11	14	11	
NDC80	5	0	0	0	0	0	0	6	4	0	13	19	11	33	39	32	0	0	12	0	2	2	0	0	0	3	3	11	14	11	
NDC80	6	0	0	0	0	0	0	6	4	0	13	19	11	33	39	32	0	0	12	0	2	2	0	0	0	3	3	11	14	11	
NDC80	7	0	0	0	0	0	0	6	4	0	13	19	11	33	39	32	0	0	12	0	2	2	0	0	0	3	3	11	14	11	
NDC80	8	0	0	0	0	0	0	6	4	0	13	19	11	33	39	32	0	0	12	0	2	2	0	0	0	3	3	11	14	11	
NDC80	9	0	0	0	0	0	0	6	4	0	13	19	11	33	39	32	0	0	12	0	2	2	0	0	0	3	3	11	14	11	
NDC80	10	0	0	0	0	0	0	6	4	0	13	19	11	33	39	32	0	0	12	0	2	2	0	0	0	3	3	11	14	11	
NDC80	11	0	0	0	0	0	0	6	4	0	13	19	11	33	39	32	0	0	12	0	2	2	0	0	0	3	3	11	14	11	
NDC80	12	0	0	0	0	0	0	6	4	0	13	19	11	33	39	32	0	0	12	0	2	2	0	0	0	3	3	11	14	11	
NDC80	13	0	0	0	0	0	0	6	4	0	13	19	11	33	39	32	0	0	12	0	2	2	0	0	0	3	3	11	14	11	
NDC80	14	0	0	0	0	0	0	6	4	0	13	19	11	33	39	32	0	0	12	0	2	2	0	0	0	3	3	11	14	11	
NDC80	15	0	0	0	0	0	0	6	4	0	13	19	11	33	39	32	0	0	12	0	2	2	0	0	0	3	3	11	14	11	
NDC80	16	0	0	0	0	0	0	6	4	0	13	19	11	33	39	32	0	0	12	0	2	2	0	0	0	3	3	11	14	11	
NDC80	17	0	0	0	0	0	0	6	4	0	13	19	11	33	39	32	0	0	12	0	2	2	0	0	0	3	3	11	14	11	
NDC80	18	0	0	0	0	0	0	6	4	0	13	19	11	33	39	32	0	0	12	0	2	2	0	0	0	3	3	11	14	11	
NDC80	19	0	0	0	0	0	0	6	4	0	13	19	11	33	39	32	0	0	12	0	2	2	0	0	0	3	3	11	14	11	
NDC80	20	0	0	0	0	0	0	6	4	0	8	15	6	27	32	26	0	0	12	22	6	7	0	5	5	7	9	11	12	9	
NDC80	21	0	0	0	0	0	0	6	4	0	8	15	6	27	32	26	0	0	12	22	6	7	0	5	5	7	9	11	12	9	
NDC80	22	0	0	0	0	0	0	6	4	0	8	15	6	27	32	26	0	0	12	22	6	7	0	5	5	7	9	11	12	9	
NDC80	23	0	0	0	0	0	0	6	4	0	8	15	6	27	32	26	0	0	12	22	6	7	0	5	5	7	9	11	12	9	
NDC80	24	0	0	0	0	0	0	6	4	0	8	15	6	27	32	26	0	0	12	22	6	7	0	5	5	7	9	11	12	9	
NDC80	25	0	0	0	0	0	0	6	4	0	8	15	6	27	32	26	0	0	12	22	6	7	0	5	5	7	9	11	12	9	
NDC80	26	0	0	0	0	0	0	6	4	0	8	15	6	27	32	26	0	0	12	22	6	7	0	5	5	7	9	11	12	9	
NDC80	27	0	0	0	0	0	0	6	4	0	8	15	6	27	32	26	0	0	12	22	6	7	0	5	5	7	9	11	12	9	
NDC80	28	0	0	0	0	0	0	6	4	0	8	15	6	27	32	26	0	0	12	22	6	7	0	5	5	7	9	11	12	9	
NDC80	29	0	0	0	0	0	0	6	4	0	8	15	6	27	32	26	0	0	12	22	6	7	0	5	5	7	9	11	12	9	
NDC80	30	0	0	0	0	0	0	6	4	0	8	15	6	27	32	26	0	0	12	22	6	7	0	5	5	7	9	11	12	9	
NDC80	31	0	0	0	0	0	0	6	4	0	8	15	6	27	32	26	0	0	12	22	6	7	0	5	5	7	9	11	12	9	
NDC80	32	0	0	0	0	0	0	6	4	0	8	15	6	27	32	26	0	0	12	22	6	7	0	5	5	7	9	11	12	9	
NDC80	33	0	0	0	0	0	0	6	4	0	8	15	6	27	32	26	0	0	12	22	6	7	0	5	5	7	9	11	12	9	
NDC80	34	0	0	0	0	0	0	4	2	0	2	8	2	7	4	18	4	2	5	8	0	0	0	0	0	0	0	3	5	0	
NDC80	35	0	0	0	0	0	0	7	8	0	16	24	9	20	14	27	10	7	11	19	4	4	0	0	0	4	2	5	7	3	
NDC80	36	0	0	0	0	0	0	39	38	8	35	55	17	61	45	71	17	18	54	37	28	18	2	22	11	8	10	5	11	9	
NDC80	37	0	0	0	0	0	0	39	38	8	35	55	17	61	45	71	17	18	54	37	28	18	2	22	11	8	10	5	11	9	
NDC80	38	0	0	0	0	0	0	39	38	8	35	55	17	61	45	71	17	18	54	37	28	18	2	22	11	8	10	5	11	9	
NDC80	39	0	0	0	0	0	0	39	38	8	35	55	17	61	45	71	17	18	54	37	28	18	2	22	11	8	10	5	11	9	
NDC80	40	0	0	0	0	0	0	39	38	8	35	55	17	61	45	71	17	18	54	37	28	18	2	22	11	8	10	5	11	9	
NDC80	41	0	0	0	0	0	0	39	38	8	35	55	17	61	45	71	17	18	54	37	28	18	2	22	11	8	10	5	11	9	
NDC80	42	0	0	0	0	0	0	39	38	8	35	55	17	61	45	71	17	18	54	37	28	18	2	22	11	8	10	5	11	9	
NDC80	43	0	0	0	0	0	0	39	38	8	35	55	17	61	45	71	17	18	54	37	28	18	2	22	11	8	10	5	11	9	
NDC80	44	0	0	0	0	0	0	39	38	8	35	55	17	61	45	71	17	18	54	37	28	18	2	22	11	8	10	5	11	9	
NDC80	45	0	0	0	0	0	0	39	38	8	35	55	17	61	45	71	17	18	54	37	28	18	2	22	11	8	10	5	11	9	
NDC80	46	0	0	0	0	0	0	39	38	8	35	55	17	61	45	71	17	18	54	37	28	18	2	22	11	8	10	5	11	9	
NDC80	47	0	0	0	0	0	0	39	38	8	35	55	17	61	45	71	17	18	54	37	28	18	2	22	11	8	10	5	11	9	
NDC80	48	0	0	0	0	0	0	39	38	8	35	55	17	61	45	71	17	18	54	37	28	18	2	22	11	8	10	5	11	9	
NDC80	49	0	0	0	0	0	0	18	14	2	12	12	2	15	20	5	11	16	24	2	11	0	0	0	0	0	0	0	0	0	
NDC80	50	0	0	0	0	0	0	18	14	2	12	12	2	15	20	5	11	16	24	2	11	0	0	0	0	0	0	0	0	0	
NDC80	51	0	0	0	0	0	0	18	14	2	12	12	2	15	20	5	11	16	24	2	11	0	0	0	0	0	0	0	0	0	
NDC80	52	0	0	0	0	0	0	18	14	2	12	12	2	15	20	5	11	16	24	2	11	0	0	0	0	0	0	0	0	0	
NDC80	53	0	0	0	0	0	0	16	22	5	9	17	9	22	24	25	5	4	16	19	14	4	0	8	0	3	2	4	5	3	
NDC80	54	0	0	0	0	0	0	16	22	5	9	17	9	22	24	25	5	4	16	19	14	4	0	8	0	3	2	4	5	3	
NDC80	55	0	0	0	0	0	0	16	22	5	9	17	9	22	24	25	5	4	16	19	14	4	0	8	0	3	2	4	5	3	
NDC80	56	0	0	0	0	0	0	16	22	5	9	17	9	22	24	25	5	4	16	19	14	4	0	8	0	3	2	4	5	3	
NDC80	57	0	0	0	0	0	0	16	22	5	9	17	9	22	24	25	5	4	16	19	14	4	0	8	0	3	2	4	5	3	
NDC80	58	0	0	0	0	0	0	16	22	5	9	17	9	22	24	25	5	4	16	19	14	4	0	8	0	3	2	4	5	3	
NDC80	59	0	0	0	0	0	0	16	22	5	9	17	9	22	24	25	5	4	16	19	14	4	0	8	0	3	2	4	5	3	
NDC80	60	0	0	0	0	0	0	16	22	5	9	17	9	22	24	25	5	4	16	19	14	4	0	8	0	3	2	4	5	3	
NDC80	61	0	0	0	0	0	0	16	22	5	9	17	9	22	24	25	5	4	16	19	14	4	0	8	0	3	2	4	5	3	
NDC80	62	0	0	0	0	0	0	16	22	5	9	17	9	22	24	25	5	4	16	19	14	4	0	8	0	3	2	4	5	3	
NDC80	63	0	0	0	0	0	0	16	22	5	9	17	9	22	24	25	5	4	16	19	14	4	0	8	0	3	2	4	5	3	
NDC80	64	0	0	0	0	0	0	16	22	5	9	17	9	22	24	25	5	4	16	19	14	4	0	8	0	3	2	4	5	3	
NDC80	65	0	0	0	0	0	0	16	22	5	9	17	9	22	24	25	5	4	16	19	14	4	0	8	0	3	2	4	5	3	
NDC80	66	0	0	0	0	0	0	16	22	5	9	17	9	22	24	25	5	4	16	19	14	4	0	8	0	3	2	4	5	3	
NDC80	67	0	0	0	0	0	0	16	22	5	9	17	9	22	24	25	5	4	16	19	14	4	0	8	0	3	2	4	5	3	
NDC80	68	0	0	0	0	0	0	2	4	3	4	4	4	5	10	5	2	0	3	0	3	0	0	0	0	0	0	0	0	0	
NDC80	69	0	0	0	0	0	0	2	4	3	4	4	4	5	10	5	2	0	3	0	3	0	0	0	0	0	0	0	0	0	
NDC80	70	0	0	0	0	0	0	2	4	3	4	4	4	5	8	5	2	0	3	0	3	0	0	0	0	0	0	0	0	0	
NDC80	71	0	0	0	0	0	0	7	3	4	8	6	3	8	8	4	11	7	5	0	7	0	0	0	0	0	0	0	0	0	
NDC80	72	0	0	0	0	0	0	7	3	4	8	6	3	8	8	4	11	7	5	0	7	0	0	0	0	0	0	0	0	0	
NDC80	73	0	0	0	0	0	0	21	20	10	21	18	11	21	23	22	24	15	28	2	19	2	0	0	0	2	2	0	0	2	
NDC80	74	0	0	0	0	0	0	21	20	10	21	18	11	21	23	22	24	15	28	2	19	2	0	0	0	2	2	0	0	2	
NDC80	75	0	0	0	0	0	0	21	20	10	21	18	11	21	23	22	24	15	28	2	19	2	0	0	0	2	2	0	0	2	
NDC80	76	0	0	0	0	0	0	21	20	10	21	18	11	21	23	22	24	15	28	2	19	2	0	0	0	2	2	0	0	2	
NDC80	77	0	0	0	0	0	0	21	20	10	21	18	11	21	23	22	24	15	28	2	19	2	0	0	0	2	2	0	0	2	
NDC80	78	0	0	0	0	0	0	21	20	10	21	18	11	21	23	22	24	15	28	2	19	2	0	0	0	2	2	0	0	2	
NDC80	79	0	0	0	0	0	0	21	20	10	21	18	11	21	23	22	24	15	28	2	19	2	0	0	0	2	2	0	0	2	
NDC80	80	0	0	0	0	0	0	21	20	10	21	18	11	21	23	22	24	15	28	2	19	2	0	0	0	2	2	0	0	2	
NDC80	81	0	0	0	0	0	0	21	20	10	21	18	11	21	23	22	24	15	28	2	19	2	0	0	0	2	2	0	0	2	
NDC80	82	0	0	0	0	0	0	21	20	10	21	18	11	21	23	22	24	15	28	2	19	2	0	0	0	2	2	0	0	2	
NDC80	83	0	0	0	0	0	0	21	20	10	21	18	11	21	23	22	24	15	28	2	19	2	0	0	0	2	2	0	0	2	
NDC80	84	0	0	0	0	0	0	21	20	10	21	18	11	21	23	22	24	15	28	2	19	2	0	0	0	2	2	0	0	2	
NDC80	85	0	0	0	0	0	0	21	20	10	21	18	11	21	23	22	24	15	28	2	19	2	0	0	0	2	2	0	0	2	
NDC80	86	0	0	0	0	0	0	21	20	10	21	18	11	21	23	22	24	15	28	2	19	2	0	0	0	2	2	0	0	2	
NDC80	87	0	0	0	0	0	0	21	20	10	21	18	11	21	23	22	24	15	28	2	19	2	0	0	0	2	2	0	0	2	
NDC80	88	0	0	0	0	0	0	21	20	10	21	18	11	21	23	22	24	15	28	2	19	2	0	0	0	2	2	0	0	2	
NDC80	89	0	0	0	0	0	0	21	20	10	21	18	11	21	23	22	24	15	28	2	19	2	0	0	0	2	2	0	0	2	
NDC80	90	0	0	0	0	0	0	12	12	5	12	12	7	12	18	12	20	15	18	0	10	0	0	0	0	0	0	0	0	0	
NDC80	91	0	0	0	0	0	0	12	12	5	12	12	7	12	18	12	20	15	18	0	10	0	0	0	0	0	0	0	0	0	
NDC80	92	0	0	0	0	0	0	12	12	5	12	12	7	12	18	12	20	15	18	0	10	0	0	0	0	0	0	0	0	0	
NDC80	93	0	0	0	0	0	0	12	12	5	12	12	7	12	18	12	20	15	18	0	10	0	0	0	0	0	0	0	0	0	
NDC80	94	0	0	0	0	0	0	6	3	0	2	2	2	6	6	6	4	3	5	0	2	0	0	0	0	0	0	0	0	0	
NDC80	95	0	0	0	0	0	0	6	3	0	2	2	2	6	6	6	4	3	5	0	2	0	0	0	0	0	0	0	0	0	
NDC80	96	0	0	0	0	0	0	6	3	0	2	2	2	6	6	6	4	3	5	0	2	0	0	0	0	0	0	0	0	0	
NDC80	97	0	0	0	0	0	0	6	3	0	2	2	2	6	6	6	4	3	5	0	2	0	0	0	0	0	0	0	0	0	
NDC80	98	0	0	0	0	0	0	6	3	0	2	2	2	6	6	6	4	3	5	0	2	0	0	0	0	0	0	0	0	0	
NDC80	99	0	0	0	0	0	0	4	4	2	0	2	0	6	4	5	2	0	5	45	0	5	0	0	0	4	0	0	0	0	
NDC80	100	0	0	0	0	0	0	4	4	2	0	2	0	6	4	5	2	0	5	45	0	5	0	0	0	4	0	0	0	0	
NDC80	101	0	0	0	0	0	0	4	4	2	0	2	0	6	4	5	2	0	5	45	0	5	0	0	0	4	0	0	0	0	
NDC80	102	0	0	0	0	0	0	4	4	2	0	2	0	6	4	5	2	0	5	45	0	5	0	0	0	4	0	0	0	0	
NDC80	103	0	0	0	0	0	0	4	4	2	0	2	0	6	4	5	2	0	5	45	0	5	0	0	0	4	0	0	0	0	
NDC80	104	0	0	0	0	0	0	4	4	2	0	2	0	6	4	5	2	0	5	45	0	5	0	0	0	4	0	0	0	0	
NDC80	105	0	0	0	0	0	0	4	4	2	0	2	0	6	4	5	2	0	5	45	0	5	0	0	0	4	0	0	0	0	
NDC80	106	0	0	0	0	0	0	4	4	2	0	2	0	6	4	5	2	0	5	45	0	5	0	0	0	4	0	0	0	0	
NDC80	107	0	0	0	0	0	0	4	4	2	0	2	0	6	4	5	2	0	5	45	0	5	0	0	0	4	0	0	0	0	
NDC80	108	0	0	0	0	0	0	4	4	2	0	2	0	6	4	5	2	0	5	45	0	5	0	0	0	4	0	0	0	0	
NDC80	109	0	0	0	0	0	0	4	4	2	0	2	0	6	4	5	2	0	5	45	0	5	0	0	0	4	0	0	0	0	
NDC80	110	0	0	0	0	0	0	4	4	2	0	2	0	6	4	5	2	0	5	45	0	5	0	0	0	4	0	0	0	0	
NDC80	111	0	0	0	0	0	0	4	4	2	0	2	0	6	4	5	2	0	5	45	0	5	0	0	0	4	0	0	0	0	
NDC80	112	0	0	0	0	0	0	4	4	2	0	2	0	6	4	5	2	0	5	45	0	5	0	0	0	4	0	0	0	0	
NDC80	113	0	0	0	0	0	0	4	4	2	0	2	0	6	4	5	2	0	5	45	0	5	0	0	0	4	0	0	0	0	
NDC80	114	0	0	0	0	0	0	4	4	2	0	2	0	6	4	5	2	0	5	45	0	5	0	0	0	4	0	0	0	0	
NDC80	115	0	0	0	0	0	0	2	2	2	0	2	0	4	2	5	2	0	2	40	0	5	0	0	0	0	0	0	0	0	
NDC80	116	0	0	0	0	0	0	2	2	2	0	2	0	4	2	5	2	0	2	40	0	5	0	0	0	0	0	0	0	0	
NDC80	117	0	0	0	0	0	0	2	2	2	0	2	0	4	2	5	2	0	2	40	0	5	0	0	0	0	0	0	0	0	
NDC80	118	0	0	0	0	0	0	2	2	2	0	2	0	4	2	5	2	0	2	40	0	5	0	0	0	0	0	0	0	0	
NDC80	119	0	0	0	0	0	0	2	2	2	0	2	0	4	2	5	2	0	2	40	0	5	0	0	0	0	0	0	0	0	
NDC80	120	0	0	0	0	0	0	2	2	2	0	2	0	4	2	5	2	0	2	40	0	5	0	0	0	0	0	0	0	0	
NDC80	121	0	0	0	0	0	0	0	0	0	2	0	0	2	2	2	2	0	2	35	0	9	0	0	0	28	53	26	7	11	
NDC80	122	0	0	0	0	0	0	0	0	0	2	0	0	2	2	2	2	0	2	35	0	9	0	0	0	28	53	26	7	11	
NDC80	123	0	0	0	0	0	0	0	0	0	2	0	0	2	2	2	2	0	2	42	0	13	0	0	0	41	74	47	16	15	
NDC80	124	0	0	0	0	0	0	0	0	0	2	0	0	2	2	2	2	0	2	42	0	13	0	0	0	41	74	47	16	15	
NDC80	125	0	0	0	0	0	0	0	0	0	2	0	0	2	2	2	2	0	2	42	0	13	0	0	0	41	74	47	16	15	
NDC80	126	0	0	0	0	0	0	0	0	0	2	0	0	2	2	2	2	0	2	42	0	13	0	0	0	41	74	47	16	15	
NDC80	127	0	0	0	0	0	0	0	0	0	2	0	0	2	2	2	2	0	2	42	0	13	0	0	0	41	74	47	16	15	
NDC80	128	0	0	0	0	0	0	0	0	0	2	0	0	2	2	2	2	0	2	42	0	13	0	0	0	41	74	47	16	15	
NDC80	129	0	0	0	0	0	0	0	0	0	2	0	0	2	2	2	2	0	2	42	0	13	0	0	0	41	74	47	16	15	
NDC80	130	0	0	0	0	0	0	0	0	0	2	0	0	2	2	2	2	0	2	42	0	13	0	0	0	41	74	47	16	15	
NDC80	131	0	0	0	0	0	0	0	0	0	2	0	0	2	2	2	2	0	2	42	0	13	0	0	0	41	74	47	16	15	
NDC80	132	0	0	0	0	0	0	0	0	0	2	0	0	2	2	2	2	0	2	42	0	13	0	0	0	41	74	47	16	15	
NDC80	133	0	0	0	0	0	0	0	0	0	2	0	0	2	2	2	2	0	2	42	0	13	0	0	0	41	74	47	16	15	
NDC80	134	0	0	0	0	0	0	0	0	0	2	0	0	2	2	2	2	0	2	42	0	13	0	0	0	41	74	47	16	15	
NDC80	135	0	0	0	0	0	0	0	0	0	2	0	0	2	2	2	2	0	2	42	0	13	0	0	0	41	74	47	16	15	
NDC80	136	0	0	0	0	0	0	0	0	0	2	0	0	2	2	2	2	0	2	42	0	13	0	0	0	41	74	47	16	15	
NDC80	137	0	0	0	0	0	0	0	0	0	2	0	0	2	2	2	2	0	2	42	0	13	0	0	0	41	74	47	16	15	
NDC80	138	0	0	0	0	0	0	0	0	0	2	0	0	2	2	2	2	0	2	34	0	15	0	0	0	18	58	41	11	12	
NDC80	139	0	0	0	0	0	0	2	0	0	2	3	3	5	5	4	0	0	2	19	0	6	0	0	0	10	15	20	13	15	
NDC80	140	0	0	0	0	0	0	2	0	0	2	3	3	5	5	4	0	0	2	19	0	6	0	0	0	10	15	20	13	15	
NDC80	141	0	0	0	0	0	0	2	3	0	2	5	3	8	5	8	0	0	4	19	0	6	0	0	0	14	17	22	15	19	
NDC80	142	0	0	0	0	0	0	2	3	0	2	5	3	8	5	8	0	0	4	19	0	6	0	0	0	14	17	22	15	19	
NDC80	143	0	0	0	0	0	0	2	3	0	2	5	3	8	5	8	0	0	4	19	0	6	0	0	0	14	17	22	15	19	
NDC80	144	0	0	0	0	0	0	2	3	0	2	5	3	8	5	8	0	0	4	19	0	6	0	0	0	14	17	22	15	19	
NDC80	145	0	0	0	0	0	0	2	3	0	2	5	3	8	5	8	0	0	4	19	0	6	0	0	0	14	17	22	15	19	
NDC80	146	0	0	0	0	0	0	2	3	0	2	5	3	8	5	8	0	0	4	19	0	6	0	0	0	14	17	22	15	19	
NDC80	147	0	0	0	0	0	0	2	3	0	2	5	3	8	5	8	0	0	4	19	0	6	0	0	0	14	17	22	15	19	
NDC80	148	0	0	0	0	0	0	2	3	0	2	5	3	8	5	8	0	0	4	19	0	6	0	0	0	14	17	22	15	19	
NDC80	149	0	0	0	0	0	0	2	3	0	2	5	3	8	5	8	0	0	4	19	0	6	0	0	0	14	17	22	15	19	
NDC80	150	0	0	0	0	0	0	2	3	0	2	5	3	8	5	8	0	0	4	19	0	6	0	0	0	14	17	22	15	19	
NDC80	151	0	0	0	0	0	0	2	3	0	2	5	3	8	5	8	0	0	4	19	0	6	0	0	0	14	17	22	15	19	
NDC80	152	0	0	0	0	0	0	2	3	0	2	5	3	8	5	8	0	0	4	19	0	6	0	0	0	14	17	22	15	19	
NDC80	153	0	0	0	0	0	0	0	0	0	0	0	0	2	3	0	0	0	2	0	0	0	0	0	0	4	4	4	0	0	
NDC80	154	0	0	0	0	0	0	0	0	0	0	0	0	2	3	0	0	0	2	0	0	0	0	0	0	4	4	4	0	0	
NDC80	155	0	0	0	0	0	0	0	0	0	0	0	0	2	3	0	0	0	2	0	0	0	0	0	0	4	4	4	0	0	
NDC80	156	0	0	0	0	0	0	0	0	0	0	0	0	0	0	0	0	0	0	0	0	0	0	0	0	4	4	4	0	0	
NDC80	157	0	0	0	0	0	0	0	0	0	0	0	0	0	0	0	0	0	0	0	0	0	0	0	0	4	4	4	0	0	
NDC80	158	0	0	0	0	0	0	0	0	0	0	0	0	0	0	0	0	0	0	0	0	0	0	0	0	4	4	4	0	0	
NDC80	159	0	0	0	0	0	0	0	0	0	0	0	0	0	0	0	0	0	0	0	0	0	0	0	0	4	4	4	0	0	
NDC80	160	0	0	0	0	0	0	0	0	0	0	0	0	0	0	0	0	0	0	0	0	0	0	0	0	4	4	4	0	0	
NDC80	161	0	0	0	0	0	0	0	0	0	0	0	0	0	0	0	0	0	0	0	0	0	0	0	0	2	2	0	0	0	
NDC80	162	0	0	0	0	0	0	0	0	0	0	0	0	0	0	0	0	0	0	0	0	0	0	0	0	2	2	0	0	0	
NDC80	163	0	0	0	0	0	0	0	0	0	0	0	0	0	0	0	0	0	0	0	0	0	0	0	0	2	2	0	0	0	
NDC80	164	0	0	0	0	0	0	0	0	0	0	0	0	0	0	0	0	0	0	0	0	0	0	0	0	2	2	0	0	0	
NDC80	165	0	0	0	0	0	0	0	0	0	0	0	0	0	0	0	0	0	0	0	0	0	0	0	0	2	2	0	0	0	
NDC80	166	0	0	0	0	0	0	0	0	0	0	0	0	0	0	0	0	0	0	0	0	0	0	0	0	2	2	0	0	0	
NDC80	167	0	0	0	0	0	0	0	0	0	0	0	0	0	0	0	0	0	0	0	0	0	0	0	0	2	2	0	0	0	
NDC80	168	0	0	0	0	0	0	0	0	0	0	0	0	0	0	0	0	0	0	0	0	0	0	0	0	0	0	0	0	0	
NDC80	169	0	0	0	0	0	0	0	0	0	0	0	0	0	0	0	0	0	0	0	0	0	0	0	0	0	0	0	0	0	
NDC80	170	0	0	0	0	0	0	0	0	0	0	0	0	0	0	0	0	0	0	0	0	0	0	0	0	0	0	0	0	0	
NDC80	171	0	0	0	0	0	0	0	0	0	0	0	0	0	0	0	0	0	0	0	0	0	0	0	0	0	0	0	0	0	
NDC80	172	0	0	0	0	0	0	0	0	0	0	0	0	0	0	0	0	0	0	0	0	0	0	0	0	0	0	0	0	0	
NDC80	173	0	0	0	0	0	0	0	0	0	0	2	2	2	0	0	0	0	0	0	0	0	0	0	0	2	2	0	0	0	
NDC80	174	0	0	0	0	0	0	0	0	0	0	2	2	2	0	0	0	0	0	0	0	0	0	0	0	2	2	0	0	0	
NDC80	175	0	0	0	0	0	0	0	0	0	0	2	2	2	0	0	0	0	0	0	0	0	0	0	0	2	2	0	0	0	
NDC80	176	0	0	0	0	0	0	0	0	0	0	2	2	2	0	0	0	0	0	0	0	0	0	0	0	2	2	0	0	0	
NDC80	177	0	0	0	0	0	0	0	0	0	0	2	2	2	0	0	0	0	0	0	0	0	0	0	0	2	2	0	0	0	
NDC80	178	0	0	0	0	0	0	0	0	0	0	2	2	2	0	0	0	0	0	0	0	0	0	0	0	2	2	0	0	0	
NDC80	179	0	0	0	0	0	0	0	0	0	0	2	2	2	0	0	0	0	0	0	0	0	0	0	0	2	2	0	0	0	
NDC80	180	0	0	0	0	0	0	0	0	0	0	2	2	2	0	0	0	0	0	0	0	0	0	0	0	2	2	0	0	0	
NDC80	181	0	0	0	0	0	0	0	0	0	0	2	2	2	0	0	0	0	0	0	0	0	0	0	0	2	2	0	0	0	
NDC80	182	0	0	0	0	0	0	0	0	0	0	0	0	0	0	0	0	0	0	13	0	2	0	0	0	43	46	8	9	4	
NDC80	183	0	0	0	0	0	0	0	0	0	0	0	0	0	0	0	0	0	0	13	0	2	0	0	0	43	46	8	9	4	
NDC80	184	0	0	0	0	0	0	0	0	0	0	0	0	0	0	0	0	0	0	13	0	2	0	0	0	43	46	8	9	4	
NDC80	185	0	0	0	0	0	0	0	0	0	0	0	0	0	0	0	0	0	0	13	0	2	0	0	0	43	46	8	9	4	
NDC80	186	0	0	0	0	0	0	0	0	0	0	0	0	0	0	0	0	0	0	13	0	2	0	0	0	43	46	8	9	4	
NDC80	187	0	0	0	0	0	0	0	0	0	0	0	0	0	0	0	0	0	0	13	0	2	0	0	0	43	46	8	9	4	
NDC80	188	0	0	0	0	0	0	0	0	0	0	0	0	0	0	0	0	0	0	13	0	2	0	0	0	43	46	8	9	4	
NDC80	189	0	0	0	0	0	0	0	0	0	0	0	0	0	0	0	0	0	0	13	0	2	0	0	0	43	46	8	9	4	
NDC80	190	0	0	0	0	0	0	0	0	0	0	0	0	0	0	0	0	0	0	13	0	2	0	0	0	43	46	8	9	4	
NDC80	191	0	0	0	0	0	0	0	0	0	0	0	0	0	0	0	0	0	0	13	0	2	0	0	0	43	46	8	9	4	
NDC80	192	0	0	0	0	0	0	0	0	0	0	0	0	0	0	0	0	0	0	13	0	2	0	0	0	43	46	8	9	4	
NDC80	193	0	0	0	0	0	0	0	0	0	0	0	0	2	2	0	0	0	0	0	0	0	0	0	0	2	3	6	4	4	
NDC80	194	0	0	0	0	0	0	0	0	0	0	0	0	2	2	0	0	0	0	0	0	0	0	0	0	2	3	6	4	4	
NDC80	195	0	0	0	0	0	0	0	0	0	0	0	0	2	2	0	0	0	0	0	0	0	0	0	0	2	3	6	4	4	
NDC80	196	0	0	0	0	0	0	0	0	0	2	0	0	2	2	0	0	0	0	3	0	0	0	0	0	5	12	20	10	9	
NDC80	197	0	0	0	0	0	0	0	0	0	2	0	0	2	2	0	0	0	0	3	0	0	0	0	0	5	12	20	10	9	
NDC80	198	0	0	0	0	0	0	0	0	0	2	0	0	2	2	0	0	0	0	3	0	0	0	0	0	5	12	20	10	9	
NDC80	199	0	0	0	0	0	0	0	0	0	2	0	0	2	2	0	0	0	0	3	0	0	0	0	0	5	12	20	10	9	
NDC80	200	0	0	0	0	0	0	0	0	0	2	0	0	2	2	0	0	0	0	3	0	0	0	0	0	5	12	20	10	9	
NDC80	201	0	0	0	0	0	0	0	0	0	2	0	0	2	2	0	0	0	0	3	0	0	0	0	0	5	12	20	10	9	
NDC80	202	0	0	0	0	0	0	0	0	0	2	0	0	2	2	0	0	0	0	3	0	0	0	0	0	5	12	20	10	9	
NDC80	203	0	0	0	0	0	0	0	0	0	2	0	0	2	2	0	0	0	0	3	0	0	0	0	0	5	12	20	10	9	
NDC80	204	0	0	0	0	0	0	0	0	0	2	0	0	2	2	0	0	0	0	3	0	0	0	0	0	5	12	20	10	9	
NDC80	205	0	0	0	0	0	0	0	0	0	0	0	0	0	0	2	0	0	0	0	0	0	0	0	0	2	0	0	0	2	
NDC80	206	0	0	0	0	0	0	0	0	0	0	0	0	0	0	2	0	0	0	0	0	0	0	0	0	2	0	0	0	2	
NDC80	207	0	0	0	0	0	0	0	0	0	0	0	0	0	0	2	0	0	0	0	0	0	0	0	0	2	0	0	0	2	
NDC80	208	0	0	0	0	0	0	0	0	0	0	0	0	0	0	2	0	0	0	0	0	0	0	0	0	2	0	0	0	2	
NDC80	209	0	0	0	0	0	0	0	0	0	0	0	0	0	0	2	0	0	0	0	0	0	0	0	0	2	0	0	0	2	
NDC80	210	0	0	0	0	0	0	0	0	0	0	0	0	0	0	2	0	0	0	0	0	0	0	0	0	2	0	0	0	2	
NDC80	211	0	0	0	0	0	0	0	0	0	0	0	0	0	0	2	0	0	0	0	0	0	0	0	0	2	0	0	0	2	
NDC80	212	0	0	0	0	0	0	0	0	0	0	0	0	0	0	2	0	0	0	0	0	0	0	0	0	2	0	0	0	2	
NDC80	213	0	0	0	0	0	0	0	0	0	0	0	0	0	0	2	0	0	0	0	0	0	0	0	0	2	0	0	0	2	
NDC80	214	0	0	0	0	0	0	0	0	0	0	0	0	0	0	2	0	0	0	0	0	0	0	0	0	2	0	0	0	2	
NDC80	215	0	0	0	0	0	0	0	0	0	0	0	0	0	0	2	0	0	0	0	0	0	0	0	0	2	0	0	0	2	
NDC80	216	0	0	0	0	0	0	0	0	0	0	0	0	0	0	2	0	0	0	0	0	0	0	0	0	2	0	0	0	2	
NDC80	217	0	0	0	0	0	0	0	0	0	0	0	0	0	0	2	0	0	0	0	0	0	0	0	0	2	0	0	0	2	
NDC80	218	0	0	0	0	0	0	0	0	0	0	0	0	0	0	2	0	0	0	0	0	0	0	0	0	0	0	0	0	0	
NDC80	219	0	0	0	0	0	0	0	0	0	0	0	0	0	0	2	0	0	0	0	0	0	0	0	0	0	0	0	0	0	
NDC80	220	0	0	0	0	0	0	0	0	0	0	0	0	0	0	2	0	0	0	0	0	0	0	0	0	0	0	0	0	0	
NDC80	221	0	0	0	0	0	0	0	0	0	0	0	0	0	0	2	0	0	0	0	0	0	0	0	0	0	0	0	0	0	
NDC80	222	0	0	0	0	0	0	0	0	0	0	0	0	0	0	2	0	0	0	0	0	0	0	0	0	0	0	0	0	0	
NDC80	223	0	0	0	0	0	0	0	0	0	0	0	0	0	0	2	0	0	0	0	0	0	0	0	0	0	0	0	0	0	
NDC80	224	0	0	0	0	0	0	0	0	0	0	0	0	0	0	2	0	0	0	0	0	0	0	0	0	0	0	0	0	0	
NDC80	225	0	0	0	0	0	0	0	0	0	0	0	0	0	0	2	0	0	0	0	0	0	0	0	0	0	0	0	0	0	
NDC80	226	0	0	0	0	0	0	0	0	0	0	0	0	0	0	2	0	0	0	0	0	0	0	0	0	0	0	0	0	0	
NDC80	227	0	0	0	0	0	0	0	0	0	0	0	0	0	0	2	0	0	0	0	0	0	0	0	0	0	0	0	0	0	
NDC80	228	0	0	0	0	0	0	2	3	2	3	5	2	2	3	7	0	0	2	6	2	2	0	0	0	2	2	0	4	4	
NDC80	229	0	0	0	0	0	0	2	3	2	3	5	2	2	3	7	0	0	2	6	2	2	0	0	0	2	2	0	4	4	
NDC80	230	0	0	0	0	0	0	2	3	2	3	5	2	2	3	7	0	0	2	6	2	2	0	0	0	2	2	0	4	4	
NDC80	231	0	0	0	0	0	0	2	3	2	3	5	2	2	3	7	0	0	2	6	2	2	0	0	0	2	2	0	4	4	
NDC80	232	0	0	0	0	0	0	2	3	2	3	7	2	4	5	7	0	0	2	11	2	2	0	0	0	6	8	4	8	4	
NDC80	233	0	0	0	0	0	0	2	3	2	3	7	2	4	5	7	0	0	2	11	2	2	0	0	0	6	8	4	8	4	
NDC80	234	0	0	0	0	0	0	2	3	2	3	7	2	4	5	7	0	0	2	11	2	2	0	0	0	6	8	4	8	4	
NDC80	235	0	0	0	0	0	0	2	3	2	3	7	2	4	5	7	0	0	2	11	2	2	0	0	0	6	8	4	8	4	
NDC80	236	0	0	0	0	0	0	2	3	2	3	7	2	4	5	7	0	0	2	11	2	2	0	0	0	6	8	4	8	4	
NDC80	237	0	0	0	0	0	0	2	3	2	3	7	2	4	5	7	0	0	2	11	2	2	0	0	0	6	8	4	8	4	
NDC80	238	0	0	0	0	0	0	2	3	2	3	7	2	4	5	7	0	0	2	11	2	2	0	0	0	6	8	4	8	4	
NDC80	239	0	0	0	0	0	0	2	3	2	3	7	2	4	5	5	0	0	2	7	2	2	0	0	0	6	4	4	6	2	
NDC80	240	0	0	0	0	0	0	2	3	2	3	7	2	4	5	5	0	0	2	7	2	2	0	0	0	6	4	4	6	2	
NDC80	241	0	0	0	0	0	0	2	3	2	3	7	2	4	5	5	0	0	2	7	2	2	0	0	0	6	4	4	6	2	
NDC80	242	0	0	0	0	0	0	22	18	0	4	0	0	31	0	0	11	12	20	41	20	16	0	8	4	18	19	14	33	24	
NDC80	243	0	0	0	0	0	0	22	18	0	4	0	0	31	0	0	11	12	20	41	20	16	0	8	4	18	19	14	33	24	
NDC80	244	0	0	0	0	0	0	22	18	0	4	0	0	31	0	0	11	12	20	41	20	16	0	8	4	18	19	14	33	24	
NDC80	245	0	0	0	0	0	0	22	18	0	4	0	0	31	0	0	11	12	20	41	20	16	0	8	4	18	19	14	33	24	
NDC80	246	0	0	0	0	0	0	22	18	0	4	0	0	31	0	0	11	12	20	41	20	16	0	8	4	18	19	14	33	24	
NDC80	247	0	0	0	0	0	0	22	18	0	4	0	0	31	0	0	11	12	20	41	20	16	0	8	4	18	19	14	33	24	
NDC80	248	0	0	0	0	0	0	22	18	0	4	0	0	31	0	0	11	12	20	41	20	16	0	8	4	18	19	14	33	24	
NDC80	249	0	0	0	0	0	0	22	18	0	4	0	0	31	0	0	11	12	20	41	20	16	0	8	4	18	19	14	33	24	
NDC80	250	0	0	0	0	0	0	22	18	0	4	0	0	31	0	0	11	12	20	41	20	16	0	8	4	18	19	14	33	24	
NDC80	251	0	0	0	0	0	0	22	18	0	4	0	0	31	0	0	11	12	20	41	20	16	0	8	4	18	19	14	33	24	
NDC80	252	0	0	0	0	0	0	22	18	0	4	0	0	31	0	0	11	12	20	41	20	16	0	8	4	18	19	14	33	24	
NDC80	253	0	0	0	0	0	0	22	18	0	4	0	0	31	0	0	11	12	20	41	20	16	0	8	4	18	19	14	33	24	
NDC80	254	0	0	0	0	0	0	22	18	0	4	0	0	31	0	0	11	12	20	41	20	16	0	8	4	18	19	14	33	24	
NDC80	255	0	0	0	0	0	0	22	18	0	4	0	0	31	0	0	11	12	20	41	20	16	0	8	4	18	19	14	33	24	
NDC80	256	0	0	0	0	0	0	22	18	0	4	0	0	31	0	0	11	12	20	41	20	16	0	8	4	18	19	14	33	24	
NDC80	257	0	0	0	0	0	0	22	18	0	4	0	0	31	0	0	11	12	20	41	20	16	0	8	4	18	19	14	33	24	
NDC80	258	0	0	0	0	0	0	22	18	0	4	0	0	31	0	0	11	12	20	41	20	16	0	8	4	18	19	14	33	24	
NDC80	259	0	0	0	0	0	0	22	18	0	4	0	0	31	0	0	11	12	20	41	20	16	0	8	4	18	19	14	33	24	
NDC80	260	0	0	0	0	0	0	5	0	0	2	0	2	15	5	0	11	10	6	6	2	0	0	0	0	0	0	0	0	0	
NDC80	261	0	0	0	0	0	0	5	0	0	2	0	2	15	5	0	11	10	6	6	2	0	0	0	0	0	0	0	0	0	
NDC80	262	0	0	0	0	0	0	5	0	0	2	0	2	15	5	0	11	10	6	6	2	0	0	0	0	0	0	0	0	0	
NDC80	263	0	0	0	0	0	0	5	0	0	2	0	2	15	5	0	11	10	6	6	2	0	0	0	0	0	0	0	0	0	
NDC80	264	0	0	0	0	0	0	5	0	0	2	0	2	15	5	0	11	10	6	6	2	0	0	0	0	0	0	0	0	0	
NDC80	265	0	0	0	0	0	0	5	0	0	2	0	2	15	5	0	11	10	6	6	2	0	0	0	0	0	0	0	0	0	
NDC80	266	0	0	0	0	0	0	5	0	0	2	0	2	15	5	0	11	10	6	6	2	0	0	0	0	0	0	0	0	0	
NDC80	267	0	0	0	0	0	0	5	0	0	2	0	2	15	5	0	11	10	6	6	2	0	0	0	0	0	0	0	0	0	
NDC80	268	0	0	0	0	0	0	0	0	0	0	0	2	8	5	0	6	4	0	2	0	0	0	0	0	0	0	0	0	0	
NDC80	269	0	0	0	0	0	0	0	0	0	0	0	2	8	5	0	6	4	0	2	0	0	0	0	0	0	0	0	0	0	
NDC80	270	0	0	0	0	0	0	0	0	0	0	0	2	8	5	0	6	4	0	2	0	0	0	0	0	0	0	0	0	0	
NDC80	271	0	0	0	0	0	0	0	0	0	0	0	0	2	3	2	0	0	0	4	0	0	0	0	0	5	5	2	5	2	
NDC80	272	0	0	0	0	0	0	0	0	0	0	0	0	2	3	2	0	0	0	4	0	0	0	0	0	5	5	2	5	2	
NDC80	273	0	0	0	0	0	0	0	0	0	0	0	0	2	3	2	0	0	0	4	0	0	0	0	0	5	5	2	5	2	
NDC80	274	0	0	0	0	0	0	0	0	0	0	0	0	2	3	2	0	0	0	4	0	0	0	0	0	5	5	2	5	2	
NDC80	275	0	0	0	0	0	0	0	0	0	0	0	0	2	3	2	0	0	0	4	0	0	0	0	0	5	5	2	5	2	
NDC80	276	0	0	0	0	0	0	0	0	0	0	0	0	2	3	2	0	0	0	4	0	0	0	0	0	5	5	2	5	2	
NDC80	277	0	0	0	0	0	0	0	0	0	0	0	0	2	3	2	0	0	0	4	0	0	0	0	0	5	5	2	5	2	
NDC80	278	0	0	0	0	0	0	0	0	0	0	0	0	2	2	0	0	0	0	8	0	2	0	0	0	10	12	14	16	15	
NDC80	279	0	0	0	0	0	0	0	0	0	0	0	0	2	2	0	0	0	0	8	0	2	0	0	0	10	12	14	16	15	
NDC80	280	0	0	0	0	0	0	0	0	0	0	0	0	2	2	0	0	0	0	8	0	2	0	0	0	10	12	14	16	15	
NDC80	281	0	0	0	0	0	0	0	0	0	0	0	0	2	2	0	0	0	0	8	0	2	0	0	0	10	12	14	16	15	
NDC80	282	0	0	0	0	0	0	0	0	0	0	0	0	2	2	0	0	0	0	8	0	2	0	0	0	10	12	14	16	15	
NDC80	283	0	0	0	0	0	0	0	0	0	0	0	0	2	2	0	0	0	0	8	0	2	0	0	0	10	12	14	16	15	
NDC80	284	0	0	0	0	0	0	0	0	0	0	0	0	2	2	0	0	0	0	8	0	2	0	0	0	10	12	14	16	15	
NDC80	285	0	0	0	0	0	0	0	0	0	0	0	0	2	2	0	0	0	0	8	0	2	0	0	0	10	12	14	16	15	
NDC80	286	0	0	0	0	0	0	0	0	0	0	0	0	2	2	0	0	0	0	8	0	2	0	0	0	10	12	14	16	15	
NDC80	287	0	0	0	0	0	0	0	0	0	0	0	0	2	2	0	0	0	0	8	0	2	0	0	0	10	12	14	16	15	
NDC80	288	0	0	0	0	0	0	0	0	0	0	0	0	2	2	0	0	0	0	8	0	2	0	0	0	10	12	14	16	15	
NDC80	289	0	0	0	0	0	0	0	0	0	0	0	0	0	0	2	0	0	0	9	0	0	0	0	0	5	2	5	6	2	
NDC80	290	0	0	0	0	0	0	0	0	0	0	0	0	0	0	2	0	0	0	9	0	0	0	0	0	5	2	5	6	2	
NDC80	291	0	0	0	0	0	0	0	0	0	0	0	0	0	0	2	0	0	0	9	0	0	0	0	0	5	2	5	6	2	
NDC80	292	0	0	0	0	0	0	0	0	0	0	0	0	0	0	2	0	0	0	9	0	0	0	0	0	5	2	5	6	2	
NDC80	293	0	0	0	0	0	0	0	0	0	2	0	0	0	0	2	0	0	0	12	0	2	0	0	0	15	8	9	6	4	
NDC80	294	0	0	0	0	0	0	0	0	0	2	0	0	0	0	2	0	0	0	12	0	2	0	0	0	15	8	9	6	4	
NDC80	295	0	0	0	0	0	0	0	0	0	2	0	0	0	0	2	0	0	0	12	0	2	0	0	0	15	8	9	6	4	
NDC80	296	0	0	0	0	0	0	0	0	0	2	0	0	0	0	2	0	0	0	12	0	2	0	0	0	15	8	9	6	4	
NDC80	297	0	0	0	0	0	0	0	0	0	2	0	0	0	0	2	0	0	0	12	0	2	0	0	0	15	8	9	6	4	
NDC80	298	0	0	0	0	0	0	0	0	0	2	0	0	0	0	2	0	0	0	12	0	2	0	0	0	15	8	9	6	4	
NDC80	299	0	0	0	0	0	0	0	0	0	2	0	0	0	0	2	0	0	0	12	0	2	0	0	0	15	8	9	6	4	
NDC80	300	0	0	0	0	0	0	0	0	0	2	0	0	0	0	2	0	0	0	12	0	2	0	0	0	15	8	9	6	4	
NDC80	301	0	0	0	0	0	0	0	0	0	2	0	0	0	0	2	0	0	0	12	0	2	0	0	0	15	8	9	6	4	
NDC80	302	0	0	0	0	0	0	0	0	0	2	0	0	0	0	2	0	0	0	12	0	2	0	0	0	15	8	9	6	4	
NDC80	303	0	0	0	0	0	0	0	0	0	2	0	0	0	0	2	0	0	0	12	0	2	0	0	0	15	8	9	6	4	
NDC80	304	0	0	0	0	0	0	0	0	0	2	0	0	0	0	2	0	0	0	12	0	2	0	0	0	15	8	9	6	4	
NDC80	305	0	0	0	0	0	0	0	0	0	2	0	0	0	0	2	0	0	0	12	0	2	0	0	0	15	8	9	6	4	
NDC80	306	0	0	0	0	0	0	0	0	0	0	0	0	0	0	0	0	0	0	0	0	0	0	0	0	0	0	0	0	0	
NDC80	307	0	0	0	0	0	0	0	0	0	0	0	0	0	0	0	0	0	0	0	0	0	0	0	0	0	0	0	0	0	
NDC80	308	0	0	0	0	0	0	0	0	0	0	0	0	0	0	0	0	0	0	0	0	0	0	0	0	0	0	0	0	0	
NDC80	309	0	0	0	0	0	0	0	0	0	0	0	0	0	0	0	0	0	0	0	0	0	0	0	0	0	0	0	0	0	
NDC80	310	0	0	0	0	0	0	0	0	0	0	0	0	0	0	0	0	0	0	0	0	0	0	0	0	0	0	0	0	0	
NDC80	311	0	0	0	0	0	0	0	0	0	0	0	0	0	0	0	0	0	0	10	0	0	0	0	0	35	26	14	28	26	
NDC80	312	0	0	0	0	0	0	0	0	0	0	0	0	0	0	0	0	0	0	10	0	0	0	0	0	35	26	14	28	26	
NDC80	313	0	0	0	0	0	0	0	0	0	0	0	0	0	0	0	0	0	0	10	0	0	0	0	0	35	26	14	28	26	
NDC80	314	0	0	0	0	0	0	0	0	0	0	0	0	0	0	0	0	0	0	10	0	0	0	0	0	35	26	14	28	26	
NDC80	315	0	0	0	0	0	0	0	0	0	0	0	0	0	0	0	0	0	0	10	0	0	0	0	0	35	26	14	28	26	
NDC80	316	0	0	0	0	0	0	0	0	0	0	0	0	0	0	0	0	0	0	10	0	0	0	0	0	35	26	14	28	26	
NDC80	317	0	0	0	0	0	0	0	0	0	0	0	0	0	0	0	0	0	0	10	0	0	0	0	0	35	26	14	28	26	
NDC80	318	0	0	0	0	0	0	0	0	0	0	0	0	0	0	0	0	0	0	10	0	0	0	0	0	35	26	14	28	26	
NDC80	319	0	0	0	0	0	0	0	0	0	0	0	0	0	0	0	0	0	0	10	0	0	0	0	0	35	26	14	28	26	
NDC80	320	0	0	0	0	0	0	0	0	0	0	0	0	0	0	0	0	0	0	10	0	0	0	0	0	35	26	14	28	26	
NDC80	321	0	0	0	0	0	0	0	0	0	0	0	0	0	0	0	0	0	0	10	0	0	0	0	0	35	26	14	28	26	
NDC80	322	0	0	0	0	0	0	0	0	0	0	0	0	0	0	0	0	0	0	10	0	0	0	0	0	35	26	14	28	26	
NDC80	323	0	0	0	0	0	0	0	0	0	0	0	0	0	0	0	0	0	0	10	0	0	0	0	0	35	26	14	28	26	
NDC80	324	0	0	0	0	0	0	0	0	0	0	0	0	0	0	0	0	0	0	10	0	0	0	0	0	35	26	14	28	26	
NDC80	325	0	0	0	0	0	0	0	0	0	0	0	0	0	0	0	0	0	0	10	0	0	0	0	0	35	26	14	28	26	
NDC80	326	0	0	0	0	0	0	0	0	0	0	0	0	0	0	0	0	0	0	10	0	0	0	0	0	35	26	14	28	26	
NDC80	327	0	0	0	0	0	0	0	0	0	0	0	0	0	0	0	0	0	0	10	0	0	0	0	0	35	26	14	28	26	
NDC80	328	0	0	0	0	0	0	0	0	0	0	0	0	0	0	0	0	0	0	10	0	0	0	0	0	35	26	14	28	26	
NDC80	329	0	0	0	0	0	0	0	0	0	0	0	0	0	0	0	0	0	0	10	0	0	0	0	0	35	26	14	28	26	
NDC80	330	0	0	0	0	0	0	0	0	0	0	0	0	0	0	0	0	0	0	10	0	0	0	0	0	35	26	14	28	26	
NDC80	331	0	0	0	0	0	0	0	0	0	0	0	0	0	0	0	0	0	0	10	0	0	0	0	0	35	26	14	28	26	
NDC80	332	0	0	0	0	0	0	0	0	0	0	0	0	0	0	0	0	0	0	10	0	0	0	0	0	35	26	14	28	26	
NDC80	333	0	0	0	0	0	0	0	0	0	0	0	0	0	0	0	0	0	0	5	0	0	0	0	0	0	0	0	0	0	
NDC80	334	0	0	0	0	0	0	0	0	0	0	0	0	0	0	0	0	0	0	5	0	0	0	0	0	0	0	0	0	0	
NDC80	335	0	0	0	0	0	0	0	0	0	0	0	0	0	0	0	0	0	0	5	0	0	0	0	0	0	0	0	0	0	
NDC80	336	0	0	0	0	0	0	0	0	0	0	0	0	0	0	0	0	0	0	5	0	0	0	0	0	0	0	0	0	0	
NDC80	337	0	0	0	0	0	0	0	0	0	0	0	0	0	0	0	0	0	0	5	0	0	0	0	0	0	0	0	0	0	
NDC80	338	0	0	0	0	0	0	0	0	0	0	0	0	0	0	0	0	0	0	5	0	0	0	0	0	0	0	0	0	0	
NDC80	339	0	0	0	0	0	0	0	0	0	0	0	0	0	0	0	0	0	0	0	0	0	0	0	0	0	0	0	0	0	
NDC80	340	0	0	0	0	0	0	0	0	0	0	0	0	0	0	0	0	0	0	0	0	0	0	0	0	0	0	0	0	0	
NDC80	341	0	0	0	0	0	0	0	0	0	0	0	0	0	0	0	0	0	0	0	0	0	0	0	0	0	0	0	0	0	
NDC80	342	0	0	0	0	0	0	0	0	0	0	0	0	0	0	0	0	0	0	0	0	0	0	0	0	0	0	0	0	0	
NDC80	343	0	0	0	0	0	0	0	0	0	0	0	0	0	0	0	0	0	0	0	0	0	0	0	0	0	0	0	0	0	
NDC80	344	0	0	0	0	0	0	0	0	0	0	0	0	0	0	0	0	0	0	0	0	0	0	0	0	0	0	0	0	0	
NDC80	345	0	0	0	0	0	0	0	0	0	0	0	0	0	0	0	0	0	0	0	0	0	0	0	0	0	0	0	0	0	
NDC80	346	0	0	0	0	0	0	0	0	0	0	0	0	0	0	0	0	0	0	0	0	0	0	0	0	0	0	0	0	0	
NDC80	347	0	0	0	0	0	0	0	0	0	0	0	0	0	0	0	0	0	0	0	0	0	0	0	0	0	0	0	0	0	
NDC80	348	0	0	0	0	0	0	0	0	0	0	0	0	0	0	0	0	0	0	0	0	0	0	0	0	0	0	0	0	0	
NDC80	349	0	0	0	0	0	0	0	0	0	0	0	0	0	0	0	0	0	0	0	0	0	0	0	0	0	0	0	0	0	
NDC80	350	0	0	0	0	0	0	0	0	0	0	0	0	0	0	0	0	0	0	0	0	0	0	0	0	0	0	0	0	0	
NDC80	351	0	0	0	0	0	0	0	0	0	0	0	0	0	0	0	0	0	0	0	0	0	0	0	0	0	0	0	0	0	
NDC80	352	0	0	0	0	0	0	0	0	0	0	3	2	3	2	6	0	0	0	7	0	5	0	0	0	0	0	0	0	0	
NDC80	353	0	0	0	0	0	0	0	0	0	0	3	2	3	2	6	0	0	0	7	0	5	0	0	0	0	0	0	0	0	
NDC80	354	0	0	0	0	0	0	0	0	0	0	3	2	3	2	6	0	0	0	7	0	5	0	0	0	0	0	0	0	0	
NDC80	355	0	0	0	0	0	0	0	0	0	0	8	2	9	4	16	0	0	3	18	2	10	0	0	0	8	9	10	6	2	
NDC80	356	0	0	0	0	0	0	0	0	0	0	8	2	9	4	16	0	0	3	18	2	10	0	0	0	8	9	10	6	2	
NDC80	357	0	0	0	0	0	0	0	0	0	0	8	2	9	4	16	0	0	3	18	2	10	0	0	0	8	9	10	6	2	
NDC80	358	0	0	0	0	0	0	0	0	0	0	8	2	9	4	16	0	0	3	18	2	10	0	0	0	8	9	10	6	2	
NDC80	359	0	0	0	0	0	0	0	0	0	0	8	2	9	4	16	0	0	3	18	2	10	0	0	0	8	9	10	6	2	
NDC80	360	0	0	0	0	0	0	0	0	0	0	8	2	9	4	16	0	0	3	20	2	10	0	0	0	11	11	10	6	2	
NDC80	361	0	0	0	0	0	0	0	0	0	0	8	2	9	4	16	0	0	3	20	2	10	0	0	0	11	11	10	6	2	
NDC80	362	0	0	0	0	0	0	0	0	0	0	8	2	9	4	16	0	0	3	20	2	10	0	0	0	11	11	10	6	2	
NDC80	363	0	0	0	0	0	0	0	0	0	0	8	2	9	4	16	0	0	3	20	2	10	0	0	0	11	11	10	6	2	
NDC80	364	0	0	0	0	0	0	0	0	0	0	8	2	9	4	16	0	0	3	20	2	10	0	0	0	11	11	10	6	2	
NDC80	365	0	0	0	0	0	0	0	0	0	0	8	2	9	4	16	0	0	3	20	2	10	0	0	0	11	11	10	6	2	
NDC80	366	0	0	0	0	0	0	0	0	0	0	8	2	9	4	16	0	0	3	20	2	10	0	0	0	11	11	10	6	2	
NDC80	367	0	0	0	0	0	0	0	0	0	0	8	2	9	4	16	0	0	3	20	2	10	0	0	0	11	11	10	6	2	
NDC80	368	0	0	0	0	0	0	0	0	0	0	8	2	9	4	16	0	0	3	20	2	10	0	0	0	11	11	10	6	2	
NDC80	369	0	0	0	0	0	0	0	0	0	0	0	0	0	0	0	0	0	0	2	0	0	0	0	0	0	0	0	0	0	
NDC80	370	0	0	0	0	0	0	0	0	0	0	0	0	0	0	0	0	0	0	2	0	0	0	0	0	0	0	0	0	0	
NDC80	371	0	0	0	0	0	0	2	2	0	5	6	3	5	5	6	0	0	4	5	2	3	0	0	0	6	7	5	5	2	
NDC80	372	0	0	0	0	0	0	2	2	0	5	6	3	5	5	6	0	0	4	5	2	3	0	0	0	6	7	5	5	2	
NDC80	373	0	0	0	0	0	0	2	2	0	5	6	3	5	5	6	0	0	4	5	2	3	0	0	0	6	7	5	5	2	
NDC80	374	0	0	0	0	0	0	2	2	0	5	6	3	5	5	6	0	0	4	5	2	3	0	0	0	6	7	5	5	2	
NDC80	375	0	0	0	0	0	0	2	2	0	5	6	3	5	5	6	0	0	4	5	2	3	0	0	0	6	7	5	5	2	
NDC80	376	0	0	0	0	0	0	2	2	0	5	6	3	5	5	6	0	0	4	5	2	3	0	0	0	6	7	5	5	2	
NDC80	377	0	0	0	0	0	0	2	2	0	5	6	3	5	5	6	0	0	4	5	2	3	0	0	0	6	7	5	5	2	
NDC80	378	0	0	0	0	0	0	2	2	0	3	4	3	5	5	6	0	0	4	5	2	3	0	0	0	6	5	5	5	2	
NDC80	379	0	0	0	0	0	0	2	2	0	3	4	3	5	5	6	0	0	4	5	2	3	0	0	0	6	5	5	5	2	
NDC80	380	0	0	0	0	0	0	2	2	0	3	4	3	5	5	6	0	0	4	5	2	3	0	0	0	6	5	5	5	2	
NDC80	381	0	0	0	0	0	0	0	0	0	4	5	4	4	3	8	0	0	4	3	0	2	0	0	0	12	9	13	12	2	
NDC80	382	0	0	0	0	0	0	0	0	0	4	5	4	4	3	8	0	0	4	3	0	2	0	0	0	12	9	13	12	2	
NDC80	383	0	0	0	0	0	0	0	0	0	4	7	4	9	5	18	0	0	6	6	0	2	0	0	0	17	20	18	17	4	
NDC80	384	0	0	0	0	0	0	0	0	0	4	7	4	9	5	18	0	0	6	6	0	2	0	0	0	17	20	18	17	4	
NDC80	385	0	0	0	0	0	0	0	0	0	4	7	4	9	5	18	0	0	6	6	0	2	0	0	0	17	20	18	17	4	
NDC80	386	0	0	0	0	0	0	0	0	0	4	7	4	9	5	18	0	0	6	6	0	2	0	0	0	17	20	18	17	4	
NDC80	387	0	0	0	0	0	0	0	0	0	4	7	4	9	5	18	0	0	6	6	0	2	0	0	0	17	20	18	17	4	
NDC80	388	0	0	0	0	0	0	0	0	0	4	7	4	9	5	18	0	0	6	6	0	2	0	0	0	17	20	18	17	4	
NDC80	389	0	0	0	0	0	0	0	0	0	4	7	4	9	5	18	0	0	6	6	0	2	0	0	0	17	20	18	17	4	
NDC80	390	0	0	0	0	0	0	0	0	0	4	7	4	9	5	18	0	0	6	6	0	2	0	0	0	17	20	18	17	4	
NDC80	391	0	0	0	0	0	0	0	0	0	4	7	4	9	5	18	0	0	6	6	0	2	0	0	0	17	20	18	17	4	
NDC80	392	0	0	0	0	0	0	0	0	0	4	7	4	9	5	18	0	0	6	6	0	2	0	0	0	17	20	18	17	4	
NDC80	393	0	0	0	0	0	0	0	0	0	4	7	4	9	5	18	0	0	6	6	0	2	0	0	0	17	20	18	17	4	
NDC80	394	0	0	0	0	0	0	0	4	0	4	4	4	8	6	13	0	0	7	16	0	6	0	0	0	12	6	6	14	7	
NDC80	395	0	0	0	0	0	0	0	4	0	4	4	4	8	6	13	0	0	7	16	0	6	0	0	0	12	6	6	14	7	
NDC80	396	0	0	0	0	0	0	0	4	0	4	4	4	8	6	13	0	0	7	16	0	6	0	0	0	12	6	6	14	7	
NDC80	397	0	0	0	0	0	0	0	4	0	4	4	4	8	6	13	0	0	7	16	0	6	0	0	0	12	6	6	14	7	
NDC80	398	0	0	0	0	0	0	0	4	0	4	4	4	8	6	13	0	0	7	16	0	6	0	0	0	12	6	6	14	7	
NDC80	399	0	0	0	0	0	0	0	4	0	4	4	4	8	6	13	0	0	7	16	0	6	0	0	0	12	6	6	14	7	
NDC80	400	0	0	0	0	0	0	0	4	0	4	4	4	8	6	13	0	0	7	16	0	6	0	0	0	12	6	6	14	7	
NDC80	401	0	0	0	0	0	0	0	4	0	4	4	4	8	6	13	0	0	7	16	0	6	0	0	0	12	6	6	14	7	
NDC80	402	0	0	0	0	0	0	0	4	0	4	4	4	8	6	13	0	0	7	16	0	6	0	0	0	12	6	6	14	7	
NDC80	403	0	0	0	0	0	0	0	4	0	4	4	4	8	6	13	0	0	7	16	0	6	0	0	0	12	6	6	14	7	
NDC80	404	0	0	0	0	0	0	0	4	0	4	4	4	8	6	13	0	0	7	16	0	6	0	0	0	12	6	6	14	7	
NDC80	405	0	0	0	0	0	0	0	2	0	2	2	2	2	2	2	0	0	3	0	0	0	0	0	0	0	0	0	0	0	
NDC80	406	0	0	0	0	0	0	0	2	0	2	2	2	2	2	2	0	0	3	0	0	0	0	0	0	0	0	0	0	0	
NDC80	407	0	0	0	0	0	0	0	2	0	2	2	2	2	2	2	0	0	3	0	0	0	0	0	0	0	0	0	0	0	
NDC80	408	0	0	0	0	0	0	2	4	0	6	7	6	9	5	9	0	0	7	6	0	6	0	0	0	0	0	0	0	0	
NDC80	409	0	0	0	0	0	0	6	5	2	8	11	7	10	6	10	0	2	9	12	2	8	0	0	0	6	4	4	4	2	
NDC80	410	0	0	0	0	0	0	14	12	9	15	20	17	22	16	23	4	7	22	27	11	14	0	2	4	13	16	9	10	6	
NDC80	411	0	0	0	0	0	0	14	12	9	15	20	17	22	16	23	4	7	22	27	11	14	0	2	4	13	16	9	10	6	
NDC80	412	0	0	0	0	0	0	14	12	9	15	20	17	22	16	23	4	7	22	27	11	14	0	2	4	13	16	9	10	6	
NDC80	413	0	0	0	0	0	0	14	12	9	15	20	17	22	16	23	4	7	22	27	11	14	0	2	4	13	16	9	10	6	
NDC80	414	0	0	0	0	0	0	14	12	9	15	20	17	22	16	23	4	7	22	27	11	14	0	2	4	13	16	9	10	6	
NDC80	415	0	0	0	0	0	0	14	12	9	15	20	17	22	16	23	4	7	22	27	11	14	0	2	4	13	16	9	10	6	
NDC80	416	0	0	0	0	0	0	14	12	9	15	20	17	22	16	23	4	7	22	27	11	14	0	2	4	13	16	9	10	6	
NDC80	417	0	0	0	0	0	0	14	12	9	15	20	17	22	16	23	4	7	22	27	11	14	0	2	4	13	16	9	10	6	
NDC80	418	0	0	0	0	0	0	14	12	9	15	20	17	22	16	23	4	7	22	27	11	14	0	2	4	13	16	9	10	6	
NDC80	419	0	0	0	0	0	0	14	12	9	15	20	17	22	16	23	4	7	22	27	11	14	0	2	4	13	16	9	10	6	
NDC80	420	0	0	0	0	0	0	14	12	9	15	20	17	22	16	23	4	7	22	27	11	14	0	2	4	13	16	9	10	6	
NDC80	421	0	0	0	0	0	0	14	12	9	15	20	17	22	16	23	4	7	22	27	11	14	0	2	4	13	16	9	10	6	
NDC80	422	0	0	0	0	0	0	14	12	9	15	20	17	22	16	23	4	7	22	27	11	14	0	2	4	13	16	9	10	6	
NDC80	423	0	0	0	0	0	0	14	12	9	15	20	17	22	16	23	4	7	22	27	11	14	0	2	4	13	16	9	10	6	
NDC80	424	0	0	0	0	0	0	4	2	4	2	5	3	4	4	2	4	3	2	2	2	0	0	0	0	0	0	0	0	0	
NDC80	425	0	0	0	0	0	0	4	2	4	2	5	3	4	4	2	4	3	2	2	2	0	0	0	0	0	0	0	0	0	
NDC80	426	0	0	0	0	0	0	2	2	0	0	0	0	0	2	0	2	0	0	0	0	0	0	0	0	0	0	0	0	0	
NDC80	427	0	0	0	0	0	0	2	2	0	0	0	0	0	2	0	2	0	0	0	0	0	0	0	0	0	0	0	0	0	
NDC80	428	0	0	0	0	0	0	2	2	0	0	0	0	0	2	0	2	0	0	0	0	0	0	0	0	0	0	0	0	0	
NDC80	429	0	0	0	0	0	0	16	12	7	21	39	10	44	35	57	7	6	18	44	11	13	0	0	0	8	7	6	7	4	
NDC80	430	0	0	0	0	0	0	16	12	7	21	39	10	44	35	57	7	6	18	44	11	13	0	0	0	8	7	6	7	4	
NDC80	431	0	0	0	0	0	0	16	12	7	21	39	10	44	35	57	7	6	18	44	11	13	0	0	0	8	7	6	7	4	
NDC80	432	0	0	0	0	0	0	16	12	7	21	39	10	44	35	57	7	6	18	44	11	13	0	0	0	8	7	6	7	4	
NDC80	433	0	0	0	0	0	0	18	12	7	24	45	14	50	42	69	9	6	20	49	11	15	0	0	0	8	7	6	7	4	
NDC80	434	0	0	0	0	0	0	18	12	7	24	45	14	50	42	69	9	6	20	49	11	15	0	0	0	8	7	6	7	4	
NDC80	435	0	0	0	0	0	0	18	12	7	24	45	14	50	42	69	9	6	20	49	11	15	0	0	0	8	7	6	7	4	
NDC80	436	0	0	0	0	0	0	18	12	7	24	45	14	50	42	69	9	6	20	49	11	15	0	0	0	8	7	6	7	4	
NDC80	437	0	0	0	0	0	0	18	12	7	24	45	14	50	42	69	9	6	20	49	11	15	0	0	0	8	7	6	7	4	
NDC80	438	0	0	0	0	0	0	18	12	7	24	45	14	50	42	69	9	6	20	49	11	15	0	0	0	8	7	6	7	4	
NDC80	439	0	0	0	0	0	0	18	12	7	24	45	14	50	42	69	9	6	20	49	11	15	0	0	0	8	7	6	7	4	
NDC80	440	0	0	0	0	0	0	16	12	7	22	40	12	46	39	57	7	6	20	42	11	11	0	0	0	2	2	2	4	2	
NDC80	441	0	0	0	0	0	0	16	12	7	22	40	12	46	39	57	7	6	20	42	11	11	0	0	0	2	2	2	4	2	
NDC80	442	0	0	0	0	0	0	16	12	7	22	40	12	46	39	57	7	6	20	42	11	11	0	0	0	2	2	2	4	2	
NDC80	443	0	0	0	0	0	0	16	12	7	22	40	12	46	39	57	7	6	20	42	11	11	0	0	0	2	2	2	4	2	
NDC80	444	0	0	0	0	0	0	16	12	7	22	40	12	46	39	57	7	6	20	42	11	11	0	0	0	2	2	2	4	2	
NDC80	445	0	0	0	0	0	0	16	12	7	22	40	12	46	39	57	7	6	20	42	11	11	0	0	0	2	2	2	4	2	
NDC80	446	0	0	0	0	0	0	2	0	0	0	2	0	2	3	2	2	0	0	0	0	0	0	0	0	0	0	0	0	0	
NDC80	447	0	0	0	0	0	0	2	0	0	0	2	0	2	3	2	2	0	0	0	0	0	0	0	0	0	0	0	0	0	
NDC80	448	0	0	0	0	0	0	0	0	0	0	0	0	2	0	4	0	0	0	3	0	0	0	0	0	4	2	3	3	3	
NDC80	449	0	0	0	0	0	0	0	0	0	0	0	0	2	0	4	0	0	0	3	0	0	0	0	0	6	4	3	3	3	
NDC80	450	0	0	0	0	0	0	0	0	0	0	0	0	2	0	4	0	0	0	3	0	0	0	0	0	6	4	3	3	3	
NDC80	451	0	0	0	0	0	0	0	0	0	0	0	0	2	0	4	0	0	0	3	0	0	0	0	0	6	4	3	3	3	
NDC80	452	0	0	0	0	0	0	0	0	0	0	0	0	2	0	4	0	0	0	3	0	0	0	0	0	6	4	3	3	3	
NDC80	453	0	0	0	0	0	0	0	0	0	0	0	0	2	0	4	0	0	0	3	0	0	0	0	0	6	4	3	3	3	
NDC80	454	0	0	0	0	0	0	0	0	0	0	0	0	2	0	4	0	0	0	3	0	0	0	0	0	6	4	3	3	3	
NDC80	455	0	0	0	0	0	0	0	0	0	0	0	0	2	0	4	0	0	0	3	0	0	0	0	0	6	4	3	3	3	
NDC80	456	0	0	0	0	0	0	0	0	0	0	0	0	2	0	4	0	0	0	3	0	0	0	0	0	6	4	3	3	3	
NDC80	457	0	0	0	0	0	0	0	0	0	0	0	0	0	0	2	0	0	0	3	0	5	0	0	0	4	7	3	2	0	
NDC80	458	0	0	0	0	0	0	0	0	0	0	0	0	0	0	2	0	0	0	3	0	5	0	0	0	4	7	3	2	0	
NDC80	459	0	0	0	0	0	0	0	0	0	0	0	0	0	0	2	0	0	0	3	0	5	0	0	0	4	7	3	2	0	
NDC80	460	0	0	0	0	0	0	0	0	0	0	0	0	0	0	2	0	0	0	3	0	5	0	0	0	4	7	3	2	0	
NDC80	461	0	0	0	0	0	0	0	0	0	0	0	0	0	0	2	0	0	0	3	0	5	0	0	0	4	7	3	2	0	
NDC80	462	0	0	0	0	0	0	0	0	0	0	0	0	0	0	2	0	0	0	3	0	5	0	0	0	4	7	3	2	0	
NDC80	463	0	0	0	0	0	0	0	0	0	0	0	0	0	0	2	0	0	0	3	0	5	0	0	0	4	7	3	2	0	
NDC80	464	0	0	0	0	0	0	0	0	0	0	0	0	0	0	2	0	0	0	3	0	5	0	0	0	4	0	0	2	0	
NDC80	465	0	0	0	0	0	0	0	0	0	0	0	0	0	0	2	0	0	0	3	0	5	0	0	0	4	0	0	2	0	
NDC80	466	0	0	0	0	0	0	0	0	0	0	0	0	0	0	2	0	0	0	3	0	5	0	0	0	4	0	0	2	0	
NDC80	467	0	0	0	0	0	0	0	0	0	0	0	0	0	0	2	0	0	0	3	0	5	0	0	0	4	0	0	2	0	
NDC80	468	0	0	0	0	0	0	0	0	0	0	0	0	0	0	2	0	0	0	3	0	5	0	0	0	4	0	0	2	0	
NDC80	469	0	0	0	0	0	0	0	0	0	0	0	0	0	0	2	0	0	0	3	0	5	0	0	0	4	0	0	2	0	
NDC80	470	0	0	0	0	0	0	0	0	0	0	0	0	0	0	2	0	0	0	3	0	5	0	0	0	4	0	0	2	0	
NDC80	471	0	0	0	0	0	0	0	0	0	0	0	0	0	0	2	0	0	0	3	0	5	0	0	0	4	0	0	2	0	
NDC80	472	0	0	0	0	0	0	0	0	0	0	0	0	0	0	2	0	0	0	3	0	5	0	0	0	4	0	0	2	0	
NDC80	473	0	0	0	0	0	0	0	0	0	0	0	0	0	0	2	0	0	0	3	0	5	0	0	0	4	0	0	2	0	
NDC80	474	0	0	0	0	0	0	0	0	0	0	0	0	0	0	2	0	0	0	3	0	5	0	0	0	4	0	0	2	0	
NDC80	475	0	0	0	0	0	0	3	3	2	2	5	2	7	3	10	3	0	4	3	0	3	0	0	0	0	0	0	0	0	
NDC80	476	0	0	0	0	0	0	3	3	2	2	5	2	7	3	10	3	0	4	3	0	3	0	0	0	0	0	0	0	0	
NDC80	477	0	0	0	0	0	0	6	8	4	7	14	5	15	9	22	6	0	10	16	3	8	0	0	0	16	15	7	20	11	
NDC80	478	0	0	0	0	0	0	6	8	4	7	14	5	15	9	22	6	0	10	16	3	8	0	0	0	16	15	7	20	11	
NDC80	479	0	0	0	0	0	0	6	8	4	7	14	5	15	9	22	6	0	10	16	3	8	0	0	0	16	15	7	20	11	
NDC80	480	0	0	0	0	0	0	6	8	4	7	14	5	15	9	22	6	0	10	16	3	8	0	0	0	16	15	7	20	11	
NDC80	481	0	0	0	0	0	0	6	8	4	7	14	5	15	9	22	6	0	10	16	3	8	0	0	0	16	15	7	20	11	
NDC80	482	0	0	0	0	0	0	6	8	4	7	14	5	15	9	22	6	0	10	16	3	8	0	0	0	16	15	7	20	11	
NDC80	483	0	0	0	0	0	0	6	8	4	7	14	5	15	9	22	6	0	10	16	3	8	0	0	0	16	15	7	20	11	
NDC80	484	0	0	0	0	0	0	6	8	4	7	14	5	15	9	22	6	0	10	16	3	8	0	0	0	16	15	7	20	11	
NDC80	485	0	0	0	0	0	0	6	8	4	7	14	5	15	9	22	6	0	10	16	3	8	0	0	0	16	15	7	20	11	
NDC80	486	0	0	0	0	0	0	6	8	4	7	14	5	15	9	22	6	0	10	16	3	8	0	0	0	16	15	7	20	11	
NDC80	487	0	0	0	0	0	0	6	8	4	7	14	5	15	9	22	6	0	10	16	3	8	0	0	0	16	15	7	20	11	
NDC80	488	0	0	0	0	0	0	6	8	4	7	14	5	15	9	22	6	0	10	16	3	8	0	0	0	16	15	7	20	11	
NDC80	489	0	0	0	0	0	0	6	8	4	7	14	5	15	9	22	6	0	10	16	3	8	0	0	0	16	15	7	20	11	
NDC80	490	0	0	0	0	0	0	0	0	0	4	2	2	2	0	5	0	0	2	37	0	12	0	0	0	5	6	5	4	2	
NDC80	491	0	0	0	0	0	0	0	0	0	4	2	2	2	0	5	0	0	2	37	0	12	0	0	0	5	6	5	4	2	
NDC80	492	0	0	0	0	0	0	0	0	0	4	2	2	2	0	5	0	0	2	37	0	12	0	0	0	5	6	5	4	2	
NDC80	493	0	0	0	0	0	0	0	0	0	4	2	2	2	0	5	0	0	2	37	0	12	0	0	0	5	6	5	4	2	
NDC80	494	0	0	0	0	0	0	0	0	0	4	2	2	2	0	5	0	0	2	37	0	12	0	0	0	5	6	5	4	2	
NDC80	495	0	0	0	0	0	0	0	0	0	4	2	2	2	0	5	0	0	2	37	0	12	0	0	0	5	6	5	4	2	
NDC80	496	0	0	0	0	0	0	0	0	0	4	2	2	2	0	5	0	0	2	37	0	12	0	0	0	5	6	5	4	2	
NDC80	497	0	0	0	0	0	0	0	0	0	4	2	2	2	0	5	0	0	2	37	0	12	0	0	0	5	6	5	4	2	
NDC80	498	0	0	0	0	0	0	0	0	0	4	2	2	2	0	5	0	0	2	37	0	12	0	0	0	5	6	5	4	2	
NDC80	499	0	0	0	0	0	0	0	0	0	4	2	2	2	0	5	0	0	2	37	0	12	0	0	0	5	6	5	4	2	
NDC80	500	0	0	0	0	0	0	0	0	0	2	0	0	2	0	11	0	0	2	48	0	15	0	0	0	19	18	32	18	10	
NDC80	501	0	0	0	0	0	0	0	0	0	2	0	0	2	0	11	0	0	2	48	0	15	0	0	0	19	18	32	18	10	
NDC80	502	0	0	0	0	0	0	0	0	0	2	0	0	2	0	11	0	0	2	48	0	15	0	0	0	19	18	32	18	10	
NDC80	503	0	0	0	0	0	0	0	0	0	2	0	0	2	0	11	0	0	2	48	0	15	0	0	0	19	18	32	18	10	
NDC80	504	0	0	0	0	0	0	0	0	0	2	0	0	2	0	11	0	0	2	48	0	15	0	0	0	19	18	32	18	10	
NDC80	505	0	0	0	0	0	0	0	0	0	2	0	0	2	0	11	0	0	2	48	0	15	0	0	0	19	18	32	18	10	
NDC80	506	0	0	0	0	0	0	0	0	0	2	0	0	2	0	11	0	0	2	48	0	15	0	0	0	19	18	32	18	10	
NDC80	507	0	0	0	0	0	0	0	0	0	2	0	0	2	0	11	0	0	2	48	0	15	0	0	0	19	18	32	18	10	
NDC80	508	0	0	0	0	0	0	0	0	0	2	0	0	2	0	11	0	0	2	48	0	15	0	0	0	19	18	32	18	10	
NDC80	509	0	0	0	0	0	0	0	0	0	2	0	0	2	0	11	0	0	2	48	0	15	0	0	0	19	18	32	18	10	
NDC80	510	0	0	0	0	0	0	0	0	0	2	0	0	2	0	11	0	0	2	48	0	15	0	0	0	19	18	32	18	10	
NDC80	511	0	0	0	0	0	0	0	0	0	2	0	0	2	0	11	0	0	2	48	0	15	0	0	0	19	18	32	18	10	
NDC80	512	0	0	0	0	0	0	0	0	0	2	0	0	2	0	11	0	0	2	48	0	15	0	0	0	19	18	32	18	10	
NDC80	513	0	0	0	0	0	0	0	0	0	2	0	0	2	0	11	0	0	2	48	0	15	0	0	0	19	18	32	18	10	
NDC80	514	0	0	0	0	0	0	0	0	0	0	0	0	2	0	4	0	0	0	4	0	2	0	0	0	0	5	2	3	0	
NDC80	515	0	0	0	0	0	0	0	0	0	0	0	0	2	0	4	0	0	0	4	0	2	0	0	0	0	5	2	3	0	
NDC80	516	0	0	0	0	0	0	0	0	0	0	0	0	2	0	4	0	0	0	4	0	2	0	0	0	0	5	2	3	0	
NDC80	517	0	0	0	0	0	0	0	0	0	0	0	0	2	0	4	0	0	0	4	0	2	0	0	0	0	5	2	3	0	
NDC80	518	0	0	0	0	0	0	0	0	0	0	0	0	2	0	4	0	0	0	4	0	2	0	0	0	0	5	2	3	0	
NDC80	519	0	0	0	0	0	0	0	0	0	0	0	0	2	0	4	0	0	0	4	0	2	0	0	0	0	5	2	3	0	
NDC80	520	0	0	0	0	0	0	0	0	0	0	0	0	2	0	4	0	0	0	4	0	2	0	0	0	0	5	2	3	0	
NDC80	521	0	0	0	0	0	0	0	0	0	0	0	0	2	0	4	0	0	0	4	0	2	0	0	0	0	5	2	3	0	
NDC80	522	0	0	0	0	0	0	0	0	0	0	0	0	2	0	4	0	0	0	4	0	2	0	0	0	0	5	2	3	0	
NDC80	523	0	0	0	0	0	0	0	0	0	2	2	0	2	0	4	0	0	0	2	0	0	0	0	0	0	3	2	0	0	
NDC80	524	0	0	0	0	0	0	2	4	0	7	9	5	13	5	16	0	0	3	5	4	3	0	0	0	0	0	0	0	0	
NDC80	525	0	0	0	0	0	0	2	4	0	7	9	5	13	5	16	0	0	3	5	4	3	0	0	0	0	0	0	0	0	
NDC80	526	0	0	0	0	0	0	2	4	0	7	9	5	13	5	16	0	0	3	5	4	3	0	0	0	0	0	0	0	0	
NDC80	527	0	0	0	0	0	0	2	4	0	7	9	5	13	5	16	0	0	3	5	4	3	0	0	0	0	0	0	0	0	
NDC80	528	0	0	0	0	0	0	2	4	0	7	11	7	13	5	16	0	0	3	8	4	5	0	0	0	5	3	3	2	4	
NDC80	529	0	0	0	0	0	0	2	4	0	7	11	7	13	5	16	0	0	3	8	4	5	0	0	0	5	3	3	2	4	
NDC80	530	0	0	0	0	0	0	2	4	0	7	11	7	13	5	16	0	0	3	8	4	5	0	0	0	5	3	3	2	4	
NDC80	531	0	0	0	0	0	0	2	4	0	7	11	7	13	5	16	0	0	3	8	4	5	0	0	0	5	3	3	2	4	
NDC80	532	0	0	0	0	0	0	2	4	0	7	11	7	13	5	16	0	0	3	8	4	5	0	0	0	5	3	3	2	4	
NDC80	533	0	0	0	0	0	0	2	4	0	7	11	7	13	5	16	0	0	3	8	4	5	0	0	0	5	3	3	2	4	
NDC80	534	0	0	0	0	0	0	2	4	0	7	11	7	13	5	16	0	0	3	8	4	5	0	0	0	5	3	3	2	4	
NDC80	535	0	0	0	0	0	0	2	4	0	7	11	7	13	5	16	0	0	3	8	4	5	0	0	0	5	3	3	2	4	
NDC80	536	0	0	0	0	0	0	6	0	0	4	7	3	7	4	8	0	0	3	7	0	4	0	0	0	0	0	0	0	0	
NDC80	537	0	0	0	0	0	0	6	0	0	4	7	3	7	4	8	0	0	3	7	0	4	0	0	0	0	0	0	0	0	
NDC80	538	0	0	0	0	0	0	10	5	4	17	27	11	23	18	29	2	3	9	19	3	8	2	0	0	6	2	3	5	0	
NDC80	539	0	0	0	0	0	0	10	5	4	17	27	11	23	18	29	2	3	9	19	3	8	2	0	0	6	2	3	5	0	
NDC80	540	0	0	0	0	0	0	10	5	4	17	27	11	23	18	29	2	3	9	19	3	8	2	0	0	6	2	3	5	0	
NDC80	541	0	0	0	0	0	0	10	5	4	17	27	11	23	18	29	2	3	9	19	3	8	2	0	0	6	2	3	5	0	
NDC80	542	0	0	0	0	0	0	12	7	4	19	29	11	29	21	32	4	3	11	19	3	8	2	0	0	6	2	3	5	0	
NDC80	543	0	0	0	0	0	0	12	7	4	19	29	11	29	21	32	4	3	11	19	3	8	2	0	0	6	2	3	5	0	
NDC80	544	0	0	0	0	0	0	12	7	4	19	29	11	29	21	32	4	3	11	19	3	8	2	0	0	6	2	3	5	0	
NDC80	545	0	0	0	0	0	0	12	7	4	19	29	11	29	21	32	4	3	11	19	3	8	2	0	0	6	2	3	5	0	
NDC80	546	0	0	0	0	0	0	12	7	4	19	29	11	29	21	32	4	3	11	19	3	8	2	0	0	6	2	3	5	0	
NDC80	547	0	0	0	0	0	0	12	7	4	19	29	11	29	21	32	4	3	11	19	3	8	2	0	0	6	2	3	5	0	
NDC80	548	0	0	0	0	0	0	12	7	4	19	29	11	29	21	32	4	3	11	19	3	8	2	0	0	6	2	3	5	0	
NDC80	549	0	0	0	0	0	0	6	7	4	12	17	4	15	17	16	4	3	8	3	3	0	2	0	0	0	0	0	0	0	
NDC80	550	0	0	0	0	0	0	6	7	4	12	17	4	15	17	16	4	3	8	3	3	0	2	0	0	0	0	0	0	0	
NDC80	551	0	0	0	0	0	0	6	7	4	12	17	4	15	17	16	4	3	8	3	3	0	2	0	0	0	0	0	0	0	
NDC80	552	0	0	0	0	0	0	2	2	2	2	2	0	2	4	2	2	0	2	0	2	0	0	0	0	0	3	0	3	4	
NDC80	553	0	0	0	0	0	0	2	2	2	2	2	0	2	4	2	2	0	2	0	2	0	0	0	0	0	3	0	3	4	
NDC80	554	0	0	0	0	0	0	2	2	2	2	2	0	2	4	2	2	0	2	0	2	0	0	0	0	0	3	0	3	4	
NDC80	555	0	0	0	0	0	0	2	4	4	4	2	0	4	6	4	4	2	5	0	2	0	0	0	0	0	3	0	3	4	
NDC80	556	0	0	0	0	0	0	2	4	4	4	2	0	4	6	4	4	2	5	0	2	0	0	0	0	0	3	0	3	4	
NDC80	557	0	0	0	0	0	0	2	4	4	4	2	0	4	6	4	4	2	5	0	2	0	0	0	0	0	3	0	3	4	
NDC80	558	0	0	0	0	0	0	2	4	4	4	2	0	4	6	4	4	2	5	0	2	0	0	0	0	0	3	0	3	4	
NDC80	559	0	0	0	0	0	0	2	4	4	4	2	0	4	6	4	4	2	5	0	2	0	0	0	0	0	3	0	3	4	
NDC80	560	0	0	0	0	0	0	2	4	4	4	2	0	4	6	4	4	2	5	0	2	0	0	0	0	0	3	0	3	4	
NDC80	561	0	0	0	0	0	0	4	4	4	4	2	0	7	4	16	4	2	7	122	2	10	0	0	0	5	4	4	4	0	
NDC80	562	0	0	0	0	0	0	4	4	4	4	2	0	7	4	16	4	2	7	122	2	10	0	0	0	5	4	4	4	0	
NDC80	563	0	0	0	0	0	0	4	4	4	4	2	0	7	4	16	4	2	7	122	2	10	0	0	0	5	4	4	4	0	
NDC80	564	0	0	0	0	0	0	4	4	4	4	2	0	7	4	16	4	2	7	122	2	10	0	0	0	5	4	4	4	0	
NDC80	565	0	0	0	0	0	0	4	4	4	4	2	0	7	4	16	4	2	7	122	2	10	0	0	0	5	4	4	4	0	
NDC80	566	0	0	0	0	0	0	4	4	4	4	2	0	7	4	16	4	2	7	122	2	10	0	0	0	5	4	4	4	0	
NDC80	567	0	0	0	0	0	0	4	0	0	2	2	0	6	0	20	0	0	11	159	0	17	0	0	0	9	9	8	8	2	
NDC80	568	0	0	0	0	0	0	4	0	0	2	2	0	6	0	20	0	0	11	159	0	17	0	0	0	9	9	8	8	2	
NDC80	569	0	0	0	0	0	0	4	0	0	2	2	0	6	0	20	0	0	11	159	0	17	0	0	0	9	9	8	8	2	
NDC80	570	0	0	0	0	0	0	4	0	0	2	2	0	6	0	20	0	0	11	159	0	17	0	0	0	9	9	8	8	2	
NDC80	571	0	0	0	0	0	0	4	0	0	2	2	0	6	0	20	0	0	11	159	0	17	0	0	0	9	9	8	8	2	
NDC80	572	0	0	0	0	0	0	4	0	0	2	2	0	6	0	20	0	0	11	159	0	17	0	0	0	9	9	8	8	2	
NDC80	573	0	0	0	0	0	0	4	0	0	2	2	0	6	0	20	0	0	11	159	0	17	0	0	0	9	9	8	8	2	
NDC80	574	0	0	0	0	0	0	4	0	0	2	2	0	6	0	20	0	0	11	159	0	17	0	0	0	9	9	8	8	2	
NDC80	575	0	0	0	0	0	0	4	0	0	2	2	0	6	0	20	0	0	11	159	0	17	0	0	0	9	9	8	8	2	
NDC80	576	0	0	0	0	0	0	4	0	0	2	2	0	6	0	20	0	0	11	159	0	17	0	0	0	9	9	8	8	2	
NDC80	577	0	0	0	0	0	0	4	0	0	2	2	0	6	0	20	0	0	11	159	0	17	0	0	0	9	9	8	8	2	
NDC80	578	0	0	0	0	0	0	4	2	2	3	6	3	10	4	21	0	0	8	102	2	15	0	0	0	4	3	2	2	0	
NDC80	579	0	0	0	0	0	0	4	2	2	3	6	3	10	4	21	0	0	8	102	2	15	0	0	0	4	3	2	2	0	
NDC80	580	0	0	0	0	0	0	4	2	2	3	6	3	10	4	21	0	0	8	102	2	15	0	0	0	4	3	2	2	0	
NDC80	581	0	0	0	0	0	0	4	2	2	3	6	3	10	4	21	0	0	8	102	2	15	0	0	0	4	3	2	2	0	
NDC80	582	0	0	0	0	0	0	4	2	2	3	6	3	10	4	21	0	0	8	102	2	15	0	0	0	4	3	2	2	0	
NDC80	583	0	0	0	0	0	0	4	2	2	3	6	3	7	4	12	0	0	8	12	2	3	0	0	0	0	0	0	0	0	
NDC80	584	0	0	0	0	0	0	4	2	2	3	6	3	7	4	12	0	0	8	12	2	3	0	0	0	0	0	0	0	0	
NDC80	585	0	0	0	0	0	0	4	2	2	3	6	3	7	4	12	0	0	8	12	2	3	0	0	0	0	0	0	0	0	
NDC80	586	0	0	0	0	0	0	4	2	2	3	6	3	7	4	12	0	0	8	12	2	3	0	0	0	0	0	0	0	0	
NDC80	587	0	0	0	0	0	0	4	2	2	3	6	3	7	4	12	0	0	8	12	2	3	0	0	0	0	0	0	0	0	
NDC80	588	0	0	0	0	0	0	6	8	0	12	5	0	9	19	4	2	2	11	0	5	0	0	0	0	0	0	0	0	0	
NDC80	589	0	0	0	0	0	0	6	8	0	12	5	0	9	19	4	2	2	11	0	5	0	0	0	0	0	0	0	0	0	
NDC80	590	0	0	0	0	0	0	6	8	0	12	5	0	9	19	4	2	2	11	0	5	0	0	0	0	0	0	0	0	0	
NDC80	591	0	0	0	0	0	0	6	8	0	12	5	0	9	19	4	2	2	11	0	5	0	0	0	0	0	0	0	0	0	
NDC80	592	0	0	0	0	0	0	6	8	0	12	5	0	9	19	4	2	2	11	0	5	0	0	0	0	0	0	0	0	0	
NDC80	593	0	0	0	0	0	0	6	8	0	12	5	0	9	19	4	2	2	11	0	5	0	0	0	0	0	0	0	0	0	
NDC80	594	0	0	0	0	0	0	6	10	2	17	13	2	12	25	9	2	2	16	0	9	0	0	0	0	0	0	0	0	0	
NDC80	595	0	0	0	0	0	0	6	10	2	17	13	2	12	25	9	2	2	16	0	9	0	0	0	0	0	0	0	0	0	
NDC80	596	0	0	0	0	0	0	6	10	2	17	13	2	12	25	9	2	2	16	0	9	0	0	0	0	0	0	0	0	0	
NDC80	597	0	0	0	0	0	0	6	10	2	17	13	2	12	25	9	2	2	16	0	9	0	0	0	0	0	0	0	0	0	
NDC80	598	0	0	0	0	0	0	6	10	2	17	13	2	12	25	9	2	2	16	0	9	0	0	0	0	0	0	0	0	0	
NDC80	599	0	0	0	0	0	0	2	4	2	11	10	2	6	21	7	0	0	10	0	4	0	0	0	0	0	0	0	0	0	
NDC80	600	0	0	0	0	0	0	2	4	2	11	10	2	6	21	7	0	0	10	0	4	0	0	0	0	0	0	0	0	0	
NDC80	601	0	0	0	0	0	0	2	4	2	11	10	2	6	21	7	0	0	10	0	4	0	0	0	0	0	0	0	0	0	
NDC80	602	0	0	0	0	0	0	18	24	10	24	26	10	29	47	27	0	2	18	11	18	7	0	2	0	5	10	11	11	19	
NDC80	603	0	0	0	0	0	0	30	45	12	44	48	12	52	68	46	0	2	29	15	36	9	0	2	0	9	19	13	15	21	
NDC80	604	0	0	0	0	0	0	30	45	12	44	48	12	52	68	46	0	2	29	15	36	9	0	2	0	9	19	13	15	21	
NDC80	605	0	0	0	0	0	0	30	45	12	44	48	12	52	68	46	0	2	29	15	36	9	0	2	0	9	19	13	15	21	
NDC80	606	0	0	0	0	0	0	30	45	12	44	48	12	52	68	46	0	2	29	15	36	9	0	2	0	9	19	13	15	21	
NDC80	607	0	0	0	0	0	0	30	45	12	44	48	12	52	68	46	0	2	29	15	36	9	0	2	0	9	19	13	15	21	
NDC80	608	0	0	0	0	0	0	30	45	12	44	48	12	52	68	46	0	2	29	15	36	9	0	2	0	9	19	13	15	21	
NDC80	609	0	0	0	0	0	0	30	45	12	44	48	12	52	68	46	0	2	29	15	36	9	0	2	0	9	19	13	15	21	
NDC80	610	0	0	0	0	0	0	30	45	12	44	48	12	52	68	46	0	2	29	15	36	9	0	2	0	9	19	13	15	21	
NDC80	611	0	0	0	0	0	0	30	45	12	44	48	12	52	68	46	0	2	29	15	36	9	0	2	0	9	19	13	15	21	
NDC80	612	0	0	0	0	0	0	4	0	0	2	2	0	2	5	3	0	0	0	14	0	14	0	0	0	0	0	0	0	0	
NDC80	613	0	0	0	0	0	0	4	0	0	2	2	0	2	5	3	0	0	0	14	0	14	0	0	0	0	0	0	0	0	
NDC80	614	0	0	0	0	0	0	11	4	0	6	4	3	9	6	24	5	2	20	68	5	55	0	2	0	59	66	44	24	5	
NDC80	615	0	0	0	0	0	0	11	4	0	6	4	3	9	6	24	5	2	20	68	5	55	0	2	0	59	66	44	24	5	
NDC80	616	0	0	0	0	0	0	11	4	0	6	4	3	9	6	24	5	2	20	68	5	55	0	2	0	59	66	44	24	5	
NDC80	617	0	0	0	0	0	0	11	4	0	6	4	3	9	6	24	5	2	20	68	5	55	0	2	0	59	66	44	24	5	
NDC80	618	0	0	0	0	0	0	11	4	0	6	4	3	9	6	24	5	2	20	68	5	55	0	2	0	59	66	44	24	5	
NDC80	619	0	0	0	0	0	0	11	4	0	6	4	3	9	6	24	5	2	20	68	5	55	0	2	0	59	66	44	24	5	
NDC80	620	0	0	0	0	0	0	11	4	0	6	4	3	9	6	24	5	2	20	68	5	55	0	2	0	59	66	44	24	5	
NDC80	621	0	0	0	0	0	0	11	4	0	6	4	3	9	6	24	5	2	20	68	5	55	0	2	0	59	66	44	24	5	
NDC80	622	0	0	0	0	0	0	11	4	0	6	4	3	9	6	24	5	2	20	68	5	55	0	2	0	59	66	44	24	5	
NDC80	623	0	0	0	0	0	0	11	4	0	6	4	3	9	6	24	5	2	20	68	5	55	0	2	0	59	66	44	24	5	
NDC80	624	0	0	0	0	0	0	11	4	0	6	4	3	9	6	24	5	2	20	68	5	55	0	2	0	59	66	44	24	5	
NDC80	625	0	0	0	0	0	0	11	4	0	6	4	3	9	6	24	5	2	20	68	5	55	0	2	0	59	66	44	24	5	
NDC80	626	0	0	0	0	0	0	11	4	0	6	4	3	9	6	24	5	2	20	68	5	55	0	2	0	59	66	44	24	5	
NDC80	627	0	0	0	0	0	0	11	4	0	6	4	3	9	6	24	5	2	20	68	5	55	0	2	0	59	66	44	24	5	
NDC80	628	0	0	0	0	0	0	11	4	0	4	5	3	8	5	27	5	2	20	53	2	54	0	0	0	52	68	46	27	5	
NDC80	629	0	0	0	0	0	0	11	4	0	4	5	3	8	5	27	5	2	20	53	2	54	0	0	0	52	68	46	27	5	
NDC80	630	0	0	0	0	0	0	11	4	0	4	5	3	8	5	27	5	2	20	53	2	54	0	0	0	52	68	46	27	5	
NDC80	631	0	0	0	0	0	0	11	4	0	4	5	3	8	5	27	5	2	20	53	2	54	0	0	0	52	68	46	27	5	
NDC80	632	0	0	0	0	0	0	11	4	0	4	5	3	8	5	27	5	2	20	53	2	54	0	0	0	52	68	46	27	5	
NDC80	633	0	0	0	0	0	0	3	2	0	2	3	3	2	2	10	0	0	11	4	0	24	0	0	0	2	2	2	3	0	
NDC80	634	0	0	0	0	0	0	3	2	0	2	3	3	2	2	10	0	0	11	4	0	24	0	0	0	2	2	2	3	0	
NDC80	635	0	0	0	0	0	0	3	2	0	2	3	3	2	2	10	0	0	11	4	0	24	0	0	0	2	2	2	3	0	
NDC80	636	0	0	0	0	0	0	3	2	0	2	3	3	2	2	10	0	0	11	4	0	24	0	0	0	2	2	2	3	0	
NDC80	637	0	0	0	0	0	0	3	2	0	2	3	3	2	2	10	0	0	11	4	0	24	0	0	0	2	2	2	3	0	
NDC80	638	0	0	0	0	0	0	0	0	0	0	0	0	0	0	2	0	0	0	0	0	0	0	0	0	0	0	0	0	0	
NDC80	639	0	0	0	0	0	0	0	0	0	3	10	0	11	3	4	0	0	0	0	0	0	0	0	0	0	0	0	0	0	
NDC80	640	0	0	0	0	0	0	3	2	2	18	27	3	38	24	57	5	2	13	53	0	12	0	0	0	0	0	0	0	4	
NDC80	641	0	0	0	0	0	0	3	2	2	18	27	3	38	24	57	5	2	13	53	0	12	0	0	0	0	0	0	0	4	
NDC80	642	0	0	0	0	0	0	6	6	4	27	39	8	53	35	83	5	2	18	66	4	16	0	0	0	4	11	19	22	26	
NDC80	643	0	0	0	0	0	0	6	6	4	27	39	8	53	35	83	5	2	18	66	4	16	0	0	0	4	11	19	22	26	
NDC80	644	0	0	0	0	0	0	6	6	4	27	39	8	53	35	83	5	2	18	66	4	16	0	0	0	4	11	19	22	26	
NDC80	645	0	0	0	0	0	0	6	6	4	27	39	8	53	35	83	5	2	18	66	4	16	0	0	0	4	11	19	22	26	
NDC80	646	0	0	0	0	0	0	6	6	4	27	39	8	53	35	83	5	2	18	66	4	16	0	0	0	4	11	19	22	26	
NDC80	647	0	0	0	0	0	0	6	6	4	27	39	8	53	35	83	5	2	18	66	4	16	0	0	0	4	11	19	22	26	
NDC80	648	0	0	0	0	0	0	6	6	4	27	39	8	53	35	83	5	2	18	66	4	16	0	0	0	4	11	19	22	26	
NDC80	649	0	0	0	0	0	0	6	6	4	27	39	8	53	35	83	5	2	18	66	4	16	0	0	0	4	11	19	22	26	
NDC80	650	0	0	0	0	0	0	6	6	4	27	39	8	53	35	83	5	2	18	66	4	16	0	0	0	4	11	19	22	26	
NDC80	651	0	0	0	0	0	0	6	6	4	27	39	8	53	35	83	5	2	18	66	4	16	0	0	0	4	11	19	22	26	
NDC80	652	0	0	0	0	0	0	6	6	4	27	39	8	53	35	83	5	2	18	66	4	16	0	0	0	4	11	19	22	26	
NDC80	653	0	0	0	0	0	0	6	6	4	27	39	8	53	35	83	5	2	18	66	4	16	0	0	0	4	11	19	22	26	
NDC80	654	0	0	0	0	0	0	6	6	4	27	39	8	53	35	83	5	2	18	66	4	16	0	0	0	4	11	19	22	26	
NDC80	655	0	0	0	0	0	0	6	6	4	27	39	8	53	35	83	5	2	18	66	4	16	0	0	0	4	11	19	22	26	
NDC80	656	0	0	0	0	0	0	6	6	2	12	14	0	20	19	29	3	2	10	11	2	8	0	0	0	0	0	0	0	0	
NDC80	657	0	0	0	0	0	0	6	6	2	12	14	0	20	19	29	3	2	10	11	2	8	0	0	0	0	0	0	0	0	
NDC80	658	0	0	0	0	0	0	2	0	0	0	0	0	0	0	2	0	0	3	7	0	17	0	0	0	35	20	8	3	0	
NDC80	659	0	0	0	0	0	0	2	0	0	0	0	0	0	0	2	0	0	3	7	0	17	0	0	0	35	20	8	3	0	
NDC80	660	0	0	0	0	0	0	2	0	0	0	0	0	0	0	2	0	0	3	7	0	17	0	0	0	35	20	8	3	0	
NDC80	661	0	0	0	0	0	0	2	0	0	0	0	0	0	0	2	0	0	3	7	0	17	0	0	0	35	20	8	3	0	
NDC80	662	0	0	0	0	0	0	2	0	0	0	0	0	0	0	2	0	0	3	7	0	17	0	0	0	35	20	8	3	0	
NDC80	663	0	0	0	0	0	0	2	0	0	0	0	0	0	0	2	0	0	3	7	0	17	0	0	0	35	20	8	3	0	
NDC80	664	0	0	0	0	0	0	2	0	0	0	0	0	0	0	2	0	0	3	7	0	17	0	0	0	35	20	8	3	0	
NDC80	665	0	0	0	0	0	0	2	0	0	0	0	0	0	0	2	0	0	3	7	0	17	0	0	0	35	20	8	3	0	
NDC80	666	0	0	0	0	0	0	2	0	0	0	0	0	0	0	2	0	0	3	7	0	17	0	0	0	35	20	8	3	0	
NDC80	667	0	0	0	0	0	0	2	0	0	0	0	0	0	0	2	0	0	3	7	0	17	0	0	0	35	20	8	3	0	
NDC80	668	0	0	0	0	0	0	2	0	0	0	0	0	0	0	2	0	0	3	7	0	17	0	0	0	35	20	8	3	0	
NDC80	669	0	0	0	0	0	0	2	0	0	0	0	0	0	0	2	0	0	3	7	0	17	0	0	0	35	20	8	3	0	
NDC80	670	0	0	0	0	0	0	2	0	0	0	0	0	0	0	2	0	0	3	7	0	17	0	0	0	35	20	8	3	0	
NDC80	671	0	0	0	0	0	0	2	0	0	0	0	0	0	0	2	0	0	3	7	0	17	0	0	0	35	20	8	3	0	
NDC80	672	0	0	0	0	0	0	2	0	0	0	0	0	0	0	2	0	0	3	7	0	17	0	0	0	35	20	8	3	0	
NDC80	673	0	0	0	0	0	0	2	0	0	0	0	0	0	0	2	0	0	3	7	0	17	0	0	0	35	20	8	3	0	
NDC80	674	0	0	0	0	0	0	2	0	0	0	0	0	0	0	2	0	0	3	7	0	17	0	0	0	35	20	8	3	0	
NDC80	675	0	0	0	0	0	0	2	0	0	0	0	0	0	0	2	0	0	3	7	0	17	0	0	0	35	20	8	3	0	
NDC80	676	0	0	0	0	0	0	2	0	0	0	0	0	0	0	2	0	0	3	7	0	17	0	0	0	35	20	8	3	0	
NDC80	677	0	0	0	0	0	0	2	0	0	0	0	0	0	0	2	0	0	3	7	0	17	0	0	0	35	20	8	3	0	
NDC80	678	0	0	0	0	0	0	2	0	0	0	0	0	0	0	2	0	0	3	7	0	17	0	0	0	35	20	8	3	0	
NDC80	679	0	0	0	0	0	0	2	0	0	0	0	0	0	0	2	0	0	3	7	0	17	0	0	0	35	20	8	3	0	
NDC80	680	0	0	0	0	0	0	12	12	4	7	12	0	20	18	23	0	3	0	0	0	0	0	2	0	12	9	2	3	0	
NDC80	681	0	0	0	0	0	0	12	12	4	7	12	0	20	18	23	0	3	0	0	0	0	0	2	0	12	9	2	3	0	
NDC80	682	0	0	0	0	0	0	12	12	4	7	12	0	20	18	23	0	3	0	0	0	0	0	2	0	12	9	2	3	0	
NDC80	683	0	0	0	0	0	0	12	12	4	7	12	0	20	18	23	0	3	0	0	0	0	0	2	0	12	9	2	3	0	
NDC80	684	0	0	0	0	0	0	12	12	4	7	12	0	20	18	23	0	3	0	0	0	0	0	2	0	12	9	2	3	0	
NDC80	685	0	0	0	0	0	0	12	12	4	7	12	0	20	18	23	0	3	0	0	0	0	0	2	0	12	9	2	3	0	
NDC80	686	0	0	0	0	0	0	12	12	4	7	12	0	20	18	23	0	3	0	0	0	0	0	2	0	12	9	2	3	0	
NDC80	687	0	0	0	0	0	0	12	12	4	7	12	0	20	18	23	0	3	0	0	0	0	0	2	0	12	9	2	3	0	
NDC80	688	0	0	0	0	0	0	12	12	4	7	12	0	20	18	23	0	3	0	0	0	0	0	2	0	12	9	2	3	0	
NDC80	689	0	0	0	0	0	0	12	12	4	7	12	0	20	18	23	0	3	0	0	0	0	0	2	0	12	9	2	3	0	
NDC80	690	0	0	0	0	0	0	12	12	4	7	12	0	20	18	23	0	3	0	0	0	0	0	2	0	12	9	2	3	0	
NDC80	691	0	0	0	0	0	0	12	12	4	7	12	0	20	18	23	0	3	0	0	0	0	0	2	0	12	9	2	3	0	
