protein	site	PSMs_001_Stu1-3FLAG_DMSO.csv	PSMs_002_Stu1-3FLAG_Cdc200-AID.csv	PSMs_003_Stu1-3FLAG_Benomyl.csv	PSMs_004_Stu1FLAG_Bub1V5_double_step_IP.csv	PSMs_005_Stu1_TOG1del_cutout_1.csv	PSMs_006_Stu1_TOG1del_cutout_2.csv	PSMs_007_Dsn1-flag.csv	PSMs_008_Dsn1-flag_mps1-1.csv	PSMs_009_Dsn1-flag_pgal-mps1.csv	PSMs_010_Dsn1-flag_ndc80.csv	PSMs_011_Dsn1-flag_ndc80-2a.csv	PSMs_012_Dsn1-flag_ndc80-2d.csv	PSMs_013_Dsn1-flag_ndc80_cdc15-2.csv	PSMs_014_Dsn1-flag_ndc80-2a_cdc15-2.csv	PSMs_015_Dsn1-flag_ndc80-2d_cdc15-2.csv	PSMs_016_Dsn1-flag.csv	PSMs_017_Dsn1-flag_mps1-1.csv	PSMs_018_ndc80-flag.csv	PSMs_019_ndc80-3flag.csv	PSMs_020_ndc80-flag_pgal-mps1.csv	PSMs_021_ndc80-3flag_pgal-mps1.csv	PSMs_022_dad1-flag.csv	PSMs_023_dad1-flag.csv	PSMs_024_dad1-flag_pgal-mps1.csv	PSMs_025_Nitobe_SCX1_Mtw1-3FLAG.csv	PSMs_025_Nitobe_SCX2_Mtw1-3FLAG.csv	PSMs_025_Nitobe_SCX3_Mtw1-3FLAG.csv	PSMs_025_Nitobe_SCX4_Mtw1-3FLAG.csv	PSMs_025_Nitobe_SCX5_Mtw1-3FLAG.csv	
SPC19	0	0	0	0	0	0	0	0	0	0	0	0	0	0	0	0	0	0	0	0	0	0	0	0	0	0	0	0	0	0	
SPC19	1	0	0	0	0	0	0	0	0	0	0	0	0	0	0	0	0	0	0	16	0	4	0	19	21	15	10	4	0	0	
SPC19	2	0	0	0	0	0	0	0	0	0	0	0	0	0	0	0	0	0	0	16	0	4	0	19	21	15	10	4	0	0	
SPC19	3	0	0	0	0	0	0	0	0	0	0	0	0	0	0	0	0	0	0	16	0	4	0	19	21	15	10	4	0	0	
SPC19	4	0	0	0	0	0	0	0	0	0	0	0	0	0	0	0	0	0	0	16	0	4	0	19	21	15	10	4	0	0	
SPC19	5	0	0	0	0	0	0	0	0	0	0	0	0	0	0	0	0	0	0	16	0	4	0	19	21	15	10	4	0	0	
SPC19	6	0	0	0	0	0	0	0	0	0	0	0	0	0	0	0	0	0	0	16	0	4	0	19	21	15	10	4	0	0	
SPC19	7	0	0	0	0	0	0	0	0	0	0	0	0	0	0	0	0	0	0	16	0	4	0	19	21	15	10	4	0	0	
SPC19	8	0	0	0	0	0	0	0	0	0	0	0	0	0	0	0	0	0	0	16	0	4	0	19	21	15	10	4	0	0	
SPC19	9	0	0	0	0	0	0	0	0	0	0	0	0	0	0	0	0	0	0	16	0	4	0	19	21	15	10	4	0	0	
SPC19	10	0	0	0	0	0	0	0	0	0	0	0	0	0	0	0	0	0	0	16	0	4	0	19	21	15	10	4	0	0	
SPC19	11	0	0	0	0	0	0	0	0	0	0	0	0	0	0	0	0	0	0	16	0	4	0	19	21	15	10	4	0	0	
SPC19	12	0	0	0	0	0	0	0	0	0	0	0	0	0	0	0	0	0	0	16	0	4	0	19	21	15	10	4	0	0	
SPC19	13	0	0	0	0	0	0	0	0	0	0	0	0	0	0	0	0	0	0	16	0	4	0	19	21	15	10	4	0	0	
SPC19	14	0	0	0	0	0	0	0	0	0	0	0	0	0	0	0	0	0	0	16	0	4	0	19	21	15	10	4	0	0	
SPC19	15	0	0	0	0	0	0	0	0	0	0	0	0	0	0	0	0	0	0	16	0	4	0	19	21	15	10	4	0	0	
SPC19	16	0	0	0	0	0	0	0	0	0	0	0	0	0	0	0	0	0	0	16	0	4	0	19	21	15	10	4	0	0	
SPC19	17	0	0	0	0	0	0	0	0	0	0	0	0	0	0	0	0	0	0	16	0	4	0	19	21	15	10	4	0	0	
SPC19	18	0	0	0	0	0	0	0	0	0	0	0	0	0	0	0	0	0	0	16	0	4	0	19	21	15	10	4	0	0	
SPC19	19	0	0	0	0	0	0	0	0	0	0	0	0	0	0	0	0	0	0	16	0	4	0	19	21	15	10	4	0	0	
SPC19	20	0	0	0	0	0	0	0	0	0	0	0	0	0	0	0	0	0	0	16	0	4	0	19	21	15	10	4	0	0	
SPC19	21	0	0	0	0	0	0	0	0	0	0	0	0	2	0	2	0	0	0	6	0	2	0	4	4	0	0	0	0	0	
SPC19	22	0	0	0	0	0	0	0	0	0	0	0	0	2	0	2	0	0	0	6	0	2	0	4	4	0	0	0	0	0	
SPC19	23	0	0	0	0	0	0	0	0	0	0	0	0	2	0	2	0	0	0	6	0	2	0	4	4	0	0	0	0	0	
SPC19	24	0	0	0	0	0	0	0	0	0	0	0	0	2	0	2	0	0	0	6	0	2	0	4	4	0	0	0	0	0	
SPC19	25	0	0	0	0	0	0	0	0	0	0	0	0	2	0	2	0	0	0	6	0	2	0	4	4	0	0	0	0	0	
SPC19	26	0	0	0	0	0	0	0	0	0	0	0	0	2	0	2	0	0	0	6	0	2	0	4	4	0	0	0	0	0	
SPC19	27	0	0	0	0	0	0	0	0	0	0	0	0	2	0	2	0	0	0	6	0	2	0	4	4	0	0	0	0	0	
SPC19	28	0	0	0	0	0	0	0	0	0	4	4	4	3	5	4	0	0	4	15	0	0	13	209	154	3	3	0	2	2	
SPC19	29	0	0	0	0	0	0	0	0	0	4	4	4	3	5	4	0	0	4	15	0	0	13	209	154	3	3	0	2	2	
SPC19	30	0	0	0	0	0	0	0	0	0	4	4	4	3	5	4	0	0	4	15	0	0	13	209	154	3	3	0	2	2	
SPC19	31	0	0	0	0	0	0	0	0	0	4	4	4	3	5	4	0	0	4	15	0	0	13	209	154	3	3	0	2	2	
SPC19	32	0	0	0	0	0	0	0	0	0	4	4	4	3	5	4	0	0	4	15	0	0	13	209	154	3	3	0	2	2	
SPC19	33	0	0	0	0	0	0	0	0	0	4	4	4	3	5	4	0	0	4	15	0	0	13	209	154	3	3	0	2	2	
SPC19	34	0	0	0	0	0	0	0	0	0	4	4	4	3	5	4	0	0	4	15	0	0	13	209	154	3	3	0	2	2	
SPC19	35	0	0	0	0	0	0	0	0	0	4	4	4	3	5	4	0	0	4	15	0	0	13	209	154	3	3	0	2	2	
SPC19	36	0	0	0	0	0	0	0	0	0	4	4	4	3	5	4	0	0	4	15	0	0	13	209	154	3	3	0	2	2	
SPC19	37	0	0	0	0	0	0	0	0	0	4	4	4	3	5	4	0	0	4	15	0	0	13	209	154	3	3	0	2	2	
SPC19	38	0	0	0	0	0	0	0	0	0	4	4	4	3	5	4	0	0	4	15	0	0	13	209	154	3	3	0	2	2	
SPC19	39	0	0	0	0	0	0	0	0	0	4	4	4	3	5	4	0	0	4	15	0	0	13	209	154	3	3	0	2	2	
SPC19	40	0	0	0	0	0	0	0	0	0	4	4	4	3	5	4	0	0	4	15	0	0	13	209	154	3	3	0	2	2	
SPC19	41	0	0	0	0	0	0	0	0	0	4	4	4	3	5	4	0	0	4	15	0	0	13	209	154	3	3	0	2	2	
SPC19	42	0	0	0	0	0	0	0	0	0	4	4	4	3	5	4	0	0	4	15	0	0	13	209	154	3	3	0	2	2	
SPC19	43	0	0	0	0	0	0	0	0	0	4	4	4	3	5	4	0	0	4	15	0	0	13	209	154	3	3	0	2	2	
SPC19	44	0	0	0	0	0	0	0	0	0	4	4	4	3	5	4	0	0	4	15	0	0	13	209	154	3	3	0	2	2	
SPC19	45	0	0	0	0	0	0	0	2	0	2	2	2	0	2	2	2	0	4	0	0	0	7	6	0	0	0	0	0	0	
SPC19	46	0	0	0	0	0	0	0	2	0	0	0	0	0	4	0	2	0	0	0	0	0	7	0	0	0	0	0	0	0	
SPC19	47	0	0	0	0	0	0	0	2	0	0	0	0	0	4	0	2	0	0	0	0	0	7	0	0	0	0	0	0	0	
SPC19	48	0	0	0	0	0	0	0	2	0	0	0	0	0	4	0	2	0	0	0	0	0	7	0	0	0	0	0	0	0	
SPC19	49	0	0	0	0	0	0	0	2	0	0	0	0	2	4	2	2	0	0	0	0	0	11	49	56	2	0	0	0	0	
SPC19	50	0	0	0	0	0	0	0	2	0	0	0	0	2	4	2	2	0	0	0	0	0	11	49	56	2	0	0	0	0	
SPC19	51	0	0	0	0	0	0	0	2	0	0	0	0	2	4	2	2	0	0	0	0	0	11	49	56	2	0	0	0	0	
SPC19	52	0	0	0	0	0	0	0	2	0	0	0	0	2	4	2	2	0	0	0	0	0	11	49	56	2	0	0	0	0	
SPC19	53	0	0	0	0	0	0	0	2	0	0	0	0	2	4	2	2	0	0	0	0	0	11	49	56	2	0	0	0	0	
SPC19	54	0	0	0	0	0	0	0	2	0	0	0	0	2	4	2	2	0	0	0	0	0	11	49	56	2	0	0	0	0	
SPC19	55	0	0	0	0	0	0	0	2	0	0	0	0	2	4	2	2	0	0	0	0	0	11	49	56	2	0	0	0	0	
SPC19	56	0	0	0	0	0	0	0	2	0	0	0	0	2	4	2	2	0	0	0	0	0	11	49	56	2	0	0	0	0	
SPC19	57	0	0	0	0	0	0	0	2	0	0	0	0	2	4	2	2	0	0	0	0	0	11	49	56	2	0	0	0	0	
SPC19	58	0	0	0	0	0	0	0	0	0	3	3	2	8	5	6	0	0	4	55	0	4	4	2	4	8	8	6	20	8	
SPC19	59	0	0	0	0	0	0	0	0	0	3	3	2	8	5	6	0	0	4	55	0	4	4	2	4	8	8	6	20	8	
SPC19	60	0	0	0	0	0	0	0	0	0	3	3	2	8	3	6	0	0	4	63	0	4	2	2	4	10	10	8	22	8	
SPC19	61	0	0	0	0	0	0	0	0	0	3	3	2	8	3	6	0	0	4	63	0	4	2	2	4	10	10	8	22	8	
SPC19	62	0	0	0	0	0	0	0	0	0	3	3	2	8	3	6	0	0	4	63	0	4	2	2	4	10	10	8	22	8	
SPC19	63	0	0	0	0	0	0	0	0	0	3	3	2	8	3	6	0	0	4	63	0	4	2	2	4	10	10	8	22	8	
SPC19	64	0	0	0	0	0	0	0	0	0	3	3	2	8	3	6	0	0	4	63	0	4	2	2	4	10	10	8	22	8	
SPC19	65	0	0	0	0	0	0	0	0	0	3	3	2	8	3	6	0	0	4	63	0	4	2	2	4	10	10	8	22	8	
SPC19	66	0	0	0	0	0	0	0	0	0	3	3	2	8	3	6	0	0	4	63	0	4	2	2	4	10	10	8	22	8	
SPC19	67	0	0	0	0	0	0	0	0	0	3	3	2	8	3	6	0	0	4	63	0	4	2	2	4	10	10	8	22	8	
SPC19	68	0	0	0	0	0	0	0	0	0	3	3	2	8	3	6	0	0	4	63	0	4	2	2	4	10	10	8	22	8	
SPC19	69	0	0	0	0	0	0	0	0	0	3	3	2	8	3	6	0	0	4	63	0	4	2	2	4	10	10	8	22	8	
SPC19	70	0	0	0	0	0	0	0	0	0	3	3	2	8	3	6	0	0	4	63	0	4	2	2	4	10	10	8	22	8	
SPC19	71	0	0	0	0	0	0	0	0	0	3	3	2	8	3	6	0	0	4	63	0	4	2	2	4	10	10	8	22	8	
SPC19	72	0	0	0	0	0	0	0	0	0	0	0	0	0	0	0	0	0	0	0	0	0	0	2	0	0	0	0	0	0	
SPC19	73	0	0	0	0	0	0	0	0	0	0	0	0	0	0	0	0	0	0	0	0	0	0	2	0	0	0	0	0	0	
SPC19	74	0	0	0	0	0	0	0	0	0	0	0	0	0	0	0	0	0	0	0	0	0	0	2	0	0	0	0	0	0	
SPC19	75	0	0	0	0	0	0	0	0	0	0	0	0	0	0	0	0	0	0	0	0	0	0	2	0	0	0	0	0	0	
SPC19	76	0	0	0	0	0	0	0	0	0	0	0	0	0	0	0	0	0	0	0	0	0	0	2	0	0	0	0	0	0	
SPC19	77	0	0	0	0	0	0	0	0	0	0	0	0	0	0	0	0	0	0	0	0	0	0	2	0	0	0	0	0	0	
SPC19	78	0	0	0	0	0	0	0	0	0	0	0	0	0	0	0	0	0	0	0	0	0	0	2	0	0	0	0	0	0	
SPC19	79	0	0	0	0	0	0	0	0	0	0	0	0	0	0	0	0	0	0	0	0	0	0	0	0	0	0	0	0	0	
SPC19	80	0	0	0	0	0	0	0	0	0	0	0	0	0	0	0	0	0	0	0	0	0	0	0	0	0	0	0	0	0	
SPC19	81	0	0	0	0	0	0	0	0	0	0	0	0	0	0	0	0	0	0	0	0	0	0	0	0	0	0	0	0	0	
SPC19	82	0	0	0	0	0	0	0	0	0	0	0	0	0	0	0	0	0	0	0	0	0	0	0	0	0	0	0	0	0	
SPC19	83	0	0	0	0	0	0	0	0	0	0	0	0	0	0	0	0	0	0	0	0	0	0	0	0	0	0	0	0	0	
SPC19	84	0	0	0	0	0	0	0	0	0	0	0	0	0	4	0	2	2	7	0	0	0	20	0	0	0	0	0	0	0	
SPC19	85	0	0	0	0	0	0	0	0	0	0	0	0	0	4	0	2	2	7	0	0	0	20	0	0	0	0	0	0	0	
SPC19	86	0	0	0	0	0	0	0	0	0	0	0	0	0	4	0	2	2	7	0	0	0	20	0	0	0	0	0	0	0	
SPC19	87	0	0	0	0	0	0	2	3	0	4	2	2	5	6	4	4	8	21	12	4	4	43	59	64	0	2	0	4	2	
SPC19	88	0	0	0	0	0	0	2	3	0	4	2	2	5	6	4	4	8	21	12	4	4	43	59	64	0	2	0	4	2	
SPC19	89	0	0	0	0	0	0	2	3	0	4	2	2	5	6	4	4	8	21	12	4	4	43	59	64	0	2	0	4	2	
SPC19	90	0	0	0	0	0	0	2	3	0	4	2	2	5	6	4	4	8	21	12	4	4	43	59	64	0	2	0	4	2	
SPC19	91	0	0	0	0	0	0	2	3	0	4	2	2	5	6	4	4	8	21	12	4	4	43	59	64	0	2	0	4	2	
SPC19	92	0	0	0	0	0	0	2	3	0	4	2	2	5	6	4	4	8	21	12	4	4	43	59	64	0	2	0	4	2	
SPC19	93	0	0	0	0	0	0	2	3	0	4	2	2	5	6	4	4	8	21	12	4	4	43	59	64	0	2	0	4	2	
SPC19	94	0	0	0	0	0	0	2	3	0	4	2	2	5	6	4	4	8	21	12	4	4	43	59	64	0	2	0	4	2	
SPC19	95	0	0	0	0	0	0	2	3	0	4	2	2	5	6	4	4	8	21	12	4	4	43	59	64	0	2	0	4	2	
SPC19	96	0	0	0	0	0	0	2	3	0	4	2	2	5	6	4	4	8	21	12	4	4	43	59	64	0	2	0	4	2	
SPC19	97	0	0	0	0	0	0	2	3	0	4	2	2	5	6	4	4	8	21	12	4	4	43	59	64	0	2	0	4	2	
SPC19	98	0	0	0	0	0	0	2	3	0	4	2	2	5	6	4	4	8	21	12	4	4	43	59	64	0	2	0	4	2	
SPC19	99	0	0	0	0	0	0	2	3	0	4	2	2	5	6	4	4	8	21	12	4	4	43	59	64	0	2	0	4	2	
SPC19	100	0	0	0	0	0	0	2	3	0	4	2	2	5	6	4	4	8	21	12	4	4	43	59	64	0	2	0	4	2	
SPC19	101	0	0	0	0	0	0	2	3	0	4	2	2	5	6	4	4	8	21	12	4	4	43	59	64	0	2	0	4	2	
SPC19	102	0	0	0	0	0	0	2	0	0	0	0	0	0	2	0	2	6	5	0	0	0	12	0	0	0	0	0	0	0	
SPC19	103	0	0	0	0	0	0	2	0	0	0	0	0	0	2	0	2	6	5	0	0	0	12	0	0	0	0	0	0	0	
SPC19	104	0	0	0	0	0	0	0	0	0	0	0	0	0	0	0	0	2	2	10	0	2	2	5	12	0	0	0	0	0	
SPC19	105	0	0	0	0	0	0	0	0	0	0	0	0	0	2	2	0	0	0	32	0	6	2	5	24	2	0	0	0	0	
SPC19	106	0	0	0	0	0	0	0	0	0	0	0	0	0	2	2	0	0	0	32	0	6	2	5	24	2	0	0	0	0	
SPC19	107	0	0	0	0	0	0	0	0	0	0	0	0	0	2	2	0	0	0	32	0	6	2	5	24	2	0	0	0	0	
SPC19	108	0	0	0	0	0	0	0	0	0	0	0	0	0	2	2	0	0	0	32	0	6	2	5	24	2	0	0	0	0	
SPC19	109	0	0	0	0	0	0	0	0	0	0	0	0	0	2	2	0	0	0	32	0	6	2	5	24	2	0	0	0	0	
SPC19	110	0	0	0	0	0	0	0	0	0	0	0	0	0	2	2	0	0	0	32	0	6	2	5	24	2	0	0	0	0	
SPC19	111	0	0	0	0	0	0	0	0	0	0	0	0	0	2	2	0	0	0	32	0	6	2	5	24	2	0	0	0	0	
SPC19	112	0	0	0	0	0	0	0	0	0	0	0	0	0	2	2	0	0	0	32	0	6	2	5	24	2	0	0	0	0	
SPC19	113	0	0	0	0	0	0	0	0	0	0	0	0	0	2	2	0	0	0	32	0	6	2	5	24	2	0	0	0	0	
SPC19	114	0	0	0	0	0	0	0	0	0	0	0	0	0	2	2	0	0	0	32	0	6	2	5	24	2	0	0	0	0	
SPC19	115	0	0	0	0	0	0	0	0	0	0	0	0	0	2	2	0	0	0	32	0	6	2	5	24	2	0	0	0	0	
SPC19	116	0	0	0	0	0	0	0	0	0	0	0	0	0	2	2	0	0	0	32	0	6	2	5	24	2	0	0	0	0	
SPC19	117	0	0	0	0	0	0	0	0	0	0	0	0	0	2	2	0	0	0	32	0	6	2	5	24	2	0	0	0	0	
SPC19	118	0	0	0	0	0	0	0	0	0	0	0	0	0	2	2	0	0	0	32	0	6	2	5	24	2	0	0	0	0	
SPC19	119	0	0	0	0	0	0	0	0	0	0	0	0	0	2	2	0	0	0	32	0	6	2	5	24	2	0	0	0	0	
SPC19	120	0	0	0	0	0	0	0	0	0	0	0	0	0	2	2	0	0	0	32	0	6	2	5	24	2	0	0	0	0	
SPC19	121	0	0	0	0	0	0	0	0	0	0	0	0	0	2	2	0	0	0	32	0	6	2	5	24	2	0	0	0	0	
SPC19	122	0	0	0	0	0	0	0	0	0	0	0	0	0	2	2	0	0	0	32	0	6	2	5	24	2	0	0	0	0	
SPC19	123	0	0	0	0	0	0	0	0	0	0	0	0	0	2	2	0	0	0	32	0	6	2	5	24	2	0	0	0	0	
SPC19	124	0	0	0	0	0	0	0	0	0	0	0	0	0	2	2	0	0	0	32	0	6	2	5	24	2	0	0	0	0	
SPC19	125	0	0	0	0	0	0	0	0	0	0	0	0	0	2	2	0	0	0	32	0	6	2	5	24	2	0	0	0	0	
SPC19	126	0	0	0	0	0	0	0	0	0	0	0	0	0	2	2	0	0	0	32	0	6	2	5	24	2	0	0	0	0	
SPC19	127	0	0	0	0	0	0	2	0	0	0	0	0	7	2	8	0	0	8	56	0	10	11	126	127	7	4	3	2	2	
SPC19	128	0	0	0	0	0	0	2	0	0	0	0	0	7	2	8	0	0	8	56	0	10	11	126	127	7	4	3	2	2	
SPC19	129	0	0	0	0	0	0	2	0	0	0	0	0	7	2	8	0	0	8	56	0	10	11	126	127	7	4	3	2	2	
SPC19	130	0	0	0	0	0	0	2	0	0	0	0	0	7	2	8	0	0	8	56	0	10	11	126	127	7	4	3	2	2	
SPC19	131	0	0	0	0	0	0	2	0	0	0	0	0	7	2	8	0	0	8	56	0	10	11	126	127	7	4	3	2	2	
SPC19	132	0	0	0	0	0	0	2	0	0	0	0	0	7	2	8	0	0	8	56	0	10	11	126	127	7	4	3	2	2	
SPC19	133	0	0	0	0	0	0	2	0	0	0	0	0	7	2	8	0	0	8	56	0	10	11	126	127	7	4	3	2	2	
SPC19	134	0	0	0	0	0	0	2	0	0	0	0	0	7	2	8	0	0	8	56	0	10	11	126	127	7	4	3	2	2	
SPC19	135	0	0	0	0	0	0	2	0	0	0	0	0	7	2	8	0	0	8	56	0	10	11	126	127	7	4	3	2	2	
SPC19	136	0	0	0	0	0	0	2	0	0	0	0	0	7	2	8	0	0	8	56	0	10	11	126	127	7	4	3	2	2	
SPC19	137	0	0	0	0	0	0	2	0	0	0	0	0	7	2	8	0	0	8	56	0	10	11	126	127	7	4	3	2	2	
SPC19	138	0	0	0	0	0	0	2	0	0	0	0	0	7	2	8	0	0	8	56	0	10	11	126	127	7	4	3	2	2	
SPC19	139	0	0	0	0	0	0	2	0	0	0	0	0	7	2	8	0	0	8	56	0	10	11	126	127	7	4	3	2	2	
SPC19	140	0	0	0	0	0	0	2	0	0	0	0	0	7	2	8	0	0	8	56	0	10	11	126	127	7	4	3	2	2	
SPC19	141	0	0	0	0	0	0	2	0	0	0	0	0	7	2	8	0	0	8	56	0	10	11	126	127	7	4	3	2	2	
SPC19	142	0	0	0	0	0	0	2	0	0	0	0	0	7	2	8	0	0	8	56	0	10	11	126	127	7	4	3	2	2	
SPC19	143	0	0	0	0	0	0	2	0	0	0	0	0	7	2	8	0	0	8	56	0	10	11	126	127	7	4	3	2	2	
SPC19	144	0	0	0	0	0	0	2	0	0	0	0	0	7	2	8	0	0	8	56	0	10	11	126	127	7	4	3	2	2	
SPC19	145	0	0	0	0	0	0	2	0	0	0	0	0	7	2	8	0	0	8	56	0	10	11	126	127	7	4	3	2	2	
SPC19	146	0	0	0	0	0	0	2	0	0	0	0	0	7	2	8	0	0	8	56	0	10	11	126	127	7	4	3	2	2	
SPC19	147	0	0	0	0	0	0	2	0	0	0	0	0	7	2	8	0	0	8	44	0	7	11	80	75	7	4	3	2	2	
SPC19	148	0	0	0	0	0	0	0	0	0	0	0	0	2	2	0	0	0	2	0	0	0	4	0	0	0	0	0	0	0	
SPC19	149	0	0	0	0	0	0	0	0	0	0	0	0	2	2	0	0	0	2	0	0	0	4	0	0	0	0	0	0	0	
SPC19	150	0	0	0	0	0	0	0	0	0	0	0	0	0	0	0	0	0	0	0	0	0	0	0	0	0	0	0	0	0	
SPC19	151	0	0	0	0	0	0	0	0	0	0	0	0	0	0	0	0	0	0	0	0	0	0	0	0	0	0	0	0	0	
SPC19	152	0	0	0	0	0	0	0	0	0	0	0	0	0	0	0	0	0	0	0	0	0	0	0	0	0	0	0	0	0	
SPC19	153	0	0	0	0	0	0	0	0	0	0	0	0	0	0	0	0	0	0	3	0	0	0	0	2	0	0	0	0	0	
SPC19	154	0	0	0	0	0	0	0	0	0	2	2	0	3	3	3	0	0	3	10	0	4	7	3	20	0	0	0	2	0	
SPC19	155	0	0	0	0	0	0	0	0	0	2	2	0	3	3	3	0	0	3	10	0	4	7	3	20	0	0	0	2	0	
SPC19	156	0	0	0	0	0	0	0	0	0	2	2	0	3	3	3	0	0	3	10	0	4	7	3	20	0	0	0	2	0	
SPC19	157	0	0	0	0	0	0	0	0	0	2	2	0	3	3	3	0	0	3	10	0	4	7	3	20	0	0	0	2	0	
SPC19	158	0	0	0	0	0	0	0	0	0	2	2	0	3	3	3	0	0	3	10	0	4	7	3	20	0	0	0	2	0	
SPC19	159	0	0	0	0	0	0	0	0	0	2	2	0	3	3	3	0	0	3	10	0	4	7	3	20	0	0	0	2	0	
SPC19	160	0	0	0	0	0	0	0	0	0	2	2	0	3	3	3	0	0	3	10	0	4	7	3	20	0	0	0	2	0	
SPC19	161	0	0	0	0	0	0	0	0	0	2	2	0	3	3	3	0	0	3	10	0	4	7	3	20	0	0	0	2	0	
SPC19	162	0	0	0	0	0	0	0	0	0	2	2	0	3	3	3	0	0	3	10	0	4	7	3	20	0	0	0	2	0	
SPC19	163	0	0	0	0	0	0	0	0	0	2	2	0	3	3	3	0	0	3	10	0	4	7	3	20	0	0	0	2	0	
SPC19	164	0	0	0	0	0	0	0	0	0	0	0	0	0	0	0	0	0	0	0	0	0	3	0	0	0	0	0	0	0	
SPC19	165	0	0	0	0	0	0	0	0	0	0	0	0	0	0	0	0	0	0	0	0	0	3	0	0	0	0	0	0	0	
