protein	site	PSMs_001_Stu1-3FLAG_DMSO.csv	PSMs_002_Stu1-3FLAG_Cdc200-AID.csv	PSMs_003_Stu1-3FLAG_Benomyl.csv	PSMs_004_Stu1FLAG_Bub1V5_double_step_IP.csv	PSMs_005_Stu1_TOG1del_cutout_1.csv	PSMs_006_Stu1_TOG1del_cutout_2.csv	PSMs_007_Dsn1-flag.csv	PSMs_008_Dsn1-flag_mps1-1.csv	PSMs_009_Dsn1-flag_pgal-mps1.csv	PSMs_010_Dsn1-flag_ndc80.csv	PSMs_011_Dsn1-flag_ndc80-2a.csv	PSMs_012_Dsn1-flag_ndc80-2d.csv	PSMs_013_Dsn1-flag_ndc80_cdc15-2.csv	PSMs_014_Dsn1-flag_ndc80-2a_cdc15-2.csv	PSMs_015_Dsn1-flag_ndc80-2d_cdc15-2.csv	PSMs_016_Dsn1-flag.csv	PSMs_017_Dsn1-flag_mps1-1.csv	PSMs_018_ndc80-flag.csv	PSMs_019_ndc80-3flag.csv	PSMs_020_ndc80-flag_pgal-mps1.csv	PSMs_021_ndc80-3flag_pgal-mps1.csv	PSMs_022_dad1-flag.csv	PSMs_023_dad1-flag.csv	PSMs_024_dad1-flag_pgal-mps1.csv	PSMs_025_Nitobe_SCX1_Mtw1-3FLAG.csv	PSMs_025_Nitobe_SCX2_Mtw1-3FLAG.csv	PSMs_025_Nitobe_SCX3_Mtw1-3FLAG.csv	PSMs_025_Nitobe_SCX4_Mtw1-3FLAG.csv	PSMs_025_Nitobe_SCX5_Mtw1-3FLAG.csv	
SPC34	0	0	0	0	0	0	0	0	0	0	0	0	0	0	0	0	0	0	0	0	0	0	0	0	0	0	0	0	0	0	
SPC34	1	0	0	0	0	0	0	0	0	0	3	4	0	3	3	2	0	2	0	0	0	0	0	7	0	0	0	0	0	0	
SPC34	2	0	0	0	0	0	0	0	0	0	3	4	0	3	3	2	0	2	0	0	0	0	0	7	0	0	0	0	0	0	
SPC34	3	0	0	0	0	0	0	0	0	0	3	4	0	3	3	2	0	2	0	0	0	0	0	7	0	0	0	0	0	0	
SPC34	4	0	0	0	0	0	0	0	0	0	3	4	0	3	3	2	0	2	0	0	0	0	0	7	0	0	0	0	0	0	
SPC34	5	0	0	0	0	0	0	0	0	0	3	4	0	3	3	2	0	2	0	0	0	0	0	7	0	0	0	0	0	0	
SPC34	6	0	0	0	0	0	0	0	0	0	3	4	0	3	3	2	0	2	0	0	0	0	0	7	0	0	0	0	0	0	
SPC34	7	0	0	0	0	0	0	0	0	0	3	4	0	3	3	2	0	2	0	0	0	0	0	7	0	0	0	0	0	0	
SPC34	8	0	0	0	0	0	0	0	0	0	5	4	0	3	3	4	0	2	0	3	0	0	0	15	14	0	2	0	0	0	
SPC34	9	0	0	0	0	0	0	0	0	0	5	4	0	3	3	4	0	2	0	3	0	0	0	15	14	0	2	0	0	0	
SPC34	10	0	0	0	0	0	0	0	0	0	5	4	0	3	3	4	0	2	0	3	0	0	0	15	14	0	2	0	0	0	
SPC34	11	0	0	0	0	0	0	0	0	0	5	4	0	3	3	4	0	2	0	3	0	0	0	15	14	0	2	0	0	0	
SPC34	12	0	0	0	0	0	0	0	0	0	5	4	0	3	3	4	0	2	0	3	0	0	0	15	14	0	2	0	0	0	
SPC34	13	0	0	0	0	0	0	0	0	0	5	4	0	3	3	4	0	2	0	3	0	0	0	15	14	0	2	0	0	0	
SPC34	14	0	0	0	0	0	0	0	0	0	5	4	0	3	3	4	0	2	0	3	0	0	0	15	14	0	2	0	0	0	
SPC34	15	0	0	0	0	0	0	0	0	0	0	0	0	5	2	13	0	0	0	41	0	4	2	0	3	0	0	5	5	3	
SPC34	16	0	0	0	0	0	0	0	0	0	0	0	0	5	2	13	0	0	0	41	0	4	2	0	3	0	0	5	5	3	
SPC34	17	0	0	0	0	0	0	0	0	0	0	0	0	5	2	13	0	0	0	41	0	4	2	0	3	0	0	5	5	3	
SPC34	18	0	0	0	0	0	0	0	0	0	0	0	0	5	2	13	0	0	0	41	0	4	2	0	3	0	0	5	5	3	
SPC34	19	0	0	0	0	0	0	0	0	0	0	0	0	5	2	13	0	0	0	41	0	4	2	0	3	0	0	5	5	3	
SPC34	20	0	0	0	0	0	0	0	0	0	0	0	0	5	2	13	0	0	0	41	0	4	2	0	3	0	0	5	5	3	
SPC34	21	0	0	0	0	0	0	0	0	0	0	0	0	5	2	13	0	0	0	41	0	4	2	0	3	0	0	5	5	3	
SPC34	22	0	0	0	0	0	0	0	0	0	0	0	0	5	2	13	0	0	0	41	0	4	2	0	3	0	0	5	5	3	
SPC34	23	0	0	0	0	0	0	0	0	0	0	0	0	5	2	13	0	0	0	41	0	4	2	0	3	0	0	5	5	3	
SPC34	24	0	0	0	0	0	0	0	0	0	0	0	0	5	2	13	0	0	0	41	0	4	2	0	3	0	0	5	5	3	
SPC34	25	0	0	0	0	0	0	0	0	0	0	0	0	5	2	13	0	0	0	41	0	4	2	0	3	0	0	5	5	3	
SPC34	26	0	0	0	0	0	0	0	0	0	0	0	0	5	2	13	0	0	0	41	0	4	2	0	3	0	0	5	5	3	
SPC34	27	0	0	0	0	0	0	0	0	0	0	0	0	5	2	13	0	0	0	41	0	4	2	0	3	0	0	5	5	3	
SPC34	28	0	0	0	0	0	0	0	0	0	0	0	0	5	2	13	0	0	0	41	0	4	2	0	3	0	0	5	5	3	
SPC34	29	0	0	0	0	0	0	0	0	0	0	0	0	5	2	13	0	0	0	41	0	4	2	0	3	0	0	5	5	3	
SPC34	30	0	0	0	0	0	0	0	0	0	0	0	0	5	2	13	0	0	0	41	0	4	2	0	3	0	0	5	5	3	
SPC34	31	0	0	0	0	0	0	0	0	0	0	0	0	5	2	13	0	0	0	41	0	4	2	0	3	0	0	5	5	3	
SPC34	32	0	0	0	0	0	0	0	0	0	0	0	0	5	2	13	0	0	0	41	0	4	2	0	3	0	0	5	5	3	
SPC34	33	0	0	0	0	0	0	0	0	0	0	0	0	5	2	13	0	0	0	41	0	4	2	0	3	0	0	5	5	3	
SPC34	34	0	0	0	0	0	0	0	0	0	0	0	0	5	2	13	0	0	0	41	0	4	2	0	3	0	0	5	5	3	
SPC34	35	0	0	0	0	0	0	0	0	0	0	0	0	5	2	13	0	0	0	41	0	4	2	0	3	0	0	5	5	3	
SPC34	36	0	0	0	0	0	0	0	0	0	0	0	0	5	2	13	0	0	0	41	0	4	2	0	3	0	0	5	5	3	
SPC34	37	0	0	0	0	0	0	0	0	0	0	0	0	5	2	13	0	0	0	41	0	4	2	0	3	0	0	5	5	3	
SPC34	38	0	0	0	0	0	0	0	0	0	0	0	0	5	2	13	0	0	0	41	0	4	2	0	3	0	0	5	5	3	
SPC34	39	0	0	0	0	0	0	0	0	0	0	0	0	5	2	13	0	0	0	41	0	4	2	0	3	0	0	5	5	3	
SPC34	40	0	0	0	0	0	0	0	0	0	0	0	0	5	2	13	0	0	0	41	0	4	2	0	3	0	0	5	5	3	
SPC34	41	0	0	0	0	0	0	0	0	0	0	0	0	5	2	13	0	0	0	41	0	4	2	0	3	0	0	5	5	3	
SPC34	42	0	0	0	0	0	0	0	0	0	0	0	0	3	2	7	0	0	0	3	0	0	0	0	0	0	0	0	0	0	
SPC34	43	0	0	0	0	0	0	0	0	0	0	0	0	3	2	7	0	0	0	3	0	0	0	0	0	0	0	0	0	0	
SPC34	44	0	0	0	0	0	0	0	0	0	0	0	0	3	2	7	0	0	0	3	0	0	0	0	0	0	0	0	0	0	
SPC34	45	0	0	0	0	0	0	0	0	0	0	0	0	3	2	7	0	0	0	3	0	0	0	0	0	0	0	0	0	0	
SPC34	46	0	0	0	0	0	0	0	0	0	0	0	0	3	2	4	0	0	0	3	0	0	0	0	0	0	0	0	0	0	
SPC34	47	0	0	0	0	0	0	0	0	0	0	0	0	0	0	0	0	0	0	0	0	0	0	0	0	0	0	0	0	0	
SPC34	48	0	0	0	0	0	0	0	0	0	0	0	0	0	0	0	0	0	0	0	0	0	0	0	0	0	0	0	0	0	
SPC34	49	0	0	0	0	0	0	0	0	0	0	0	0	0	0	0	0	0	0	0	0	0	0	0	0	0	0	0	0	0	
SPC34	50	0	0	0	0	0	0	0	0	0	0	0	0	0	0	0	0	0	0	0	0	0	0	0	0	0	0	0	0	0	
SPC34	51	0	0	0	0	0	0	0	2	0	4	4	2	9	4	16	0	0	0	47	0	0	4	0	3	0	0	0	0	0	
SPC34	52	0	0	0	0	0	0	0	2	0	4	4	2	9	4	16	0	0	0	47	0	0	4	0	3	0	0	0	0	0	
SPC34	53	0	0	0	0	0	0	0	2	0	4	4	2	9	4	16	0	0	0	47	0	0	4	0	3	0	0	0	0	0	
SPC34	54	0	0	0	0	0	0	0	2	0	4	6	2	11	4	20	0	0	2	52	0	0	4	4	21	4	2	5	2	2	
SPC34	55	0	0	0	0	0	0	0	2	0	4	6	2	11	4	20	0	0	2	52	0	0	4	4	21	4	2	5	2	2	
SPC34	56	0	0	0	0	0	0	0	2	0	4	6	2	11	4	20	0	0	2	52	0	0	4	4	21	4	2	5	2	2	
SPC34	57	0	0	0	0	0	0	0	2	0	4	6	2	11	4	20	0	0	2	52	0	0	4	4	21	4	2	5	2	2	
SPC34	58	0	0	0	0	0	0	0	2	0	4	6	2	11	4	20	0	0	2	52	0	0	4	4	21	4	2	5	2	2	
SPC34	59	0	0	0	0	0	0	0	2	0	4	6	2	11	4	20	0	0	2	52	0	0	4	4	21	4	2	5	2	2	
SPC34	60	0	0	0	0	0	0	0	2	0	4	6	2	11	4	20	0	0	2	52	0	0	4	4	21	4	2	5	2	2	
SPC34	61	0	0	0	0	0	0	0	2	0	4	6	2	11	4	20	0	0	2	52	0	0	4	4	21	4	2	5	2	2	
SPC34	62	0	0	0	0	0	0	0	2	0	4	6	2	11	4	20	0	0	2	52	0	0	4	4	21	4	2	5	2	2	
SPC34	63	0	0	0	0	0	0	0	2	0	4	6	2	11	4	20	0	0	2	52	0	0	4	4	21	4	2	5	2	2	
SPC34	64	0	0	0	0	0	0	0	2	0	4	6	2	11	4	20	0	0	2	52	0	0	4	4	21	4	2	5	2	2	
SPC34	65	0	0	0	0	0	0	0	2	0	4	6	2	11	4	20	0	0	2	52	0	0	4	4	21	4	2	5	2	2	
SPC34	66	0	0	0	0	0	0	0	0	0	2	0	0	4	4	4	0	0	2	0	0	0	2	0	0	0	0	0	0	0	
SPC34	67	0	0	0	0	0	0	0	0	0	2	0	0	4	4	4	0	0	2	0	0	0	2	0	0	0	0	0	0	0	
SPC34	68	0	0	0	0	0	0	0	0	0	2	0	0	4	4	4	0	0	2	0	0	0	2	0	0	0	0	0	0	0	
SPC34	69	0	0	0	0	0	0	0	0	0	2	0	0	4	4	4	0	0	2	0	0	0	2	0	0	0	0	0	0	0	
SPC34	70	0	0	0	0	0	0	0	0	0	2	0	0	4	4	4	0	0	2	0	0	0	2	0	0	0	0	0	0	0	
SPC34	71	0	0	0	0	0	0	0	0	0	2	0	0	2	2	2	0	0	0	0	0	0	0	0	0	0	0	0	0	0	
SPC34	72	0	0	0	0	0	0	0	0	0	2	0	0	2	2	2	0	0	0	0	0	0	0	0	0	0	0	0	0	0	
SPC34	73	0	0	0	0	0	0	0	0	0	2	0	0	2	2	2	0	0	0	0	0	0	0	0	0	0	0	0	0	0	
SPC34	74	0	0	0	0	0	0	0	0	0	2	0	0	2	2	2	0	0	0	0	0	0	0	0	0	0	0	0	0	0	
SPC34	75	0	0	0	0	0	0	0	0	0	2	0	0	2	2	2	0	0	0	0	0	0	0	0	0	0	0	0	0	0	
SPC34	76	0	0	0	0	0	0	0	0	0	2	0	0	0	0	2	0	0	2	5	0	0	0	0	0	0	0	0	0	0	
SPC34	77	0	0	0	0	0	0	2	3	0	10	8	2	4	9	10	3	2	8	22	3	0	14	7	20	0	3	0	0	0	
SPC34	78	0	0	0	0	0	0	2	3	0	10	8	2	4	9	10	3	2	8	22	3	0	14	7	20	0	3	0	0	0	
SPC34	79	0	0	0	0	0	0	2	3	0	10	8	2	4	9	10	3	2	8	22	3	0	14	7	20	0	3	0	0	0	
SPC34	80	0	0	0	0	0	0	4	5	0	17	15	6	9	14	15	3	2	11	35	3	4	25	21	41	5	5	2	2	2	
SPC34	81	0	0	0	0	0	0	4	5	0	17	15	6	9	14	15	3	2	11	35	3	4	25	21	41	5	5	2	2	2	
SPC34	82	0	0	0	0	0	0	4	5	0	17	15	6	9	14	15	3	2	11	35	3	4	25	21	41	5	5	2	2	2	
SPC34	83	0	0	0	0	0	0	4	5	0	17	15	6	9	14	15	3	2	11	35	3	4	25	21	41	5	5	2	2	2	
SPC34	84	0	0	0	0	0	0	4	5	0	17	15	6	9	14	15	3	2	11	35	3	4	25	21	41	5	5	2	2	2	
SPC34	85	0	0	0	0	0	0	4	5	0	17	15	6	9	14	15	3	2	11	35	3	4	25	21	41	5	5	2	2	2	
SPC34	86	0	0	0	0	0	0	4	5	0	17	15	6	9	14	15	3	2	11	35	3	4	25	21	41	5	5	2	2	2	
SPC34	87	0	0	0	0	0	0	4	5	0	17	15	6	9	14	15	3	2	11	35	3	4	25	21	41	5	5	2	2	2	
SPC34	88	0	0	0	0	0	0	4	5	0	17	15	6	9	14	15	3	2	11	35	3	4	25	21	41	5	5	2	2	2	
SPC34	89	0	0	0	0	0	0	2	5	0	11	9	6	9	11	9	3	2	7	20	3	2	19	4	4	0	0	0	0	0	
SPC34	90	0	0	0	0	0	0	0	0	0	0	0	0	0	0	0	0	0	0	0	0	0	0	0	0	0	0	0	0	0	
SPC34	91	0	0	0	0	0	0	0	0	0	0	0	0	0	0	0	0	0	0	0	0	0	0	0	0	0	0	0	0	0	
SPC34	92	0	0	0	0	0	0	0	0	0	0	0	0	0	0	0	0	0	0	0	0	0	0	0	0	0	0	0	0	0	
SPC34	93	0	0	0	0	0	0	0	0	0	0	0	0	0	0	0	0	0	0	0	0	0	0	0	0	0	0	0	0	0	
SPC34	94	0	0	0	0	0	0	0	0	0	0	0	0	0	0	0	0	0	0	0	0	0	0	0	0	0	0	0	0	0	
SPC34	95	0	0	0	0	0	0	0	0	0	0	0	0	0	0	0	0	0	0	0	0	0	0	0	0	0	0	0	0	0	
SPC34	96	0	0	0	0	0	0	0	0	0	0	0	0	0	0	0	0	0	0	0	0	0	0	0	0	0	0	0	0	0	
SPC34	97	0	0	0	0	0	0	0	0	0	0	0	0	0	0	0	0	0	0	0	0	0	0	0	0	0	0	0	0	0	
SPC34	98	0	0	0	0	0	0	0	0	0	0	0	0	0	0	0	0	0	0	3	0	0	0	0	0	0	0	0	0	0	
SPC34	99	0	0	0	0	0	0	0	0	0	4	5	0	8	2	12	0	0	7	25	0	4	8	0	0	0	0	0	0	0	
SPC34	100	0	0	0	0	0	0	0	0	0	4	5	0	8	2	12	0	0	7	25	0	4	8	0	0	0	0	0	0	0	
SPC34	101	0	0	0	0	0	0	0	0	0	4	5	0	8	2	12	0	0	7	25	0	4	8	0	0	0	0	0	0	0	
SPC34	102	0	0	0	0	0	0	0	0	0	4	5	0	8	2	12	0	0	7	25	0	4	8	0	0	0	0	0	0	0	
SPC34	103	0	0	0	0	0	0	0	0	0	4	5	0	8	2	12	0	0	7	25	0	4	8	0	0	0	0	0	0	0	
SPC34	104	0	0	0	0	0	0	0	0	0	4	5	0	8	2	12	0	0	7	25	0	4	8	0	0	0	0	0	0	0	
SPC34	105	0	0	0	0	0	0	0	0	0	4	5	0	8	2	12	0	0	7	25	0	4	8	0	0	0	0	0	0	0	
SPC34	106	0	0	0	0	0	0	0	0	0	4	5	0	8	2	12	0	0	7	25	0	4	8	0	0	0	0	0	0	0	
SPC34	107	0	0	0	0	0	0	0	0	0	4	5	0	8	2	12	0	0	7	25	0	4	8	0	0	0	0	0	0	0	
SPC34	108	0	0	0	0	0	0	0	0	0	4	5	0	8	2	12	0	0	7	25	0	4	8	0	0	0	0	0	0	0	
SPC34	109	0	0	0	0	0	0	0	0	0	4	5	0	8	2	12	0	0	7	25	0	4	8	0	0	0	0	0	0	0	
SPC34	110	0	0	0	0	0	0	0	0	0	4	5	0	8	2	12	0	0	7	25	0	4	8	0	0	0	0	0	0	0	
SPC34	111	0	0	0	0	0	0	0	0	0	4	5	0	8	2	12	0	0	7	25	0	4	8	0	0	0	0	0	0	0	
SPC34	112	0	0	0	0	0	0	0	0	0	4	5	0	8	2	12	0	0	7	25	0	4	8	0	0	0	0	0	0	0	
SPC34	113	0	0	0	0	0	0	0	0	0	4	5	0	8	2	9	0	0	4	18	0	4	5	0	0	0	0	0	0	0	
SPC34	114	0	0	0	0	0	0	0	0	0	4	5	0	8	2	9	0	0	4	18	0	4	5	0	0	0	0	0	0	0	
SPC34	115	0	0	0	0	0	0	0	0	0	4	5	0	8	2	9	0	0	4	18	0	4	5	0	0	0	0	0	0	0	
SPC34	116	0	0	0	0	0	0	0	0	0	4	5	0	8	2	9	0	0	4	18	0	4	5	0	0	0	0	0	0	0	
SPC34	117	0	0	0	0	0	0	0	0	0	4	5	0	8	2	9	0	0	4	18	0	4	5	0	0	0	0	0	0	0	
SPC34	118	0	0	0	0	0	0	0	0	0	4	5	0	8	2	9	0	0	4	18	0	4	5	0	0	0	0	0	0	0	
SPC34	119	0	0	0	0	0	0	0	0	0	4	5	0	5	2	7	0	0	4	10	0	2	3	0	0	0	0	0	0	0	
SPC34	120	0	0	0	0	0	0	0	0	0	4	5	0	5	2	7	0	0	4	10	0	2	3	0	0	0	0	0	0	0	
SPC34	121	0	0	0	0	0	0	0	0	0	0	0	0	2	0	0	0	0	0	0	0	0	0	2	4	0	0	0	0	0	
SPC34	122	0	0	0	0	0	0	0	0	0	0	0	0	2	0	0	0	0	0	0	0	0	0	2	4	0	0	0	0	0	
SPC34	123	0	0	0	0	0	0	0	0	0	0	0	0	2	0	0	0	0	0	0	0	0	0	2	4	0	0	0	0	0	
SPC34	124	0	0	0	0	0	0	0	0	0	0	0	0	2	0	0	0	0	0	0	0	0	0	2	4	0	0	0	0	0	
SPC34	125	0	0	0	0	0	0	0	0	0	0	0	0	2	0	0	0	0	0	0	0	0	0	2	4	0	0	0	0	0	
SPC34	126	0	0	0	0	0	0	0	0	0	0	0	0	2	0	0	0	0	0	0	0	0	0	2	4	0	0	0	0	0	
SPC34	127	0	0	0	0	0	0	0	0	0	0	0	0	0	0	0	0	0	0	0	0	0	0	2	4	0	0	0	0	0	
SPC34	128	0	0	0	0	0	0	0	0	0	0	0	0	0	0	0	0	0	0	0	0	0	0	0	0	0	0	0	0	0	
SPC34	129	0	0	0	0	0	0	0	0	0	0	0	0	0	0	0	0	0	0	2	0	0	0	0	0	0	0	0	0	0	
SPC34	130	0	0	0	0	0	0	0	0	0	0	0	0	0	0	0	0	0	0	4	0	3	0	2	0	3	2	0	0	0	
SPC34	131	0	0	0	0	0	0	0	0	0	0	0	0	0	0	0	0	0	0	4	0	3	0	2	0	3	2	0	0	0	
SPC34	132	0	0	0	0	0	0	0	0	0	0	0	0	0	0	0	0	0	0	4	0	3	0	2	0	3	2	0	0	0	
SPC34	133	0	0	0	0	0	0	0	0	0	0	0	0	0	0	0	0	0	0	4	0	3	0	2	0	3	2	0	0	0	
SPC34	134	0	0	0	0	0	0	0	0	0	0	0	0	0	0	0	0	0	0	4	0	3	0	2	0	3	2	0	0	0	
SPC34	135	0	0	0	0	0	0	0	0	0	0	0	0	0	0	0	0	0	0	4	0	3	0	2	0	3	2	0	0	0	
SPC34	136	0	0	0	0	0	0	0	0	0	0	0	0	0	0	0	0	0	0	4	0	3	0	2	0	3	2	0	0	0	
SPC34	137	0	0	0	0	0	0	0	0	0	0	0	0	0	0	0	0	0	0	4	0	3	0	2	0	3	2	0	0	0	
SPC34	138	0	0	0	0	0	0	0	0	0	0	0	0	0	0	0	0	0	0	4	0	3	0	2	0	3	2	0	0	0	
SPC34	139	0	0	0	0	0	0	0	0	0	0	0	0	0	0	0	0	0	0	4	0	3	0	2	0	3	2	0	0	0	
SPC34	140	0	0	0	0	0	0	0	0	0	0	0	0	0	0	0	0	0	0	4	0	3	0	2	0	3	2	0	0	0	
SPC34	141	0	0	0	0	0	0	0	0	0	0	0	0	0	0	0	0	0	0	4	0	3	0	2	0	3	2	0	0	0	
SPC34	142	0	0	0	0	0	0	0	0	0	0	0	0	0	0	0	0	0	0	4	0	3	0	2	0	3	2	0	0	0	
SPC34	143	0	0	0	0	0	0	0	0	0	0	0	0	0	0	0	0	0	0	4	0	3	0	2	0	3	2	0	0	0	
SPC34	144	0	0	0	0	0	0	0	0	0	0	0	0	0	0	0	0	0	0	4	0	3	0	2	0	3	2	0	0	0	
SPC34	145	0	0	0	0	0	0	0	0	0	0	0	0	0	0	0	0	0	0	4	0	3	0	2	0	3	2	0	0	0	
SPC34	146	0	0	0	0	0	0	0	0	0	0	0	0	0	0	0	0	0	0	4	0	3	0	2	0	3	2	0	0	0	
SPC34	147	0	0	0	0	0	0	0	0	0	0	0	0	0	0	0	0	0	0	4	0	3	0	2	0	3	2	0	0	0	
SPC34	148	0	0	0	0	0	0	0	0	0	0	0	0	0	0	0	0	0	0	4	0	3	0	2	0	3	2	0	0	0	
SPC34	149	0	0	0	0	0	0	0	0	0	0	0	0	0	0	0	0	0	0	4	0	3	0	2	0	3	2	0	0	0	
SPC34	150	0	0	0	0	0	0	0	0	0	0	0	0	0	0	0	0	0	0	4	0	3	0	2	0	3	2	0	0	0	
SPC34	151	0	0	0	0	0	0	0	0	0	0	0	0	0	0	0	0	0	0	4	0	3	0	2	0	3	2	0	0	0	
SPC34	152	0	0	0	0	0	0	0	0	0	0	0	0	0	0	0	0	0	0	4	0	3	0	2	0	3	2	0	0	0	
SPC34	153	0	0	0	0	0	0	0	0	0	0	0	0	0	0	0	0	0	0	4	0	3	0	2	0	3	2	0	0	0	
SPC34	154	0	0	0	0	0	0	0	0	0	0	0	0	0	0	0	0	0	0	4	0	3	0	2	0	3	2	0	0	0	
SPC34	155	0	0	0	0	0	0	0	0	0	0	0	0	0	0	0	0	0	0	4	0	3	0	2	0	3	2	0	0	0	
SPC34	156	0	0	0	0	0	0	0	0	0	0	0	0	0	0	0	0	0	0	4	0	3	0	2	0	3	2	0	0	0	
SPC34	157	0	0	0	0	0	0	0	0	0	0	0	0	0	0	0	0	0	0	4	0	3	0	2	0	3	2	0	0	0	
SPC34	158	0	0	0	0	0	0	0	0	0	0	0	0	0	0	0	0	0	0	4	0	3	0	2	0	3	2	0	0	0	
SPC34	159	0	0	0	0	0	0	0	0	0	0	0	0	0	0	0	0	0	0	4	0	3	0	2	0	3	2	0	0	0	
SPC34	160	0	0	0	0	0	0	0	0	0	0	0	0	0	0	0	0	0	0	4	0	3	0	2	0	3	2	0	0	0	
SPC34	161	0	0	0	0	0	0	0	0	0	0	0	0	0	0	0	0	0	0	4	0	3	0	2	0	3	2	0	0	0	
SPC34	162	0	0	0	0	0	0	0	0	0	0	0	0	0	0	0	0	0	0	4	0	3	0	2	0	3	2	0	0	0	
SPC34	163	0	0	0	0	0	0	0	2	0	4	3	2	4	2	5	0	0	3	10	2	4	5	34	49	3	2	2	3	4	
SPC34	164	0	0	0	0	0	0	0	2	0	4	3	2	4	2	5	0	0	3	10	2	4	5	34	49	3	2	2	3	4	
SPC34	165	0	0	0	0	0	0	0	2	0	4	3	2	4	2	5	0	0	3	10	2	4	5	34	49	3	2	2	3	4	
SPC34	166	0	0	0	0	0	0	0	2	0	4	3	2	4	2	5	0	0	3	10	2	4	5	34	49	3	2	2	3	4	
SPC34	167	0	0	0	0	0	0	0	2	0	4	3	2	4	2	5	0	0	3	10	2	4	5	34	49	3	2	2	3	4	
SPC34	168	0	0	0	0	0	0	0	2	0	4	3	2	4	2	5	0	0	3	10	2	4	5	34	49	3	2	2	3	4	
SPC34	169	0	0	0	0	0	0	0	2	0	4	3	2	4	2	5	0	0	3	10	2	4	5	34	49	3	2	2	3	4	
SPC34	170	0	0	0	0	0	0	0	2	0	4	3	2	4	2	5	0	0	3	10	2	4	5	34	49	3	2	2	3	4	
SPC34	171	0	0	0	0	0	0	0	2	0	4	3	2	4	2	5	0	0	3	10	2	4	5	34	49	3	2	2	3	4	
SPC34	172	0	0	0	0	0	0	0	2	0	4	3	2	4	2	5	0	0	3	10	2	4	5	34	49	3	2	2	3	4	
SPC34	173	0	0	0	0	0	0	0	2	0	4	3	2	4	2	5	0	0	3	10	2	4	5	34	49	3	2	2	3	4	
SPC34	174	0	0	0	0	0	0	0	2	0	4	3	2	4	2	5	0	0	3	10	2	4	5	34	49	3	2	2	3	4	
SPC34	175	0	0	0	0	0	0	0	2	0	4	3	2	4	2	5	0	0	3	10	2	4	5	34	49	3	2	2	3	4	
SPC34	176	0	0	0	0	0	0	0	2	0	4	3	2	4	2	5	0	0	3	10	2	4	5	34	49	3	2	2	3	4	
SPC34	177	0	0	0	0	0	0	2	0	0	0	0	0	2	2	3	0	0	8	12	0	3	21	25	28	6	5	3	3	2	
SPC34	178	0	0	0	0	0	0	2	0	0	0	0	0	2	2	3	0	0	8	12	0	3	21	25	28	6	5	3	3	2	
SPC34	179	0	0	0	0	0	0	2	0	0	0	0	0	2	2	3	0	0	8	12	0	3	21	25	28	6	5	3	3	2	
SPC34	180	0	0	0	0	0	0	2	0	0	0	0	0	2	2	3	0	0	8	12	0	3	21	25	28	6	5	3	3	2	
SPC34	181	0	0	0	0	0	0	2	0	0	0	0	0	2	2	3	0	0	8	12	0	3	21	25	28	6	5	3	3	2	
SPC34	182	0	0	0	0	0	0	2	0	0	0	0	0	2	2	3	0	0	8	12	0	3	21	25	28	6	5	3	3	2	
SPC34	183	0	0	0	0	0	0	2	0	0	0	0	0	2	2	3	0	0	8	12	0	3	21	25	28	6	5	3	3	2	
SPC34	184	0	0	0	0	0	0	2	0	0	0	0	0	2	2	3	0	0	8	12	0	3	21	25	28	6	5	3	3	2	
SPC34	185	0	0	0	0	0	0	2	0	0	0	0	0	2	2	3	0	0	8	12	0	3	21	25	28	6	5	3	3	2	
SPC34	186	0	0	0	0	0	0	2	0	0	0	0	0	2	2	3	0	0	8	12	0	3	21	25	28	6	5	3	3	2	
SPC34	187	0	0	0	0	0	0	2	0	0	0	0	0	2	2	3	0	0	8	12	0	3	21	25	28	6	5	3	3	2	
SPC34	188	0	0	0	0	0	0	2	0	0	0	0	0	2	2	3	0	0	8	12	0	3	21	25	28	6	5	3	3	2	
SPC34	189	0	0	0	0	0	0	2	0	0	0	0	0	2	2	3	0	0	8	12	0	3	21	25	28	6	5	3	3	2	
SPC34	190	0	0	0	0	0	0	2	0	0	0	0	0	2	2	3	0	0	8	12	0	3	21	25	28	6	5	3	3	2	
SPC34	191	0	0	0	0	0	0	2	0	0	0	0	0	2	2	3	0	0	8	12	0	3	21	25	28	6	5	3	3	2	
SPC34	192	0	0	0	0	0	0	2	0	0	0	0	0	2	2	3	0	0	8	12	0	3	21	25	28	6	5	3	3	2	
SPC34	193	0	0	0	0	0	0	2	0	0	0	0	0	2	2	3	0	0	8	12	0	3	21	25	28	6	5	3	3	2	
SPC34	194	0	0	0	0	0	0	2	0	0	0	0	0	2	2	3	0	0	8	12	0	3	21	25	28	6	5	3	3	2	
SPC34	195	0	0	0	0	0	0	2	0	0	0	0	0	2	2	3	0	0	8	12	0	3	21	25	28	6	5	3	3	2	
SPC34	196	0	0	0	0	0	0	2	0	0	0	0	0	2	2	3	0	0	8	12	0	3	21	25	28	6	5	3	3	2	
SPC34	197	0	0	0	0	0	0	0	0	0	0	0	0	0	0	0	0	0	0	0	0	0	0	0	0	0	0	0	0	0	
SPC34	198	0	0	0	0	0	0	0	0	0	0	0	0	0	0	0	0	0	0	0	0	0	0	0	2	4	4	3	5	0	
SPC34	199	0	0	0	0	0	0	0	0	0	0	0	0	0	0	0	0	0	0	15	0	0	0	0	4	19	28	10	11	2	
SPC34	200	0	0	0	0	0	0	0	0	0	0	0	0	0	0	0	0	0	0	15	0	0	0	0	4	19	28	10	11	2	
SPC34	201	0	0	0	0	0	0	0	0	0	0	0	0	0	0	0	0	0	0	15	0	0	0	0	4	19	28	10	11	2	
SPC34	202	0	0	0	0	0	0	0	0	0	0	0	0	0	0	0	0	0	0	15	0	0	0	0	4	19	28	10	11	2	
SPC34	203	0	0	0	0	0	0	0	0	0	0	0	0	0	0	0	0	0	0	15	0	0	0	0	4	19	28	10	11	2	
SPC34	204	0	0	0	0	0	0	0	0	0	0	0	0	0	0	0	0	0	0	15	0	0	0	0	4	19	28	10	11	2	
SPC34	205	0	0	0	0	0	0	0	0	0	0	0	0	0	0	0	0	0	0	15	0	0	0	0	4	19	28	10	11	2	
SPC34	206	0	0	0	0	0	0	0	0	0	0	0	0	0	0	0	0	0	0	15	0	0	0	0	4	19	28	10	11	2	
SPC34	207	0	0	0	0	0	0	0	0	0	0	0	0	0	0	0	0	0	0	15	0	0	0	0	4	19	28	10	11	2	
SPC34	208	0	0	0	0	0	0	0	0	0	0	0	0	0	0	0	0	0	0	15	0	0	0	0	4	19	28	10	11	2	
SPC34	209	0	0	0	0	0	0	0	0	0	0	0	0	0	0	0	0	0	0	15	0	0	0	0	4	19	28	10	11	2	
SPC34	210	0	0	0	0	0	0	0	0	0	0	0	0	0	0	0	0	0	0	15	0	0	0	0	4	19	28	10	11	2	
SPC34	211	0	0	0	0	0	0	0	0	0	0	0	0	0	0	0	0	0	0	15	0	0	0	0	4	19	28	10	11	2	
SPC34	212	0	0	0	0	0	0	0	0	0	0	0	0	0	0	0	0	0	0	15	0	0	0	0	4	19	28	10	11	2	
SPC34	213	0	0	0	0	0	0	0	0	0	0	0	0	0	0	0	0	0	0	11	0	0	0	0	0	12	9	7	6	0	
SPC34	214	0	0	0	0	0	0	0	0	0	0	0	0	0	0	0	0	0	0	11	0	0	0	0	0	12	9	7	6	0	
SPC34	215	0	0	0	0	0	0	0	0	0	0	0	0	0	0	0	0	0	0	11	0	0	0	0	0	12	9	7	6	0	
SPC34	216	0	0	0	0	0	0	0	0	0	0	0	0	0	0	0	0	0	0	11	0	0	0	0	0	12	9	7	6	0	
SPC34	217	0	0	0	0	0	0	0	0	0	0	0	0	0	0	0	0	0	0	11	0	0	0	0	0	12	9	7	6	0	
SPC34	218	0	0	0	0	0	0	0	0	0	0	0	0	0	0	0	0	0	0	11	0	0	0	0	0	12	9	7	6	0	
SPC34	219	0	0	0	0	0	0	0	0	0	0	0	0	0	0	0	0	0	0	11	0	0	0	0	0	12	9	7	6	0	
SPC34	220	0	0	0	0	0	0	0	0	0	0	0	0	0	0	0	0	0	0	11	0	0	0	0	0	12	9	7	6	0	
SPC34	221	0	0	0	0	0	0	0	0	0	0	0	0	0	0	0	0	0	0	11	0	0	0	0	0	12	9	7	6	0	
SPC34	222	0	0	0	0	0	0	0	0	0	0	0	0	0	0	0	0	0	0	11	0	0	0	0	0	12	9	7	6	0	
SPC34	223	0	0	0	0	0	0	0	0	0	0	0	0	0	0	0	0	0	0	11	0	0	0	0	0	12	9	7	6	0	
SPC34	224	0	0	0	0	0	0	0	0	0	0	0	0	0	0	0	0	0	0	11	0	0	0	0	0	12	9	7	6	0	
SPC34	225	0	0	0	0	0	0	0	0	0	0	0	0	0	0	0	0	0	0	11	0	0	0	0	0	12	9	7	6	0	
SPC34	226	0	0	0	0	0	0	0	0	0	0	0	0	0	0	0	0	0	0	11	0	0	0	0	0	12	9	7	6	0	
SPC34	227	0	0	0	0	0	0	0	0	0	0	0	0	0	0	0	0	0	0	11	0	0	0	0	0	12	9	7	6	0	
SPC34	228	0	0	0	0	0	0	0	0	0	0	0	0	0	0	0	0	0	0	3	0	0	0	0	2	4	4	2	4	0	
SPC34	229	0	0	0	0	0	0	0	0	0	0	0	0	0	0	0	0	0	0	3	0	0	0	0	2	4	4	2	4	0	
SPC34	230	0	0	0	0	0	0	0	0	0	0	0	0	0	0	0	0	0	0	3	0	0	0	0	2	4	4	2	4	0	
SPC34	231	0	0	0	0	0	0	0	0	0	0	0	0	0	0	0	0	0	0	3	0	0	0	0	2	4	4	2	4	0	
SPC34	232	0	0	0	0	0	0	0	0	0	0	0	0	0	0	0	0	0	0	3	0	0	0	0	2	4	4	2	4	0	
SPC34	233	0	0	0	0	0	0	0	0	0	0	0	0	0	0	0	0	0	0	3	0	0	0	0	2	4	4	2	4	0	
SPC34	234	0	0	0	0	0	0	0	0	0	0	0	0	0	0	0	0	0	0	3	0	0	0	0	2	4	4	2	4	0	
SPC34	235	0	0	0	0	0	0	0	0	0	0	0	0	0	0	0	0	0	0	3	0	0	0	0	2	4	4	2	4	0	
SPC34	236	0	0	0	0	0	0	0	0	0	0	0	0	0	0	0	0	0	0	3	0	0	0	0	2	4	4	2	4	0	
SPC34	237	0	0	0	0	0	0	0	0	0	0	0	0	0	0	0	0	0	0	3	0	0	0	0	2	4	4	2	4	0	
SPC34	238	0	0	0	0	0	0	0	0	0	0	0	0	0	0	0	0	0	0	3	0	0	0	0	2	4	4	2	4	0	
SPC34	239	0	0	0	0	0	0	0	0	0	0	0	0	0	0	0	0	0	0	3	0	0	0	0	2	4	4	2	4	0	
SPC34	240	0	0	0	0	0	0	0	0	0	0	0	0	0	0	0	0	0	0	3	0	0	0	0	2	4	4	2	4	0	
SPC34	241	0	0	0	0	0	0	0	0	0	0	0	0	0	0	0	0	0	0	3	0	0	0	0	2	4	4	2	4	0	
SPC34	242	0	0	0	0	0	0	0	0	0	0	0	0	0	0	0	0	0	0	3	0	0	0	0	2	4	4	2	4	0	
SPC34	243	0	0	0	0	0	0	0	0	0	0	0	0	0	0	0	0	0	0	3	0	0	0	0	2	4	4	2	4	0	
SPC34	244	0	0	0	0	0	0	0	0	0	0	0	0	0	0	0	0	0	0	0	0	0	0	0	0	0	0	0	0	0	
SPC34	245	0	0	0	0	0	0	0	0	0	0	0	0	0	0	0	0	0	0	0	0	0	0	0	0	0	0	0	0	0	
SPC34	246	0	0	0	0	0	0	0	0	0	0	0	0	0	0	0	0	0	2	2	0	0	2	0	0	0	0	0	0	0	
SPC34	247	0	0	0	0	0	0	0	0	0	0	0	0	0	0	0	0	0	2	2	0	0	2	0	0	0	0	0	0	0	
SPC34	248	0	0	0	0	0	0	0	0	0	0	0	0	0	0	0	0	0	2	2	0	0	2	0	0	0	0	0	0	0	
SPC34	249	0	0	0	0	0	0	0	0	0	0	0	0	0	0	0	0	0	2	4	0	0	2	0	2	2	0	0	0	0	
SPC34	250	0	0	0	0	0	0	2	2	0	6	3	3	6	0	6	2	0	7	12	0	2	7	8	28	4	0	0	0	0	
SPC34	251	0	0	0	0	0	0	2	2	0	6	3	3	6	0	6	2	0	7	12	0	2	7	8	28	4	0	0	0	0	
SPC34	252	0	0	0	0	0	0	2	2	0	6	3	3	6	0	6	2	0	7	12	0	2	7	8	28	4	0	0	0	0	
SPC34	253	0	0	0	0	0	0	2	2	0	6	3	3	6	0	6	2	0	7	12	0	2	7	8	28	4	0	0	0	0	
SPC34	254	0	0	0	0	0	0	2	2	0	6	3	3	6	0	6	2	0	7	12	0	2	7	8	28	4	0	0	0	0	
SPC34	255	0	0	0	0	0	0	2	2	0	6	3	3	6	0	6	2	0	7	12	0	2	7	8	28	4	0	0	0	0	
SPC34	256	0	0	0	0	0	0	2	2	0	6	3	3	6	0	6	2	0	7	12	0	2	7	8	28	4	0	0	0	0	
SPC34	257	0	0	0	0	0	0	2	2	0	6	3	3	6	0	6	2	0	7	12	0	2	7	8	28	4	0	0	0	0	
SPC34	258	0	0	0	0	0	0	2	2	0	3	3	3	4	0	4	2	0	5	7	0	2	5	6	11	0	0	0	0	0	
SPC34	259	0	0	0	0	0	0	2	2	0	3	3	3	4	0	4	2	0	5	7	0	2	5	6	11	0	0	0	0	0	
SPC34	260	0	0	0	0	0	0	3	3	0	5	4	3	7	8	5	2	0	6	4	3	0	18	6	6	9	7	15	9	8	
SPC34	261	0	0	0	0	0	0	3	3	0	5	4	3	7	8	5	2	0	6	4	3	0	18	6	6	9	7	15	9	8	
SPC34	262	0	0	0	0	0	0	3	3	0	5	4	3	7	8	5	2	0	6	4	3	0	18	6	6	9	7	15	9	8	
SPC34	263	0	0	0	0	0	0	3	3	0	5	4	3	7	8	5	2	0	6	4	3	0	18	6	6	9	7	15	9	8	
SPC34	264	0	0	0	0	0	0	3	3	0	5	4	3	7	8	5	2	0	6	4	3	0	18	6	6	9	7	15	9	8	
SPC34	265	0	0	0	0	0	0	3	3	0	5	4	3	7	8	5	2	0	6	4	3	0	18	6	6	9	7	15	9	8	
SPC34	266	0	0	0	0	0	0	3	3	0	5	4	3	7	8	5	2	0	6	4	3	0	18	6	6	9	7	15	9	8	
SPC34	267	0	0	0	0	0	0	3	3	0	5	4	3	7	8	5	2	0	6	4	3	0	18	6	6	9	7	15	9	8	
SPC34	268	0	0	0	0	0	0	3	3	0	5	4	3	7	8	5	2	0	6	4	3	0	18	6	6	9	7	15	9	8	
SPC34	269	0	0	0	0	0	0	3	3	0	5	4	3	7	8	5	2	0	6	4	3	0	18	6	6	9	7	15	9	8	
SPC34	270	0	0	0	0	0	0	3	3	0	5	4	3	7	8	5	2	0	6	4	3	0	18	6	6	9	7	15	9	8	
SPC34	271	0	0	0	0	0	0	3	3	0	5	4	3	7	8	5	2	0	6	4	3	0	18	6	6	9	7	15	9	8	
SPC34	272	0	0	0	0	0	0	3	3	0	5	4	3	7	8	5	2	0	6	4	3	0	18	6	6	9	7	15	9	8	
SPC34	273	0	0	0	0	0	0	3	3	0	5	4	3	7	8	5	2	0	6	4	3	0	18	6	6	9	7	15	9	8	
SPC34	274	0	0	0	0	0	0	3	3	0	5	4	3	7	8	5	2	0	6	4	3	0	18	6	6	9	7	15	9	8	
SPC34	275	0	0	0	0	0	0	0	0	0	0	0	0	0	2	0	0	0	0	0	0	0	0	0	0	0	0	0	0	0	
SPC34	276	0	0	0	0	0	0	0	0	0	0	0	0	0	2	0	0	0	0	0	0	0	0	0	0	0	0	0	0	0	
SPC34	277	0	0	0	0	0	0	0	0	0	0	0	0	0	2	0	0	0	0	0	0	0	0	0	0	0	0	0	0	0	
SPC34	278	0	0	0	0	0	0	0	0	0	0	0	0	0	2	0	0	0	0	0	0	0	0	0	0	0	0	0	0	0	
SPC34	279	0	0	0	0	0	0	0	0	0	0	0	0	0	0	0	0	0	0	0	0	0	0	0	0	0	0	0	0	0	
SPC34	280	0	0	0	0	0	0	0	0	0	0	0	0	0	0	0	0	0	0	0	0	0	0	0	0	0	0	0	0	0	
SPC34	281	0	0	0	0	0	0	0	0	0	0	0	0	0	0	0	0	0	0	0	0	0	0	0	0	0	0	0	0	0	
SPC34	282	0	0	0	0	0	0	0	0	0	0	0	0	0	0	0	0	0	0	0	0	0	0	0	0	0	0	0	0	0	
SPC34	283	0	0	0	0	0	0	0	0	0	0	0	0	0	0	0	0	0	0	0	0	0	0	0	0	0	0	0	0	0	
SPC34	284	0	0	0	0	0	0	0	0	0	0	0	0	0	0	0	0	0	0	0	0	0	0	0	0	0	0	0	0	0	
SPC34	285	0	0	0	0	0	0	0	0	0	0	2	0	3	3	3	2	0	5	12	0	3	22	70	68	2	2	4	0	0	
SPC34	286	0	0	0	0	0	0	0	0	0	2	4	0	3	5	3	2	0	5	15	0	3	30	110	110	2	2	4	0	0	
SPC34	287	0	0	0	0	0	0	0	0	0	2	4	0	3	5	3	2	0	5	15	0	3	30	110	110	2	2	4	0	0	
SPC34	288	0	0	0	0	0	0	0	0	0	2	4	0	3	5	3	2	0	5	15	0	3	30	110	110	2	2	4	0	0	
SPC34	289	0	0	0	0	0	0	0	0	0	2	4	0	3	5	3	2	0	5	15	0	3	30	110	110	2	2	4	0	0	
SPC34	290	0	0	0	0	0	0	0	0	0	2	4	0	3	5	3	2	0	5	15	0	3	30	110	110	2	2	4	0	0	
SPC34	291	0	0	0	0	0	0	0	0	0	2	4	0	3	5	3	2	0	5	15	0	3	30	110	110	2	2	4	0	0	
SPC34	292	0	0	0	0	0	0	0	0	0	2	4	0	3	5	3	2	0	5	15	0	3	30	110	110	2	2	4	0	0	
SPC34	293	0	0	0	0	0	0	0	0	0	2	4	0	3	5	3	2	0	5	15	0	3	30	110	110	2	2	4	0	0	
SPC34	294	0	0	0	0	0	0	0	0	0	2	4	0	3	5	3	2	0	5	15	0	3	30	110	110	2	2	4	0	0	
SPC34	295	0	0	0	0	0	0	0	0	0	2	4	0	3	5	3	2	0	5	15	0	3	30	110	110	2	2	4	0	0	
