protein	site	PSMs_001_Stu1-3FLAG_DMSO.csv	PSMs_002_Stu1-3FLAG_Cdc200-AID.csv	PSMs_003_Stu1-3FLAG_Benomyl.csv	PSMs_004_Stu1FLAG_Bub1V5_double_step_IP.csv	PSMs_005_Stu1_TOG1del_cutout_1.csv	PSMs_006_Stu1_TOG1del_cutout_2.csv	PSMs_007_Dsn1-flag.csv	PSMs_008_Dsn1-flag_mps1-1.csv	PSMs_009_Dsn1-flag_pgal-mps1.csv	PSMs_010_Dsn1-flag_ndc80.csv	PSMs_011_Dsn1-flag_ndc80-2a.csv	PSMs_012_Dsn1-flag_ndc80-2d.csv	PSMs_013_Dsn1-flag_ndc80_cdc15-2.csv	PSMs_014_Dsn1-flag_ndc80-2a_cdc15-2.csv	PSMs_015_Dsn1-flag_ndc80-2d_cdc15-2.csv	PSMs_016_Dsn1-flag.csv	PSMs_017_Dsn1-flag_mps1-1.csv	PSMs_018_ndc80-flag.csv	PSMs_019_ndc80-3flag.csv	PSMs_020_ndc80-flag_pgal-mps1.csv	PSMs_021_ndc80-3flag_pgal-mps1.csv	PSMs_022_dad1-flag.csv	PSMs_023_dad1-flag.csv	PSMs_024_dad1-flag_pgal-mps1.csv	PSMs_025_Nitobe_SCX1_Mtw1-3FLAG.csv	PSMs_025_Nitobe_SCX2_Mtw1-3FLAG.csv	PSMs_025_Nitobe_SCX3_Mtw1-3FLAG.csv	PSMs_025_Nitobe_SCX4_Mtw1-3FLAG.csv	PSMs_025_Nitobe_SCX5_Mtw1-3FLAG.csv	
YRA1	0	0	0	0	0	0	0	0	0	0	0	0	0	0	0	0	0	0	0	0	0	0	0	0	0	0	0	0	0	0	
YRA1	1	0	0	0	0	0	0	0	0	0	0	0	0	0	6	0	9	11	0	0	0	0	0	6	0	0	0	0	0	0	
YRA1	2	0	0	0	0	0	0	0	0	0	0	0	0	0	6	0	9	11	0	0	0	0	0	6	0	0	0	0	0	0	
YRA1	3	0	0	0	0	0	0	0	0	0	0	0	0	0	6	0	9	11	0	0	0	0	0	6	0	0	0	0	0	0	
YRA1	4	0	0	0	0	0	0	0	0	0	0	0	0	0	6	0	9	11	0	0	0	0	0	6	0	0	0	0	0	0	
YRA1	5	0	0	0	0	0	0	0	0	0	0	0	0	0	6	0	9	11	0	0	0	0	0	6	0	0	0	0	0	0	
YRA1	6	0	0	0	0	0	0	0	0	0	0	0	0	0	6	0	9	11	0	0	0	0	0	6	0	0	0	0	0	0	
YRA1	7	0	0	0	0	0	0	0	0	0	0	0	0	0	6	0	9	11	0	0	0	0	0	6	0	0	0	0	0	0	
YRA1	8	0	0	0	0	0	0	0	2	0	0	3	0	3	8	4	11	13	0	3	0	2	0	21	18	0	0	0	0	0	
YRA1	9	0	0	0	0	0	0	0	2	0	0	3	0	3	8	4	11	13	0	3	0	2	0	21	18	0	0	0	0	0	
YRA1	10	0	0	0	0	0	0	0	2	0	0	3	0	3	8	4	11	13	0	3	0	2	0	21	18	0	0	0	0	0	
YRA1	11	0	0	0	0	0	0	0	2	0	0	3	0	3	8	4	11	13	0	3	0	2	0	21	18	0	0	0	0	0	
YRA1	12	0	0	0	0	0	0	0	2	0	0	3	0	3	8	4	11	13	0	3	0	2	0	21	18	0	0	0	0	0	
YRA1	13	0	0	0	0	0	0	0	2	0	0	3	0	3	8	4	11	13	0	3	0	2	0	21	18	0	0	0	0	0	
YRA1	14	0	0	0	0	0	0	0	2	0	0	3	0	3	8	4	11	13	0	3	0	2	0	21	18	0	0	0	0	0	
YRA1	15	0	0	0	0	0	0	0	2	0	0	3	0	3	8	4	11	13	0	3	0	2	0	21	18	0	0	0	0	0	
YRA1	16	0	0	0	0	0	0	0	2	0	0	3	0	3	8	4	11	13	0	3	0	2	0	21	18	0	0	0	0	0	
YRA1	17	0	0	0	0	0	0	0	2	0	0	3	0	3	8	4	11	13	0	3	0	2	0	21	18	0	0	0	0	0	
YRA1	18	0	0	0	0	0	0	0	0	0	0	0	0	0	8	0	11	13	0	0	0	0	0	0	0	0	0	0	0	0	
YRA1	19	0	0	0	0	0	0	0	0	0	0	0	0	0	8	0	11	13	0	0	0	0	0	0	0	0	0	0	0	0	
YRA1	20	0	0	0	0	0	0	0	0	0	0	0	0	0	8	0	11	13	0	0	0	0	0	0	0	0	0	0	0	0	
YRA1	21	0	0	0	0	0	0	0	0	0	0	0	0	0	8	0	11	13	0	0	0	0	0	0	0	0	0	0	0	0	
YRA1	22	0	0	0	0	0	0	0	0	0	0	0	0	0	8	0	11	13	0	0	0	0	0	0	0	0	0	0	0	0	
YRA1	23	0	0	0	0	0	0	0	0	0	0	0	0	0	0	0	2	2	0	0	0	0	0	0	0	0	0	0	0	0	
YRA1	24	0	0	0	0	0	0	0	0	0	0	0	0	0	0	0	2	2	0	0	0	0	0	0	0	0	0	0	0	0	
YRA1	25	0	0	0	0	0	0	0	0	0	0	0	0	0	0	0	0	0	0	0	0	0	0	0	0	0	0	0	0	0	
YRA1	26	0	0	0	0	0	0	0	0	0	0	0	0	0	0	0	0	0	0	0	0	0	0	0	0	0	0	0	0	0	
YRA1	27	0	0	0	0	0	0	0	0	0	0	0	0	0	0	0	0	0	0	0	0	0	0	0	0	0	0	0	0	0	
YRA1	28	0	0	0	0	0	0	0	0	0	0	0	0	0	0	0	0	0	0	0	0	0	0	0	0	0	0	0	0	0	
YRA1	29	0	0	0	0	0	0	0	0	0	0	0	0	0	0	0	0	0	0	0	0	0	0	0	0	0	0	0	0	0	
YRA1	30	0	0	0	0	0	0	0	0	0	0	0	0	0	0	0	0	0	0	0	0	0	0	0	0	0	0	0	0	0	
YRA1	31	0	0	0	0	0	0	0	0	0	0	0	0	0	0	0	0	0	0	0	0	0	0	0	0	0	0	0	0	0	
YRA1	32	0	0	0	0	0	0	0	0	0	0	0	0	0	0	0	0	0	0	0	0	0	0	0	0	0	0	0	0	0	
YRA1	33	0	0	0	0	0	0	0	0	0	0	0	0	0	0	0	0	0	0	0	0	0	0	0	0	0	0	0	0	0	
YRA1	34	0	0	0	0	0	0	0	0	0	0	0	0	0	0	0	0	0	0	0	0	0	0	0	0	0	0	0	0	0	
YRA1	35	0	0	0	0	0	0	0	0	0	0	0	0	0	0	0	0	0	0	0	0	0	0	0	0	0	0	0	0	0	
YRA1	36	0	0	0	0	0	0	0	0	0	0	0	0	0	0	0	0	0	0	0	0	0	0	0	0	0	0	0	0	0	
YRA1	37	0	0	0	0	0	0	0	0	0	0	0	0	0	0	0	0	0	0	0	0	0	0	0	0	0	0	0	0	0	
YRA1	38	0	0	0	0	0	0	0	0	0	0	0	0	0	0	0	0	0	0	0	0	0	0	0	0	0	0	0	0	0	
YRA1	39	0	0	0	0	0	0	0	0	0	0	0	0	0	0	0	0	0	0	0	0	0	0	0	0	0	0	0	0	0	
YRA1	40	0	0	0	0	0	0	0	0	0	0	0	0	0	0	0	0	0	0	0	0	0	0	0	0	0	0	0	0	0	
YRA1	41	0	0	0	0	0	0	0	0	0	0	0	0	0	0	0	0	0	0	0	0	0	0	0	0	0	0	0	0	0	
YRA1	42	0	0	0	0	0	0	0	0	0	0	0	0	0	0	0	0	0	0	0	0	0	0	0	0	0	0	0	0	0	
YRA1	43	0	0	0	0	0	0	0	0	0	0	0	0	0	0	0	0	0	0	0	0	0	0	0	0	0	0	0	0	0	
YRA1	44	0	0	0	0	0	0	0	0	0	0	0	0	0	0	0	0	0	0	0	0	0	0	0	0	0	0	0	0	0	
YRA1	45	0	0	0	0	0	0	0	0	0	0	0	0	0	0	0	0	0	0	0	0	0	0	0	0	0	0	0	0	0	
YRA1	46	0	0	0	0	0	0	0	0	0	0	0	0	0	0	0	0	0	0	0	0	0	0	0	0	0	0	0	0	0	
YRA1	47	0	0	0	0	0	0	0	0	0	0	0	0	0	0	0	0	0	0	0	0	0	0	0	0	0	0	0	0	0	
YRA1	48	0	0	0	0	0	0	0	0	0	0	0	0	0	0	0	0	0	0	0	0	0	0	0	0	0	0	0	0	0	
YRA1	49	0	0	0	0	0	0	0	0	0	0	0	0	0	0	0	0	0	0	0	0	0	0	0	0	0	0	0	0	0	
YRA1	50	0	0	0	0	0	0	0	0	0	0	0	0	0	0	0	0	0	0	0	0	0	0	0	0	0	0	0	0	0	
YRA1	51	0	0	0	0	0	0	0	0	0	0	0	0	0	0	0	0	0	0	0	0	0	0	0	0	0	0	0	0	0	
YRA1	52	0	0	0	0	0	0	0	0	0	0	0	0	0	0	0	0	0	0	0	0	0	0	0	0	0	0	0	0	0	
YRA1	53	0	0	0	0	0	0	0	0	0	0	0	0	0	0	0	0	0	0	0	0	0	0	0	0	0	0	0	0	0	
YRA1	54	0	0	0	0	0	0	0	0	0	0	0	0	0	0	0	0	0	0	0	0	0	0	0	0	0	0	0	0	0	
YRA1	55	0	0	0	0	0	0	0	0	0	0	0	0	0	0	0	0	0	0	0	0	0	0	0	0	0	0	0	0	0	
YRA1	56	0	0	0	0	0	0	0	0	0	0	0	0	0	0	0	0	0	0	0	0	0	0	0	0	0	0	0	0	0	
YRA1	57	0	0	0	0	0	0	0	0	0	0	0	0	0	2	2	0	0	0	0	0	0	0	0	0	0	0	0	0	0	
YRA1	58	0	0	0	0	0	0	0	0	0	0	0	0	0	2	2	0	0	0	0	0	0	0	0	0	0	0	0	0	0	
YRA1	59	0	0	0	0	0	0	0	0	0	0	0	0	0	2	2	0	0	0	0	0	0	0	0	0	0	0	0	0	0	
YRA1	60	0	0	0	0	0	0	0	0	0	0	4	0	2	2	5	0	0	0	0	0	0	0	0	0	0	0	0	0	0	
YRA1	61	0	0	0	0	0	0	0	0	0	0	4	0	2	2	5	0	0	0	0	0	0	0	0	0	0	0	0	0	0	
YRA1	62	0	0	0	0	0	0	0	0	0	0	4	0	2	2	5	0	0	0	0	0	0	0	0	0	0	0	0	0	0	
YRA1	63	0	0	0	0	0	0	0	0	0	0	4	0	2	2	5	0	0	0	0	0	0	0	0	0	0	0	0	0	0	
YRA1	64	0	0	0	0	0	0	0	0	0	0	4	0	2	2	5	0	0	0	0	0	0	0	0	0	0	0	0	0	0	
YRA1	65	0	0	0	0	0	0	0	0	0	0	4	0	2	2	5	0	0	0	0	0	0	0	0	0	0	0	0	0	0	
YRA1	66	0	0	0	0	0	0	0	0	0	0	4	0	2	2	5	0	0	0	0	0	0	0	0	0	0	0	0	0	0	
YRA1	67	0	0	0	0	0	0	0	0	0	0	4	0	2	2	5	0	0	0	0	0	0	0	0	0	0	0	0	0	0	
YRA1	68	0	0	0	0	0	0	0	0	0	0	4	0	2	0	3	0	0	0	0	0	0	0	0	0	0	0	0	0	0	
YRA1	69	0	0	0	0	0	0	0	0	0	0	4	0	2	0	3	0	0	0	0	0	0	0	0	0	0	0	0	0	0	
YRA1	70	0	0	0	0	0	0	0	0	0	0	4	0	2	0	3	0	0	0	0	0	0	0	0	0	0	0	0	0	0	
YRA1	71	0	0	0	0	0	0	0	0	0	0	4	0	2	0	3	0	0	0	0	0	0	0	0	0	0	0	0	0	0	
YRA1	72	0	0	0	0	0	0	0	0	0	0	4	0	2	0	3	0	0	0	0	0	0	0	0	0	0	0	0	0	0	
YRA1	73	0	0	0	0	0	0	0	0	0	0	4	0	2	0	3	0	0	0	0	0	0	0	0	0	0	0	0	0	0	
YRA1	74	0	0	0	0	0	0	0	0	0	0	4	0	2	0	3	0	0	0	0	0	0	0	0	0	0	0	0	0	0	
YRA1	75	0	0	0	0	0	0	0	0	0	0	4	0	2	0	3	0	0	0	0	0	0	0	0	0	0	0	0	0	0	
YRA1	76	0	0	0	0	0	0	0	0	0	0	4	0	2	0	3	0	0	0	0	0	0	0	0	0	0	0	0	0	0	
YRA1	77	0	0	0	0	0	0	0	0	0	0	0	0	2	2	3	0	0	2	2	0	0	0	0	0	0	0	0	0	0	
YRA1	78	0	0	0	0	0	0	0	0	0	0	0	0	2	2	3	0	0	2	2	0	0	0	0	0	0	0	0	0	0	
YRA1	79	0	0	0	0	0	0	0	0	0	0	0	0	2	2	3	0	0	2	2	0	0	0	0	0	0	0	0	0	0	
YRA1	80	0	0	0	0	0	0	0	3	0	0	3	3	2	4	5	0	0	4	4	2	2	0	0	3	0	0	0	0	0	
YRA1	81	0	0	0	0	0	0	0	3	0	0	3	3	2	4	5	0	0	4	4	2	2	0	0	3	0	0	0	0	0	
YRA1	82	0	0	0	0	0	0	0	3	0	0	3	3	2	4	5	0	0	4	4	2	2	0	0	3	0	0	0	0	0	
YRA1	83	0	0	0	0	0	0	0	3	0	0	3	3	2	4	5	0	0	4	4	2	2	0	0	3	0	0	0	0	0	
YRA1	84	0	0	0	0	0	0	0	3	0	0	3	3	2	4	5	0	0	4	4	2	2	0	0	3	0	0	0	0	0	
YRA1	85	0	0	0	0	0	0	0	3	0	0	3	3	2	4	5	0	0	4	4	2	2	0	0	3	0	0	0	0	0	
YRA1	86	0	0	0	0	0	0	0	3	0	0	3	3	2	4	5	0	0	4	4	2	2	0	0	3	0	0	0	0	0	
YRA1	87	0	0	0	0	0	0	0	3	0	0	3	3	2	4	5	0	0	4	4	2	2	0	0	3	0	0	0	0	0	
YRA1	88	0	0	0	0	0	0	0	0	0	0	0	0	2	0	3	2	0	0	0	0	2	0	0	0	0	0	0	0	0	
YRA1	89	0	0	0	0	0	0	0	0	0	0	0	0	2	0	3	2	0	0	0	0	2	0	0	0	0	0	0	0	0	
YRA1	90	0	0	0	0	0	0	0	0	0	0	0	0	2	0	3	2	0	0	0	0	2	0	0	0	0	0	0	0	0	
YRA1	91	0	0	0	0	0	0	0	0	0	0	0	0	2	0	3	2	0	0	0	0	2	0	0	0	0	0	0	0	0	
YRA1	92	0	0	0	0	0	0	0	0	0	0	0	0	2	0	3	2	0	0	0	0	2	0	0	0	0	0	0	0	0	
YRA1	93	0	0	0	0	0	0	0	0	0	0	0	0	2	0	3	2	0	0	0	0	2	0	0	0	0	0	0	0	0	
YRA1	94	0	0	0	0	0	0	0	0	0	0	0	0	2	0	3	2	0	0	0	0	2	0	0	0	0	0	0	0	0	
YRA1	95	0	0	0	0	0	0	0	0	0	0	0	0	2	0	3	2	0	0	0	0	2	0	0	0	0	0	0	0	0	
YRA1	96	0	0	0	0	0	0	0	0	0	0	3	0	4	0	7	2	0	0	0	0	2	0	2	2	0	0	0	0	0	
YRA1	97	0	0	0	0	0	0	0	0	0	0	3	0	4	0	7	2	0	0	0	0	2	0	2	2	0	0	0	0	0	
YRA1	98	0	0	0	0	0	0	0	0	0	0	3	0	4	0	7	2	0	0	0	0	2	0	2	2	0	0	0	0	0	
YRA1	99	0	0	0	0	0	0	0	0	0	0	3	0	4	0	7	2	0	0	0	0	2	0	2	2	0	0	0	0	0	
YRA1	100	0	0	0	0	0	0	0	0	0	0	3	0	4	0	7	2	0	0	0	0	2	0	2	2	0	0	0	0	0	
YRA1	101	0	0	0	0	0	0	0	0	0	0	3	0	4	0	7	2	0	0	0	0	2	0	2	2	0	0	0	0	0	
YRA1	102	0	0	0	0	0	0	0	0	0	0	3	0	4	0	7	2	0	0	0	0	2	0	2	2	0	0	0	0	0	
YRA1	103	0	0	0	0	0	0	0	0	0	0	3	0	4	0	7	2	0	0	0	0	2	0	2	2	0	0	0	0	0	
YRA1	104	0	0	0	0	0	0	0	0	0	0	3	0	4	0	7	2	0	0	0	0	2	0	2	2	0	0	0	0	0	
YRA1	105	0	0	0	0	0	0	0	0	0	0	3	0	4	0	7	2	0	0	0	0	2	0	2	2	0	0	0	0	0	
YRA1	106	0	0	0	0	0	0	0	0	0	0	3	0	4	0	7	2	0	0	0	0	2	0	2	2	0	0	0	0	0	
YRA1	107	0	0	0	0	0	0	0	0	0	0	3	0	4	0	7	2	0	0	0	0	2	0	2	2	0	0	0	0	0	
YRA1	108	0	0	0	0	0	0	0	0	0	0	2	2	0	0	2	0	0	0	3	0	2	0	0	0	0	2	2	2	0	
YRA1	109	0	0	0	0	0	0	0	0	0	0	2	2	0	0	2	0	0	0	3	0	2	0	0	0	0	2	2	2	0	
YRA1	110	0	0	0	0	0	0	0	0	0	0	2	2	0	0	2	0	0	0	3	0	2	0	0	0	0	2	2	2	0	
YRA1	111	0	0	0	0	0	0	0	0	0	0	2	2	0	0	2	0	0	0	3	0	2	0	0	0	0	2	2	2	0	
YRA1	112	0	0	0	0	0	0	0	0	0	0	2	2	0	0	2	0	0	0	3	0	2	0	0	0	0	2	2	2	0	
YRA1	113	0	0	0	0	0	0	0	0	0	0	2	2	0	0	2	0	0	0	3	0	2	0	0	0	0	2	2	2	0	
YRA1	114	0	0	0	0	0	0	0	0	0	0	2	2	0	0	2	0	0	0	3	0	2	0	0	0	0	2	2	2	0	
YRA1	115	0	0	0	0	0	0	0	0	0	0	2	2	0	0	2	0	0	0	3	0	2	0	0	0	0	2	2	2	0	
YRA1	116	0	0	0	0	0	0	3	2	0	0	2	0	2	2	5	0	0	2	0	0	2	0	5	7	0	0	0	0	0	
YRA1	117	0	0	0	0	0	0	3	2	0	0	2	0	2	2	5	0	0	2	0	0	2	0	5	7	0	0	0	0	0	
YRA1	118	0	0	0	0	0	0	3	2	0	0	2	0	2	2	5	0	0	2	0	0	2	0	5	7	0	0	0	0	0	
YRA1	119	0	0	0	0	0	0	3	2	0	0	2	0	2	2	5	0	0	2	0	0	2	0	5	7	0	0	0	0	0	
YRA1	120	0	0	0	0	0	0	3	2	0	0	2	0	2	2	5	0	0	2	0	0	2	0	5	7	0	0	0	0	0	
YRA1	121	0	0	0	0	0	0	3	2	0	0	2	0	2	2	5	0	0	2	0	0	2	0	5	7	0	0	0	0	0	
YRA1	122	0	0	0	0	0	0	3	2	0	0	2	0	2	2	5	0	0	2	0	0	2	0	5	7	0	0	0	0	0	
YRA1	123	0	0	0	0	0	0	3	2	0	0	2	0	2	2	5	0	0	2	0	0	2	0	5	7	0	0	0	0	0	
YRA1	124	0	0	0	0	0	0	3	2	0	0	2	0	2	2	5	0	0	2	0	0	2	0	5	7	0	0	0	0	0	
YRA1	125	0	0	0	0	0	0	3	2	0	0	2	0	2	2	5	0	0	2	0	0	2	0	5	7	0	0	0	0	0	
YRA1	126	0	0	0	0	0	0	3	2	0	0	2	0	2	2	5	0	0	2	0	0	2	0	5	7	0	0	0	0	0	
YRA1	127	0	0	0	0	0	0	3	2	0	0	2	0	2	2	5	0	0	2	0	0	2	0	5	7	0	0	0	0	0	
YRA1	128	0	0	0	0	0	0	3	2	0	0	0	0	2	2	2	0	0	2	0	0	0	0	0	0	0	0	0	0	0	
YRA1	129	0	0	0	0	0	0	3	2	0	0	0	0	2	2	2	0	0	2	0	0	0	0	0	0	0	0	0	0	0	
YRA1	130	0	0	0	0	0	0	3	2	0	0	0	0	2	2	2	0	0	2	0	0	0	0	0	0	0	0	0	0	0	
YRA1	131	0	0	0	0	0	0	3	2	0	0	0	0	2	2	2	0	0	2	0	0	0	0	0	0	0	0	0	0	0	
YRA1	132	0	0	0	0	0	0	3	2	0	0	0	0	2	2	2	0	0	2	0	0	0	0	0	0	0	0	0	0	0	
YRA1	133	0	0	0	0	0	0	3	2	0	0	0	0	2	2	2	0	0	2	0	0	0	0	0	0	0	0	0	0	0	
YRA1	134	0	0	0	0	0	0	0	0	0	0	0	0	0	0	0	0	0	0	0	0	0	0	0	0	0	0	0	0	0	
YRA1	135	0	0	0	0	0	0	0	0	0	0	2	0	0	2	0	0	0	0	0	0	0	0	0	0	0	0	0	0	0	
YRA1	136	0	0	0	0	0	0	0	0	0	0	2	0	0	2	0	0	0	0	0	0	0	0	0	0	0	0	0	0	0	
YRA1	137	0	0	0	0	0	0	0	0	0	0	2	0	0	2	0	0	0	0	0	0	0	0	0	0	0	0	0	0	0	
YRA1	138	0	0	0	0	0	0	0	0	0	0	2	0	0	2	0	0	0	0	0	0	0	0	0	0	0	0	0	0	0	
YRA1	139	0	0	0	0	0	0	0	2	0	3	6	3	3	5	4	0	0	2	2	2	2	0	0	0	0	0	0	0	0	
YRA1	140	0	0	0	0	0	0	0	2	0	3	6	3	3	5	4	0	0	2	2	2	2	0	0	0	0	0	0	0	0	
YRA1	141	0	0	0	0	0	0	0	2	0	3	6	3	3	5	4	0	0	2	2	2	2	0	0	0	0	0	0	0	0	
YRA1	142	0	0	0	0	0	0	0	2	0	3	6	3	3	5	4	0	0	2	2	2	2	0	0	0	0	0	0	0	0	
YRA1	143	0	0	0	0	0	0	0	2	0	3	6	3	3	5	4	0	0	2	2	2	2	0	0	0	0	0	0	0	0	
YRA1	144	0	0	0	0	0	0	0	2	0	3	6	3	3	5	4	0	0	2	2	2	2	0	0	0	0	0	0	0	0	
YRA1	145	0	0	0	0	0	0	0	2	0	3	6	3	3	5	4	0	0	2	2	2	2	0	0	0	0	0	0	0	0	
YRA1	146	0	0	0	0	0	0	0	2	0	3	6	3	3	5	4	0	0	2	2	2	2	0	0	0	0	0	0	0	0	
YRA1	147	0	0	0	0	0	0	0	2	0	3	6	3	3	5	4	0	0	2	2	2	2	0	0	0	0	0	0	0	0	
YRA1	148	0	0	0	0	0	0	0	2	0	3	6	3	3	5	4	0	0	2	2	2	2	0	0	0	0	0	0	0	0	
YRA1	149	0	0	0	0	0	0	0	0	0	0	0	0	0	0	2	0	0	0	0	0	0	0	0	0	0	0	0	0	0	
YRA1	150	0	0	0	0	0	0	0	0	0	0	0	0	0	0	2	0	0	0	0	0	0	0	0	0	0	0	0	0	0	
YRA1	151	0	0	0	0	0	0	0	0	0	0	0	0	0	0	2	0	0	0	0	0	4	0	0	0	0	0	0	0	0	
YRA1	152	0	0	0	0	0	0	0	0	0	0	0	0	0	0	2	0	0	0	0	0	4	0	0	0	0	0	0	0	0	
YRA1	153	0	0	0	0	0	0	0	0	0	0	0	0	2	0	4	0	0	0	4	0	8	0	0	4	2	2	2	2	0	
YRA1	154	0	0	0	0	0	0	0	0	0	0	0	0	2	0	4	0	0	0	4	0	8	0	0	4	2	2	2	2	0	
YRA1	155	0	0	0	0	0	0	0	0	0	0	0	0	2	0	4	0	0	0	4	0	8	0	0	4	2	2	2	2	0	
YRA1	156	0	0	0	0	0	0	0	0	0	0	0	0	2	0	4	0	0	0	4	0	8	0	0	4	2	2	2	2	0	
YRA1	157	0	0	0	0	0	0	0	0	0	0	0	0	2	0	4	0	0	0	4	0	8	0	0	4	2	2	2	2	0	
YRA1	158	0	0	0	0	0	0	0	0	0	0	0	0	2	0	4	0	0	0	4	0	8	0	0	4	2	2	2	2	0	
YRA1	159	0	0	0	0	0	0	0	0	0	0	0	0	2	0	4	0	0	0	4	0	8	0	0	4	2	2	2	2	0	
YRA1	160	0	0	0	0	0	0	0	0	0	0	0	0	2	0	4	0	0	0	4	0	8	0	0	4	2	2	2	2	0	
YRA1	161	0	0	0	0	0	0	0	0	0	0	0	0	2	0	4	0	0	0	4	0	8	0	0	4	2	2	2	2	0	
YRA1	162	0	0	0	0	0	0	0	0	0	0	0	0	2	0	4	0	0	0	4	0	8	0	0	4	2	2	2	2	0	
YRA1	163	0	0	0	0	0	0	0	0	0	0	0	0	2	0	4	0	0	0	4	0	8	0	0	4	2	2	2	2	0	
YRA1	164	0	0	0	0	0	0	0	0	0	0	0	0	2	0	4	0	0	0	4	0	8	0	0	4	2	2	2	2	0	
YRA1	165	0	0	0	0	0	0	0	0	0	0	0	0	2	0	4	0	0	0	4	0	8	0	0	4	2	2	2	2	0	
YRA1	166	0	0	0	0	0	0	0	0	0	0	0	0	0	0	0	0	0	0	0	0	0	0	0	0	0	0	0	0	0	
YRA1	167	0	0	0	0	0	0	0	0	0	0	0	0	0	0	0	0	0	0	0	0	0	0	0	0	0	0	0	0	0	
YRA1	168	0	0	0	0	0	0	0	0	0	0	0	0	0	0	0	0	0	0	0	0	0	0	0	0	0	0	0	0	0	
YRA1	169	0	0	0	0	0	0	0	0	0	0	0	0	0	0	0	0	0	0	0	0	0	0	0	0	0	0	0	0	0	
YRA1	170	0	0	0	0	0	0	0	0	0	0	0	0	0	0	0	0	0	0	0	0	0	0	0	0	0	0	0	0	0	
YRA1	171	0	0	0	0	0	0	0	0	0	0	0	0	0	0	0	0	0	0	0	0	0	0	0	0	0	0	0	0	0	
YRA1	172	0	0	0	0	0	0	0	0	0	0	0	0	0	0	0	0	0	0	0	0	0	0	0	0	0	0	0	0	0	
YRA1	173	0	0	0	0	0	0	0	0	0	0	0	0	2	0	2	0	0	0	0	0	0	0	0	0	0	0	0	0	0	
YRA1	174	0	0	0	0	0	0	0	0	0	0	0	0	2	0	2	0	0	0	0	0	0	0	0	0	0	0	0	0	0	
YRA1	175	0	0	0	0	0	0	0	0	0	0	0	0	2	0	2	0	0	0	0	0	0	0	0	0	0	0	0	0	0	
YRA1	176	0	0	0	0	0	0	0	0	0	0	0	0	2	0	2	0	0	0	0	0	0	0	0	0	0	0	0	0	0	
YRA1	177	0	0	0	0	0	0	0	0	0	0	0	0	2	0	2	0	0	0	0	0	0	0	0	0	0	0	0	0	0	
YRA1	178	0	0	0	0	0	0	0	0	0	0	0	0	2	0	2	0	0	0	0	0	0	0	0	0	0	0	0	0	0	
YRA1	179	0	0	0	0	0	0	0	0	0	0	0	0	2	0	2	0	0	0	0	0	0	0	0	0	0	0	0	0	0	
YRA1	180	0	0	0	0	0	0	0	0	0	0	0	0	2	0	2	0	0	0	0	0	0	0	0	0	0	0	0	0	0	
YRA1	181	0	0	0	0	0	0	0	0	0	0	0	0	2	0	2	0	0	0	0	0	0	0	0	0	0	0	0	0	0	
YRA1	182	0	0	0	0	0	0	0	0	0	0	0	0	2	0	2	0	0	0	0	0	0	0	0	0	0	0	0	0	0	
YRA1	183	0	0	0	0	0	0	0	0	0	0	0	0	2	0	2	0	0	0	0	0	0	0	0	0	0	0	0	0	0	
YRA1	184	0	0	0	0	0	0	0	0	0	0	0	0	2	0	2	0	0	0	0	0	0	0	0	0	0	0	0	0	0	
YRA1	185	0	0	0	0	0	0	0	0	0	0	0	0	2	0	2	0	0	0	0	0	0	0	0	0	0	0	0	0	0	
YRA1	186	0	0	0	0	0	0	0	0	0	0	0	0	2	0	2	0	0	0	0	0	0	0	0	0	0	0	0	0	0	
YRA1	187	0	0	0	0	0	0	0	0	0	0	0	0	2	0	2	0	0	0	0	0	0	0	0	0	0	0	0	0	0	
YRA1	188	0	0	0	0	0	0	0	0	0	0	0	0	0	0	0	0	0	0	0	0	0	0	0	0	0	0	0	0	0	
YRA1	189	0	0	0	0	0	0	0	0	0	0	0	0	0	0	0	0	0	0	0	0	0	0	0	0	0	0	0	0	0	
YRA1	190	0	0	0	0	0	0	0	0	0	0	0	0	0	0	0	0	0	0	0	0	0	0	0	0	0	0	0	0	0	
YRA1	191	0	0	0	0	0	0	0	0	0	0	0	0	0	0	0	0	0	0	0	0	0	0	0	0	0	0	0	0	0	
YRA1	192	0	0	0	0	0	0	0	0	0	0	0	0	0	0	0	0	0	0	0	0	0	0	0	0	0	0	0	0	0	
YRA1	193	0	0	0	0	0	0	0	0	0	0	0	0	0	0	0	0	0	0	0	0	0	0	0	0	0	0	0	0	0	
YRA1	194	0	0	0	0	0	0	0	0	0	0	0	0	0	0	0	0	0	0	0	0	0	0	0	0	0	0	0	0	0	
YRA1	195	0	0	0	0	0	0	0	0	0	0	0	0	0	0	0	0	0	0	0	0	0	0	0	0	0	0	0	0	0	
YRA1	196	0	0	0	0	0	0	0	0	0	0	0	0	0	0	0	0	0	0	0	0	0	0	0	0	0	0	0	0	0	
YRA1	197	0	0	0	0	0	0	0	0	0	0	0	0	0	0	0	0	0	0	0	0	0	0	0	0	0	0	0	0	0	
YRA1	198	0	0	0	0	0	0	0	0	0	0	0	0	0	0	0	0	0	0	0	0	0	0	0	0	0	0	0	0	0	
YRA1	199	0	0	0	0	0	0	0	0	0	0	0	0	0	0	0	0	0	0	0	0	0	0	0	0	0	0	0	0	0	
YRA1	200	0	0	0	0	0	0	0	0	0	0	0	0	0	0	0	0	0	0	0	0	0	0	0	0	0	0	0	0	0	
YRA1	201	0	0	0	0	0	0	0	0	0	0	0	0	0	0	0	0	0	0	0	0	0	0	0	0	0	0	0	0	0	
YRA1	202	0	0	0	0	0	0	0	0	0	0	0	0	0	0	0	0	0	0	0	0	0	0	0	0	0	0	0	0	0	
YRA1	203	0	0	0	0	0	0	0	0	0	0	0	0	0	0	0	0	0	0	0	0	0	0	0	0	0	0	0	0	0	
YRA1	204	0	0	0	0	0	0	0	0	0	0	0	0	0	0	0	0	0	0	0	0	0	0	0	0	0	0	0	0	0	
YRA1	205	0	0	0	0	0	0	0	0	0	0	0	0	0	0	0	0	0	0	0	0	0	0	0	0	0	0	0	0	0	
YRA1	206	0	0	0	0	0	0	0	0	0	0	0	0	0	0	0	0	0	0	0	0	0	0	0	0	0	0	0	0	0	
YRA1	207	0	0	0	0	0	0	0	0	0	0	0	0	0	0	0	0	0	0	0	0	0	0	0	0	0	0	0	0	0	
YRA1	208	0	0	0	0	0	0	0	0	0	0	0	0	0	0	0	0	0	0	0	0	0	0	0	0	0	0	0	0	0	
YRA1	209	0	0	0	0	0	0	0	0	0	0	0	0	0	0	0	0	0	0	0	0	0	0	0	0	0	0	0	0	0	
YRA1	210	0	0	0	0	0	0	0	0	0	0	0	0	0	0	0	0	0	0	0	0	0	0	0	0	0	0	0	0	0	
YRA1	211	0	0	0	0	0	0	6	2	0	0	0	0	14	17	25	6	10	6	14	4	5	2	0	0	3	3	0	0	0	
YRA1	212	0	0	0	0	0	0	6	2	0	0	0	0	14	17	25	6	10	6	14	4	5	2	0	0	3	3	0	0	0	
YRA1	213	0	0	0	0	0	0	6	2	0	0	0	0	14	17	25	6	10	6	14	4	5	2	0	0	3	3	0	0	0	
YRA1	214	0	0	0	0	0	0	6	2	0	0	0	0	14	17	25	6	10	6	14	4	5	2	0	0	3	3	0	0	0	
YRA1	215	0	0	0	0	0	0	6	2	0	0	0	0	14	17	25	6	10	6	14	4	5	2	0	0	3	3	0	0	0	
YRA1	216	0	0	0	0	0	0	6	2	0	0	0	0	14	17	25	6	10	6	14	4	5	2	0	0	3	3	0	0	0	
YRA1	217	0	0	0	0	0	0	6	2	0	0	0	0	14	17	25	6	10	6	14	4	5	2	0	0	3	3	0	0	0	
YRA1	218	0	0	0	0	0	0	6	2	0	0	0	0	11	17	25	6	10	6	14	4	5	2	0	0	3	3	0	0	0	
YRA1	219	0	0	0	0	0	0	6	2	0	0	0	0	11	17	25	6	10	6	14	4	5	2	0	0	3	3	0	0	0	
YRA1	220	0	0	0	0	0	0	6	2	0	0	0	0	11	17	25	6	10	6	14	4	5	2	0	0	3	3	0	0	0	
YRA1	221	0	0	0	0	0	0	6	2	0	0	0	0	11	17	25	6	10	6	14	4	5	2	0	0	3	3	0	0	0	
YRA1	222	0	0	0	0	0	0	6	2	0	0	0	0	11	17	25	6	10	6	14	4	5	2	0	0	3	3	0	0	0	
YRA1	223	0	0	0	0	0	0	6	2	0	0	0	0	11	17	25	6	10	6	14	4	5	2	0	0	3	3	0	0	0	
YRA1	224	0	0	0	0	0	0	6	2	0	0	0	0	11	17	25	6	10	6	14	4	5	2	0	0	3	3	0	0	0	
YRA1	225	0	0	0	0	0	0	6	2	0	0	0	0	11	17	25	6	10	6	14	4	5	2	0	0	3	3	0	0	0	
YRA1	226	0	0	0	0	0	0	6	2	0	0	0	0	11	17	22	6	10	6	12	4	3	2	0	0	0	0	0	0	0	
